0.3937852
0.34680265
0.32476255
0.39306694
0.34964222
0.5061405
0.5494227
0.5312044
1.9775198
0.8644867
0.3797181
0.40541998
0.40016362
0.40274668
0.3498144
0.35053337
0.31623754
0.28611147
0.2434622
0.21447551
0.24435756
0.2942232
0.36042073
0.46030608
0.40121654
0.50300485
0.43088928
0.37372422
0.46428806
0.41546664
0.35441414
0.4173276
0.7049397
0.80083907
0.5265399
0.4142317
0.38679194
0.39934117
0.35140625
0.35394418
0.31882635
0.2916663
0.24080724
0.21333688
0.23659697
0.25641656
0.35120007
0.4306516
0.44189942
0.6797835
0.43541995
0.48286188
0.73121506
0.59530026
0.49855065
0.55962
0.5237787
0.4053307
0.30297402
0.39878163
0.38362366
0.3679606
0.35340092
0.34620938
0.32642788
0.29916334
0.22069818
0.26481968
0.30967075
0.31192568
0.36545977
0.5982308
1.2684166
0.5215184
0.53639746
0.49118522
0.41459534
0.42351013
0.42533758
0.50985634
1.1858346
0.48016095
0.36182344
0.41525385
0.35944146
0.39058647
0.29526818
0.34397763
0.31574467
0.24065304
0.1636563
0.26731724
0.30261225
0.34669745
0.40336585
0.6599625
0.5291484
1.9308027
0.91273284
0.48305556
0.48221856
0.33115727
0.5650525
0.6508553
0.8977627
0.49758622
0.3250984
0.3798627
0.3485632
0.39981136
0.30020943
0.33857977
0.31154618
0.2516804
0.15206575
0.24683309
0.29622564
0.3729497
0.40073907
0.6979064
0.48788005
0.7833416
0.5924154
0.7000867
0.41975775
0.3800598
0.46701887
0.39237714
0.8589558
0.5063262
0.34724274
0.33946708
0.33251452
0.39936066
0.30712482
0.33949345
0.30569762
0.24601299
0.14977327
0.23873994
0.2917967
0.3275807
0.37730384
0.48486984
0.3769718
0.3474594
0.34663987
0.39451268
0.4251482
0.38473415
0.3515694
0.42443714
0.4531815
0.38988763
0.262242
0.09156406
0.21996248
0.30133447
0.25471267
0.25751296
0.22327536
0.20719752
0.09312481
0.09846833
0.15238237
0.21819997
0.3599116
0.42160186
0.31452665
0.27822226
0.26359424
0.3957459
0.36954564
0.40703663
0.50907254
0.5663325
0.6679305
0.5267486
0.3117003
0.19945654
0.22096828
0.2813355
0.26048267
0.25928596
0.21670246
0.21264145
0.15737116
0.15597653
0.16436467
0.22491327
0.33074284
0.3506877
0.32640526
0.40248924
0.45251334
0.4714005
0.35856798
0.36443084
0.39433783
0.46798265
0.6851584
0.39410636
0.27150097
0.23711789
0.20353311
0.26460928
0.27422297
0.27778667
0.24414468
0.23419201
0.18506181
0.1985963
0.23562124
0.26033944
0.33344355
0.40688702
0.37798357
0.35062358
0.35331193
0.415678
0.4016966
0.46919537
0.39308643
0.41525683
0.6565748
0.48539186
0.35791597
0.31125042
0.22484899
0.2167511
0.27412096
0.25866607
0.24566835
0.20761871
0.11877367
0.2530434
0.25191045
0.27341443
0.3252792
0.42504576
0.37248096
0.55829304
0.3597307
0.3389033
0.3670094
0.27193975
0.28227267
0.44197956
0.41787186
0.490352
0.31355843
0.19544971
0.1349347
0.27444038
0.18097761
0.24924573
0.1956234
0.051098917
0.16375148
0.22879863
0.24754655
0.30876136
0.33554435
0.50562316
0.62565655
0.4043313
0.39722058
0.31061897
0.30281523
0.29701075
0.32122576
0.31891564
0.6403549
0.33444956
0.2817366
0.18862858
0.1585381
0.29747483
0.21512854
0.2585439
0.22888884
0.1809367
0.056269053
0.19089371
0.24063551
0.31250238
0.34762806
0.52512646
0.41677424
0.40077356
0.33386487
0.38970196
0.33639494
0.32437882
0.37265787
0.4074624
0.50213915
0.44414368
0.31571552
0.1616658
0.1671212
0.29279932
0.22875893
0.2531823
0.20418951
0.118395776
0.09895554
0.17888728
0.25728628
0.32339483
0.34481075
0.4352457
0.41758525
0.45249575
0.41910306
0.37855342
0.50089985
0.32388115
0.34068948
0.58411884
0.53658223
0.30769026
0.23248163
0.17270756
0.20034996
0.2152006
0.18233421
0.22510034
0.17506823
0.17589569
0.120206565
0.1545172
0.20462304
0.2701573
0.38778043
0.48554787
0.3741238
0.38621676
0.38920444
0.38548985
0.36555037
0.37050268
0.4758212
0.6724955
0.4599584
0.32697672
0.23420146
0.18919393
0.10282403
0.086960286
0.13121954
0.22482121
0.17534176
0.18263748
0.11229175
0.10500938
0.17713255
0.290198
0.45830232
0.5842271
0.44856858
0.4911149
0.4034008
0.47802517
0.5099848
0.49424493
0.5598334
0.774266
0.7180004
0.33395013
0.24469593
0.23260415
0.13183913
0.15885958
0.22745976
0.22013342
0.19588593
0.20845458
0.14593714
0.16450652
0.20140287
0.278069
0.40966573
0.41070548
0.36430508
0.35121912
0.41044295
0.40196118
0.40077704
0.38593015
0.5359643
0.5727976
0.6745345
0.6333858
0.37883633
0.2121472
0.2417444
0.08033708
0.2222229
0.20217934
0.1793302
0.13062432
0.121944994
0.24206671
0.2329545
0.30044216
0.3450656
0.40144932
0.33806518
0.32286263
0.3636108
0.31968766
0.40987346
0.45965594
0.4473326
0.3292872
0.2534244
0.36129612
0.2960573
0.19871038
0.11512011
0.1962493
0.13510862
0.2007851
0.11575833
0.057939593
0.12446147
0.16805744
0.2036013
0.35444096
0.45201516
0.5222698
0.45933184
0.4596575
0.40807924
0.4739331
0.31995836
0.3688509
0.32378992
0.43631342
0.38355598
0.4446897
0.26377693
0.23059312
0.20156506
0.22165084
0.14845085
0.22023904
0.15349317
0.071407676
0.13098288
0.17071363
0.21880233
0.33113682
0.37015048
0.5570331
0.45851585
0.37892547
0.54843897
0.41901684
0.3081608
0.39015737
0.37901488
0.48511317
0.6085826
0.41680187
0.3100491
0.2558848
0.18725091
0.13382325
0.19686586
0.24048477
0.20182773
0.15940982
0.093266726
0.10710299
0.17699897
0.40433615
0.43258977
0.3484758
0.46714407
0.38735932
0.40046433
0.49133164
0.4020086
0.37025017
0.32054138
0.6591747
0.63212377
0.3049058
0.27043527
0.20945925
0.13813633
0.20216489
0.18028474
0.19728419
0.15024078
0.16904637
0.10528916
0.13633922
0.17294446
0.2555663
0.33306104
0.36418343
0.43540838
0.44149154
0.3726202
0.2751365
0.31724638
0.40786263
0.47003204
0.83703685
0.6056821
0.48166907
0.3032823
0.21635175
0.15889537
0.22303972
0.21454859
0.2035518
0.15504026
0.1749546
0.15725726
0.15111426
0.17333093
0.29668322
0.43770137
0.41458488
0.39356303
0.38738337
0.5043512
0.39554125
0.40388322
0.38668746
0.4033009
0.55352896
0.5690659
0.3363414
0.26391414
0.23334631
0.1958991
0.13174805
0.22473943
0.23038656
0.20039037
0.19576561
0.13663104
0.16990247
0.22551164
0.34883898
0.4906674
0.39913142
0.30186325
0.30329627
0.2982972
0.37451437
0.35457227
0.32375044
0.328347
0.68245864
0.7310133
0.31961432
0.3023529
0.2599448
0.115315616
0.041845445
0.17199665
0.18945256
0.1555348
0.09436837
0.17269179
0.10218015
0.17421177
0.37473258
0.375344
0.3312389
0.38655752
0.25336245
0.21996212
0.38854748
0.31865504
0.4450477
0.46861887
0.6976221
0.34217125
0.27317718
0.26479167
0.17110863
0.09373465
0.1894863
0.12015036
0.1770829
0.09631714
0.13450798
0.13317183
0.12330109
0.19626248
0.36513618
0.46149197
0.45643002
0.66309863
0.48556134
0.29715043
0.3308695
0.4083609
0.36199132
0.56848615
0.66780204
0.19285211
0.19095892
0.3576591
0.23760429
0.19344601
0.19803989
0.1349715
0.199377
0.1682919
0.09380925
0.14853927
0.16167378
0.19445649
0.38426092
0.5748049
0.4481426
0.45963255
0.37220666
0.3516376
0.3227639
0.36716864
0.3621331
0.81660694
0.7437193
0.4021015
0.27268004
0.21792269
0.14965528
0.146453
0.17359653
0.15722585
0.19182158
0.16098809
0.12606308
0.16424274
0.192476
0.23013943
0.3283869
0.37028587
0.41952845
0.54106086
0.40247223
0.3407398
0.28966936
0.38086784
0.5200137
0.44067615
0.7551033
0.63822603
0.24373367
0.24584198
0.24306923
0.17410198
0.17790896
0.1518648
0.18062681
0.15027007
0.1623218
0.14678931
0.15103203
0.15864599
0.31301945
0.4431701
0.35485443
0.37686783
0.33027884
0.37869507
0.308525
0.3075292
0.4299793
0.39436576
1.4100285
0.718816
0.28298336
0.22575498
0.18648031
0.13340303
0.123951584
0.16063368
0.17631564
0.15861699
0.17123044
0.13648608
0.12380472
0.16147238
0.36898574
0.4307113
0.30465025
0.43916187
0.48615286
0.4684361
0.45694536
0.33006188
0.379838
0.39301452
0.8221879
0.5771163
0.36701444
0.25342193
0.24438608
0.14346883
0.17256391
0.16666767
0.21256846
0.19019473
0.1275681
0.12480828
0.1408113
0.20400265
0.34752896
0.37924466
0.40315595
0.45085204
0.36891058
0.41142896
0.4035354
0.3963679
0.433229
0.3802103
0.60100746
0.6391608
0.3085546
0.2840793
0.29632908
0.10348418
0.12007475
0.16559687
0.17733562
0.14737946
0.09999898
0.18220612
0.13028666
0.18884939
0.38177252
0.6511354
0.35376364
0.42322013
0.22912848
0.34505183
0.49187467
0.36415458
0.45051432
0.40515307
1.0227554
0.40755787
0.20826375
0.22871065
0.18460211
0.14070785
0.19688046
0.107580245
0.16686276
0.085962415
0.12612844
0.11961198
0.12215534
0.25657973
0.39254442
0.5365842
0.6686392
0.44576973
0.5293766
0.3884533
0.3023233
0.21749184
0.45398998
0.41333616
0.7714858
0.49242273
0.20741513
0.2856134
0.17794204
0.10071805
0.15062088
0.14093512
0.16636771
0.13817835
0.19689086
0.1792902
0.14616159
0.22399813
0.38603413
0.48122302
0.57812697
0.44302714
0.38346553
0.44810343
0.35385403
0.32242233
0.30109388
0.3643985
0.70872164
0.23034891
0.31603825
0.2723247
0.20224783
0.15293479
0.14007115
0.16636848
0.17337137
0.16062087
0.154122
0.18732005
0.19184062
0.28763387
0.4330715
0.4791486
0.47118288
0.5972847
0.44369277
0.53818274
0.37730473
0.51636213
0.35012817
0.55900395
0.417069
0.4300595
0.30726472
0.24090531
0.1947422
0.19111148
0.177813
0.13672835
0.15547562
0.14426115
0.13090378
0.1568752
0.15855947
0.21286649
0.33352497
0.45125058
0.33569106
0.3439891
0.43226573
0.36007705
0.3105318
0.41656506
0.45664778
0.59208566
0.7636616
0.29827356
0.24134582
0.22104937
0.19536981
0.108211815
0.15018502
0.17869279
0.18402055
0.17471388
0.19368428
0.15387216
0.15287226
0.18541342
0.32111174
0.34688953
0.3161377
0.4716054
0.38582802
0.47403228
0.44005862
0.36170718
0.36447623
0.28714156
0.67349803
0.3836742
0.27363357
0.26196992
0.21200645
0.13820365
0.15139663
0.14669976
0.20613354
0.17132822
0.10733238
0.13641512
0.16346341
0.21055081
0.36131608
0.447128
0.36035427
0.44065058
0.36816347
0.5248775
0.49859595
0.49190497
0.47001576
0.44412506
0.4818504
0.250892
0.24179646
0.2898864
0.23067325
0.132918
0.13849905
0.18044114
0.19035614
0.14991987
0.13794062
0.16387334
0.18673295
0.27892095
0.43533933
0.57168025
0.68743795
0.4996786
0.4242697
0.32218647
0.66123235
0.35610968
0.29815173
0.9473671
1.0630106
0.67073506
0.28550678
0.23018458
0.14835146
0.15890801
0.16600975
0.14931262
0.16570166
0.09987953
0.1079756
0.14228436
0.12880987
0.23308182
0.40887666
0.5400501
0.7374273
0.50268596
0.5336747
0.3707857
0.2704968
0.30792233
0.4427838
0.77720964
0.6131755
0.3333006
0.24237055
0.24092829
0.18586114
0.1122663
0.14493921
0.1489504
0.1641534
0.1494579
0.13725296
0.14811903
0.1794045
0.21304467
0.53895694
0.48071757
0.64764416
0.5180279
0.36013114
0.4011277
0.27742308
0.41015694
0.29038748
0.56779915
0.42278206
0.42902693
0.2897434
0.245062
0.16673085
0.13846788
0.17281583
0.13993737
0.16544181
0.15916422
0.109558254
0.13114569
0.15480259
0.24187157
0.45500362
0.4381645
0.39682043
0.3123494
0.37581894
0.3595959
0.31102887
0.38769943
0.3415971
0.6258354
0.7624473
0.24274054
0.3135262
0.21624145
0.19707102
0.1386396
0.12872016
0.17064187
0.15465355
0.1547988
0.11575532
0.11505416
0.1575259
0.1778281
0.28877705
0.41646773
0.5025264
0.4017878
0.36471012
0.39555028
0.30887368
0.34134227
0.31820974
0.48199412
0.7846052
0.48829177
0.27345753
0.20901138
0.19047412
0.13452885
0.17128181
0.12253034
0.14932519
0.10525027
0.08170301
0.12165469
0.15358624
0.20341483
0.3191456
0.4479106
0.3976398
0.5452736
0.36654404
0.25629872
0.25172848
0.38837326
0.33495244
0.494506
0.49251986
0.34754148
0.28031355
0.2130521
0.20487198
0.17301199
0.17183736
0.20060551
0.21451369
0.22056448
0.14829367
0.10124603
0.12516686
0.19644335
0.32793447
0.3216492
0.33881724
0.4510529
0.49513325
0.31290823
0.32147536
0.34000435
0.41113865
0.3634215
0
0.1144737
0.19709021
0.27039558
0.21914187
0.10188162
0.13743052
0.13332066
0.17919934
0.13297436
0.10515168
0.111783236
0.17761442
0.2554153
0.38807356
0.4548604
0.4765004
0.4947319
0.27728218
0.356604
0.26713336
0.2846482
0.46051773
0.46847174
0.8179935
0.2855169
0.257343
0.25053602
0.11937395
0.13692906
0.13836777
0.13565013
0.14321995
0.08091879
0.14048615
0.12176782
0.15795428
0.24039906
0.364037
0.4129975
0.78895205
0.5268803
0.55584556
0.33322644
0.2506698
0.23019281
0.28576505
0.7117525
0.4318711
0.3561374
0.32455724
0.2634805
0.1682488
0.13567251
0.1508829
0.15206066
0.15377024
0.14847985
0.16340119
0.14677668
0.16579819
0.22901696
0.53139716
0.41772428
0.42705923
0.43999055
0.46311438
0.40023685
0.38416612
0.3283268
0.27091366
0.71077186
0.6125369
0.40427968
0.27301723
0.22950894
0.14792722
0.12242174
0.17852566
0.113028824
0.15838578
0.15996411
0.103254944
0.14379337
0.17938611
0.2304517
0.35355818
0.45022175
0.41559976
0.505966
0.34738386
0.4191826
0.35731107
0.46920887
0.29088914
0.6898878
0.46371472
0.31667405
0.339023
0.19691971
0.23775616
0.16488597
0.14550084
0.17066857
0.15967134
0.16435987
0.12838992
0.1458672
0.17650604
0.23482579
0.40849262
0.40994287
0.37258524
0.3361044
0.6097628
0.29073057
0.30183125
0.43127888
0.3500653
0.3193358
0.91378105
0.36322394
0.25839734
0.2338964
0.19201002
0.13924566
0.16212884
0.15049395
0.18039787
0.123344004
0.10326752
0.13821572
0.15356404
0.23396212
0.330878
0.33751917
0.48007196
0.5587164
0.34940752
0.3228251
0.26849294
0.3405969
0.30330613
0.26239023
0.4421794
0.4489987
0.28108132
0.24154854
0.20494986
0.19403523
0.13500771
0.16036633
0.19423285
0.19479564
0.16825977
0.11290938
0.14333299
0.23772642
0.36143947
0.3919833
0.36108395
0.49477634
0.40022388
0.36032113
0.44008327
0.39944327
0.3681409
0.5453161
0.55476326
0.781145
0.25025576
0.27754995
0.21389374
0.10860878
0.15101552
0.15239945
0.1694349
0.14346692
0.12963524
0.17393026
0.1833942
0.2128374
0.3431847
0.3984792
0.3952505
0.29345658
0.34149125
0.34746173
0.466502
0.19762132
0.28864184
0.6937557
0.43365526
0.36912453
0.2940641
0.22140497
0.13437304
0.14040276
0.15620738
0.15638486
0.15579218
0.11671731
0.12786478
0.09033489
0.1648893
0.3370612
0.50363135
0.18191335
0.78913283
0.5644381
0.32549804
0.33670777
0.3071889
0.24750721
0.45826378
0.64741045
0.4038108
0.5918614
0.2756682
0.24464372
0.18821853
0.106269956
0.17172575
0.17683735
0.16034213
0.1638518
0.16640398
0.1802803
0.19708005
0.25052136
0.5008022
0.5109564
0.5642925
0.4826058
0.44090024
0.42181596
0.33957002
0.35278
0.32048228
0.91512954
0.6120026
0.4901567
0.32872018
0.24858522
0.15450776
0.14786312
0.15592849
0.15879887
0.16466466
0.15633813
0.13273653
0.15496138
0.16388053
0.27613926
0.4318726
0.40768343
0.54015744
0.37731695
0.40715066
0.3639185
0.3430345
0.26314056
0.2642704
0.78352857
0.67588985
0.29735377
0.22067362
0.19901478
0.19718212
0.18744197
0.17498347
0.1110141
0.12856153
0.18861216
0.16769317
0.09989908
0.13686791
0.20813558
0.3294423
0.40889242
0.37884286
0.3467585
0.40131745
0.30688933
0.22121957
0.4283739
0.27438706
0.51293737
0.47565934
0.060274724
0.24819028
0.16397038
0.16347477
0.14924625
0.11313701
0.16787428
0.1526247
0.15859443
0.14401722
0.12284821
0.15692711
0.25124717
0.43679437
0.39947
0.67330164
0.7739541
0.49205396
0.46272126
0.38406098
0.4963666
0.4075935
0.45998785
0.49869725
0.25619984
0.25057334
0.22709835
0.19350687
0.23166305
0.114604264
0.1662662
0.19448492
0.1882506
0.13753462
0.11331412
0.14972088
0.24196747
0.3403791
0.45090538
0.40395832
0.48912576
0.50183344
0.3805867
0.50232524
0.38694462
0.45834747
0.553837
0.51656705
0.15619552
0.22963414
0.24748272
0.1887047
0.13204604
0.13606155
0.13225275
0.17488858
0.14831838
0.13714689
0.13549599
0.19799328
0.25648433
0.5261158
0.3979936
0.45801434
0.2881667
0.3746327
0.32456532
0.31931666
0.20872295
0.17582232
0.45647997
0.8196919
0.3453367
0.22855061
0.21468541
0.1939623
0.1628026
0.1512425
0.14787117
0.1466642
0.14925301
0.13930646
0.12563807
0.19675243
0.35752642
0.39613938
0.20360467
0.6192036
0.72989416
0.33982116
0.2855872
0.21193948
0.44271997
0.6366078
0.7785991
0.29274842
0.31596613
0.2788117
0.23806828
0.18830606
0.113802105
0.151373
0.1703515
0.15637067
0.16161561
0.11458406
0.18210855
0.24385518
0.33032355
0.48381203
0.78768295
0.72410977
0.61748177
0.45412797
0.39562216
0.33633995
0.2931334
0.3057419
0.3609791
0.56380844
0.32141492
0.28379038
0.22776279
0.18731865
0.14462963
0.15085381
0.15350276
0.16554868
0.16498324
0.12855688
0.1400868
0.16138509
0.2871191
0.4205831
0.5053703
0.46948117
0.41535583
0.4894903
0.40880272
0.38806725
0.30471075
0.41736186
1.0428466
0.8557103
0.2828415
0.24770862
0.20698318
0.22945449
0.1172705
0.17136216
0.16602561
0.16749948
0.14355823
0.14673015
0.15071228
0.1750204
0.2606219
0.36708182
0.3775752
0.3842441
0.40895635
0.325349
0.34437582
0.3394153
0.3975069
0.4869626
0.6273339
0.4026731
0.28892365
0.29800537
0.2053136
0.1492511
0.12275776
0.14842308
0.1736536
0.13509539
0.16000456
0.16481653
0.17155686
0.12806103
0.25073686
0.38604924
0.29830143
0.38903794
0.5043826
0.5254893
0.46905372
0.40128154
0.2699727
0.30486292
0.58413965
0.4252193
0.24028638
0.31343403
0.23215076
0.1937156
0.16559839
0.1391904
0.16506097
0.173533
0.17399126
0.16409057
0.11747661
0.15796873
0.2531567
0.35488948
0.39970848
0.3465359
0.42924955
0.41517386
0.3668501
0.44285083
0.39858454
0.30477718
0.70212424
0.91327834
0.33699808
0.32320666
0.22127548
0.19762161
0.11041543
0.17403865
0.18170345
0.15677732
0.1533972
0.13715446
0.12712675
0.15109208
0.18196604
0.33938202
0.2743417
0.4315058
0.43553382
0.45058453
0.3657242
0.38381496
0.38147116
0.44760278
0.3204143
0.62379193
0.2566724
0.2782448
0.24076644
0.15513447
0.16257584
0.14732641
0.14869899
0.1547668
0.12860087
0.12390542
0.12829068
0.16551393
0.33403078
0.40725404
0.39166832
0.79750776
0.40728697
0.3255557
0.29918638
0.26648316
0.29350397
0.41119283
0.8334399
0.61938995
0.3136842
0.27692208
0.2348625
0.18425968
0.14092502
0.16078001
0.16050985
0.15651348
0.16024935
0.14154214
0.12400401
0.15241939
0.24392068
0.45209643
0.42508602
0.44799536
0.39187017
0.4717209
0.3693668
0.38381058
0.28559682
0.35038155
0.4173101
0.7943564
0.44330606
0.27769217
0.20732796
0.14323798
0.14911872
0.15142143
0.16123152
0.1509482
0.1561448
0.12696275
0.13872162
0.15265995
0.28095254
0.44656077
0.36616662
0.44774273
0.47118312
0.45950523
0.34216815
0.42092672
0.2749884
0.39957
0.92791474
0.36470988
0.29199085
0.23740137
0.19926003
0.20376977
0.15800443
0.17468792
0.123301595
0.14317253
0.13022166
0.18507433
0.14128426
0.15142798
0.23582774
0.34999803
0.3848574
0.46713403
0.33877456
0.35225794
0.2948438
0.33829305
0.45792288
0.4684987
0.741954
1.0226802
0.15598834
0.24994305
0.22475687
0.20989212
0.14851165
0.14873672
0.17942995
0.15186137
0.15433043
0.1465193
0.15853947
0.15202606
0.28468218
0.40931135
0.41467503
0.46652934
0.47733417
0.22649902
0.38868365
0.45868307
0.39075333
0.31167218
0.39429384
0.52037257
0.30289078
0.27139956
0.23975635
0.2000291
0.17904222
0.15755215
0.16791683
0.16693646
0.1675567
0.14819151
0.11664939
0.14212704
0.26738077
0.3765409
0.4035721
0.32103583
0.50224525
0.52718866
0.39375955
0.32654035
0.37225646
0.2825005
0.7153203
0.44502696
0.2868299
0.25609878
0.22370914
0.19549754
0.12340361
0.15645894
0.088187784
0.163493
0.14671364
0.11641237
0.13366875
0.14316425
0.23274672
0.42733443
0.32034385
0.4659992
0.4216612
0.35321704
0.41029775
0.32271555
0.33362487
0.23438463
0.86382294
0.63106126
0.20125425
0.249118
0.24778247
0.14496216
0.13035625
0.15432584
0.16717726
0.15174687
0.13559908
0.15277135
0.13938904
0.1535511
0.31913882
0.67449164
0.43271023
0.85382056
0.6472486
0.46717843
0.37872866
0.3305885
0.25455955
0.28214535
0.24892446
0.66603094
0.33900365
0.25723648
0.2032327
0.16052184
0.1746895
0.1524691
0.13989079
0.14840999
0.15746665
0.15118346
0.13692093
0.23123315
0.3642161
0.3980447
0.69175214
0.39494514
0.51563156
0.48218447
0.36581546
0.45465958
0.33156157
0.3206351
0.8841202
0.6812686
0.303701
0.2016953
0.19346464
0.17300415
0.14604998
0.15775877
0.12743655
0.15355292
0.14488715
0.09680274
0.12943763
0.2340717
0.2501784
0.41185778
0.46660706
0.41903174
0.43112534
0.49837995
0.30869934
0.34025228
0.35051408
0.28176036
1.2968655
0.15283212
0.18537948
0.29483253
0.2542232
0.23594335
0.17537898
0.1519852
0.16559237
0.15022188
0.15693
0.121750236
0.12550908
0.15187526
0.289258
0.4062376
0.35683006
0.275238
0.3211329
0.23913872
0.29996186
0.3381772
0.36824962
0.2553351
0.4307357
0.8700636
0.27849054
0.23510003
0.21895602
0.21960151
0.13072944
0.1479752
0.11952481
0.15966502
0.16330901
0.13219574
0.1474947
0.17985877
0.2643266
0.39430767
0.36622098
0.32275182
0.3995193
0.33621076
0.33791932
0.33810815
0.27715853
0.22383222
0.38593403
0.6325816
0.27210107
0.25198272
0.22559276
0.1792301
0.19879836
0.14818743
0.15090224
0.15822044
0.16753489
0.14527509
0.12988096
0.14150164
0.24692726
0.3751087
0.37413958
0.26717582
0.39478657
0.444727
0.36914527
0.250806
0.30182514
0.3165591
0.624344
0.44456232
0.1540266
0.2841015
0.16193473
0.21936491
0.13290188
0.1613493
0.13443804
0.13898742
0.1449326
0.12533793
0.12692448
0.16008708
0.2733862
0.3927984
0.42785928
0.6706133
0.44353905
0.4132963
0.3948201
0.28896582
0.3124045
0.307227
0.6759935
0.5520771
0.27307287
0.2500542
0.33670434
0.2910842
0.19009069
0.15098396
0.16544491
0.16251338
0.16232121
0.12080863
0.1696384
0.17922702
0.39449686
0.53929055
0.44006747
0.6637871
0.386901
0.3235262
0.37441784
0.31351626
0.33368018
0.2196553
0.2764446
0.6958157
0.30763936
0.4123745
0.21152094
0.17834112
0.1387555
0.17200094
0.26539478
0.12362397
0.17555782
0.14434367
0.1286993
0.22311768
0.37677187
0.51574075
0.320092
0.5030777
0.382642
0.426354
0.29389033
0.38587874
0.3642976
0.2927682
0.2528515
0.2595359
0.25546706
0.2241756
0.23482522
0.19211304
0.18191987
0.17846987
0.16725942
0.1399267
0.1761809
0.12766972
0.17184165
0.31233174
0.3300722
0.4855441
0.33455375
0.5445895
0.24704722
0.40412626
0.20413736
0.39488292
0.2984338
0.30273178
0.84559274
0.72843206
0.34019768
0.2464943
0.21151832
0.19888145
0.15687183
0.15309328
0.15654212
0.1466698
0.16342932
0.14657149
0.12993929
0.16255549
0.24789089
0.39642558
0.4076194
0.2607503
0.3184351
0.25546813
0.13332945
0.2930669
0.24696594
0.31105185
0.6265852
1.1095507
0.29166424
0.24649712
0.20632061
0.21298417
0.1614945
0.16876644
0.12884441
0.17278603
0.12597802
0.1440107
0.12636378
0.16226348
0.19350332
0.3403663
0.36650723
0.26524898
0.27201465
0.36383796
0.33977252
0.2736014
0.29282236
0.4635541
0.3359888
0.25547948
0.3857748
0.26273194
0.2697003
0.21791875
0.15188026
0.15119517
0.16382936
0.15186995
0.15335938
0.14782667
0.12850729
0.15734014
0.2475723
0.2991795
0.33139572
0.28712898
0.4314142
0.37944436
0.30229366
0.30735022
0.31727815
0.48615867
0.42764452
0.615974
0.29725882
0.26899928
0.22021195
0.21754658
0.14876094
0.15094668
0.11750695
0.13444081
0.13712987
0.12652281
0.14730304
0.15662596
0.27498588
0.33159176
0.40257698
0.37437764
0.37378982
0.39848304
0.31650037
0.3280129
0.4363353
0.28896114
0.8682931
0.34942636
0.23466039
0.26252612
0.22660744
0.15658954
0.17758709
0.129879
0.1635972
0.164448
0.17630407
0.14891791
0.1798501
0.31718263
0.41154718
0.6415441
0.5969889
0.7090381
0.2800691
0.302094
0.24744076
0.41648102
0.40813026
0.24989536
0.6723247
0.27281183
0.2567106
0.31427965
0.32058194
0.2525826
0.19052276
0.122128576
0.17174211
0.1630229
0.1682981
0.13453555
0.16634682
0.21379411
0.2756917
0.544129
0.48995394
0.65675396
0.50393635
0.43798354
0.28217247
0.37193334
0.3715188
0.34922272
0.25411212
0.3300674
0.62243134
0.4203937
0.35194123
0.298216
0.2241942
0.13502216
0.18009049
0.15624163
0.16913652
0.13424656
0.16748852
0.2644307
0.22287613
0.38478526
0.55577374
0.37957856
0.45548856
0.4519258
0.3624977
0.29702246
0.29502243
0.3639115
0.96795386
0.8884747
0.70090854
0.3958882
0.302594
0.25631225
0.1610614
0.14774358
0.17166543
0.14782798
0.15271637
0.14768142
0.18095937
0.19099623
0.23607945
0.3701643
0.29975414
0.3344553
0.32760853
0.46074936
0.36410978
0.3766757
0.35697174
0.3783335
0.49796
1.0453017
0.5952526
0.32007366
0.24694529
0.21491945
0.20957622
0.15453961
0.16936845
0.15020776
0.15306297
0.13886026
0.16447496
0.18312824
0.24083036
0.36133027
0.338979
0.53505075
0.31794864
0.33511358
0.3582805
0.32686293
0.34008187
0.45044482
0.8506699
0.6570562
0.41143844
0.3327716
0.22682926
0.20695236
0.1479316
0.16512632
0.1376903
0.15338257
0.16191232
0.16144171
0.19564164
0.15372771
0.23025113
0.37748322
0.44643018
0.46201712
0.33281937
0.5314912
0.36184058
0.42330134
0.42537737
0.3440382
0.73908836
0.4795801
0.49763602
0.43159407
0.34719664
0.2254413
0.19296393
0.1479713
0.15516663
0.14902014
0.15348792
0.15371156
0.15567765
0.23520204
0.27723223
0.3747786
0.36496726
0.50585896
0.5644152
0.37970537
0.38881785
0.38817528
0.44773
0.38973546
0.46917593
0.47422567
0.3449003
0.39928514
0.2397435
0.21639392
0.20571712
0.16169682
0.1291146
0.15144709
0.13827789
0.13366011
0.16142005
0.18240765
0.34318623
0.4161234
0.5348139
0.8376207
0.3840942
0.40472034
0.28952497
0.35121468
0.39222685
0.44089863
0.43253073
0.9147674
0.38137147
0.37304837
0.42907694
0.33798674
0.17192048
0.1572164
0.15581849
0.16350916
0.16272351
0.13217074
0.1285334
0.17192605
0.23835969
0.5795454
0.44368237
0.70438945
0.54427433
0.45120335
0.4226502
0.50926125
0.47816375
0.33971187
0.39000717
0.53133595
0.59954315
0.32671797
0.20900804
0.18738222
0.13985145
0.16124621
0.1450383
0.14060387
0.13802364
0.14497963
0.15133303
0.21656322
0.433132
0.43869904
0.37008724
0.38393658
0.53671783
0.408026
0.46873042
0.30878738
0.39679644
0.4125937
0.64071923
0.29130372
0.21079949
0.29074344
0.22711891
0.1956079
0.18032464
0.15639561
0.18755415
0.17204735
0.16816294
0.16532001
0.17044863
0.18885681
0.32642657
0.42626327
0.41530946
0.43369475
0.3237931
0.38087374
0.3410612
0.39794663
0.40990958
0.41630623
0.4301082
1.0188994
0.30000576
0.26594973
0.25497046
0.20067617
0.19940326
0.19490391
0.18229759
0.1892465
0.1889711
0.16600198
0.17471161
0.16568515
0.34471843
0.47137696
0.40500614
0.46144632
0.2676953
0.3633703
0.28631228
0.30417612
0.33656177
0.33646065
0.4630581
0.38142493
0.2681742
0.29752058
0.22139755
0.21478707
0.15687147
0.18347591
0.20180616
0.19982895
0.18400455
0.1868133
0.14783874
0.17933959
0.3840026
0.4295498
0.38947132
0.42976373
0.39443454
0.42296398
0.3137746
0.42982873
0.33362633
0.27286607
0.5406385
0.60863376
0.27777657
0.37902835
0.22264719
0.24287868
0.17881471
0.18252349
0.17858481
0.18289486
0.16376957
0.17639962
0.15955123
0.16644898
0.27669212
0.40726522
0.2989488
0.32583052
0.19008341
0.40611395
0.37952462
0.46266514
0.3417516
0.27462003
0.3635048
1.0359558
0.48698795
0.2553363
0.25758275
0.15162456
0.1867472
0.208493
0.1494256
0.17252973
0.10706955
0.07674357
0.17789632
0.21343422
0.3889939
0.49689603
0.65196407
0.791838
0.68219525
0.5309378
0.51182854
0.32322186
0.61228925
0.46646202
0.20987037
0.36493397
0.25472844
0.28594738
0.24661106
0.26273543
0.2150445
0.16120556
0.16699338
0.18327713
0.18385217
0.18520984
0.15930477
0.20744762
0.39787102
0.51962835
0.45536163
0.5092659
0.2891025
0.45249107
0.34905773
0.28253338
0.34069034
0.35763374
0.8121951
0.28027502
0.29338932
0.29335594
0.25039688
0.19086012
0.18757072
0.16543809
0.17134696
0.18611386
0.17468646
0.17814264
0.13988468
0.17694488
0.31442928
0.5047044
0.45784792
0.78591037
0.29423293
0.3803853
0.5229767
0.42377102
0.3010927
0.3452246
0.6479374
0.6172927
0.44384223
0.29599363
0.17818952
0.20253095
0.18506467
0.14525154
0.11212933
0.15188754
0.16624212
0.13807955
0.1546771
0.24374968
0.34041414
0.40179425
0.2705671
0.598722
0.19037047
0.36254278
0.385621
0.27738026
0.37023205
0.6741765
0.44894236
0.4824572
0.32433447
0.25492015
0.20150691
0.22514948
0.17452687
0.1588873
0.16927966
0.16335058
0.14494458
0.15148672
0.14807081
0.1729829
0.25440577
0.39421985
0.40983164
0.7000255
0.50401694
0.36691657
0.4049228
0.38085985
0.40027407
0.4055717
0.4026635
0.4416587
0.2786012
0.27143902
0.2942053
0.20429498
0.118423015
0.15659955
0.1633609
0.16005349
0.17066479
0.16117167
0.14546973
0.18698385
0.33044788
0.36089185
0.41977397
0.34529328
0.34324765
0.38011318
0.2926223
0.3783431
0.30536953
0.4238643
0.49795142
0.83333665
0.2738257
0.29307088
0.25608554
0.21347088
0.17542732
0.1671426
0.16000056
0.17047489
0.15043077
0.15427467
0.13842773
0.19147798
0.28300217
0.3348736
0.50283176
0.4091057
0.090745986
0.23468918
0.5062072
0.19877675
0.26453635
0.32700974
0.41281575
1.151062
0.43602458
0.26001263
0.1951237
0.15173456
0.17247158
0.13149706
0.1685935
0.17133868
0.13390702
0.14996451
0.19295621
0.2801338
0.37212873
0.41611668
0.55071896
0.6686753
0.59673476
0.36956224
0.2887921
0.35128468
0.28499058
0.22752112
0.25038698
0.38938162
0.31103104
0.3122842
0.20599914
0.16392183
0.15145758
0.13442117
0.15139279
0.15154788
0.1387291
0.15058345
0.16917208
0.2148141
0.41199344
0.6188727
0.5743944
0.40854236
0.41386458
0.40302137
0.31730112
0.38857684
0.42137823
0.28937376
1.4752432
0.4516408
0.30345738
0.29090157
0.23205829
0.2040332
0.19668153
0.15034023
0.16876245
0.16291645
0.13696018
0.16390473
0.14550754
0.16846457
0.37851518
0.6208457
0.45565674
1.1569026
0.6619421
0.706597
0.5984946
0.4967987
0.34820724
0.3850833
0.8097803
0.6246025
0.27333727
0.3130702
0.19805449
0.20622176
0.17141524
0.12745503
0.12735781
0.18412393
0.18302906
0.17649332
0.17813835
0.22034594
0.24859285
0.38695565
0.5843399
0.81109464
0.25630563
0.3642067
0.5249504
0.4036397
0.3620382
0.34542948
0.64802
0.26110366
0.1904876
0.2375001
0.23259374
0.22177953
0.20860037
0.15916932
0.18468106
0.22142988
0.21016091
0.20124626
0.19283617
0.200935
0.3408657
0.45104542
0.5119713
0.48067155
0.40356773
0.36208016
0.34397012
0.39983958
0.3717952
0.58772033
0.7080967
0.699616
0.29059803
0.25398982
0.23322055
0.20290089
0.21014681
0.15406099
0.16270912
0.1641443
0.16751549
0.15888467
0.14325303
0.16298714
0.31252536
0.43182504
0.41614446
0.27525124
0.35546634
0.42491496
0.41122395
0.41317752
0.38917592
0.65867704
0.98480695
0.5641116
0.33227807
0.24841648
0.20096138
0.21224964
0.16955405
0.17882743
0.13137826
0.16480482
0.16477537
0.15248358
0.11572865
0.1597287
0.2508099
0.32920855
0.6243736
0.6210895
0.34696952
0.4542797
0.3221392
0.27447912
0.49433494
0.6030268
0.60888815
0.30605882
0.31252986
0.23315933
0.23539639
0.28049198
0.1680117
0.14908797
0.1372042
0.17267027
0.18104517
0.17813501
0.1729323
0.17527872
0.44930246
0.36877644
0.7518842
0.6925173
0.5726188
0.3218438
0.36026174
0.34662366
0.36553255
0.30997944
0.3264799
0.4291429
0.36922356
0.29865628
0.18853182
0.17603478
0.1669209
0.13457778
0.16451117
0.1831846
0.15132451
0.19202399
0.18454367
0.24316615
0.4391056
0.6522301
0.46730402
0.49290702
0.5102243
0.4606043
0.3163987
0.376054
0.2754333
0.28551704
0.94225305
0.6024452
0.26002297
0.24420437
0.19366428
0.1775434
0.1683828
0.13820794
0.14242202
0.15414795
0.15053138
0.177273
0.12347856
0.2059997
0.27460134
0.43032202
0.575037
0.57390106
0.520073
0.44178483
0.56098354
0.3551473
0.3939256
0.27439353
0.702104
0.3921225
0.26782763
0.2780809
0.20847002
0.1748789
0.16254175
0.12072909
0.1525096
0.16099566
0.14927292
0.17198822
0.17208043
0.16327462
0.3838724
0.64697003
0.35060322
0.47473097
0.5591531
0.43422425
0.42297983
0.37969214
0.38683468
0.37109244
0.7201458
0.5884956
0.26876566
0.28921098
0.24006194
0.19371554
0.18286222
0.16805947
0.16129556
0.17178917
0.17128468
0.16816774
0.15152127
0.18641502
0.3338166
0.4468161
0.39125115
0.3798875
0.32794493
0.45788702
0.36647788
0.39742708
0.40357953
0.299579
0.39190114
0.4680363
0.32323226
0.28564486
0.247056
0.17971918
0.20070758
0.16472724
0.20147994
0.15308899
0.17268422
0.16470662
0.15961608
0.14799246
0.28354913
0.39471874
0.36536467
0.38525617
0.36075896
0.30442625
0.387341
0.37783977
0.28196657
0.2970227
0.3753124
0.5761699
0.2688364
0.28438815
0.25932252
0.21297306
0.18545792
0.1709609
0.16169682
0.17309794
0.15873766
0.15761903
0.13117993
0.22813183
0.31886312
0.32433265
0.5135456
0.5574935
0.2728043
0.39006206
0.29128984
0.3500562
0.29266432
0.4630257
0.4745297
0.67845535
0.32748872
0.30227852
0.29312024
0.19955578
0.15079108
0.13453627
0.17011616
0.18377733
0.17648569
0.16975254
0.17890343
0.23297879
0.46266514
0.7875462
0.513287
0.6491442
0.45629779
0.37715766
0.35049054
0.28961208
0.26707214
0.2753744
0.41216
0.36725202
0.30717397
0.28161222
0.21162286
0.2216174
0.2107062
0.1549826
0.199307
0.1518091
0.14651138
0.17125747
0.15997249
0.24353012
0.41572037
0.5843748
0.46723473
0.44717476
0.4185057
0.38641372
0.3296804
0.39868167
0.4333638
0.3191178
0.9146271
0.34689578
0.27550745
0.2928881
0.23139462
0.17896506
0.16479152
0.14027336
0.1640431
0.15439573
0.15344003
0.15896946
0.13036838
0.16090456
0.28658873
0.39732268
0.50193304
1.209086
0.85253555
0.5341284
0.29885218
0.3932091
0.24821472
0.34171215
0.52162874
0.6534061
0.29085615
0.2472255
0.18184426
0.23386624
0.18756616
0.25323966
0.12534702
0.12982622
0.14427409
0.12010521
0.18239784
0.22017863
0.36545134
0.36435422
0.15255904
0.46559092
0.26831728
0.41320756
0.3827278
0.3655143
0.45630547
0.34111086
0.405939
0.26487318
0.23418933
0.26237643
0.21282235
0.20786887
0.120241076
0.15917769
0.1393852
0.1678386
0.1836105
0.16948551
0.17268401
0.16095293
0.2938369
0.5883383
0.4043312
0.4026182
0.20940638
0.35011166
0.28948113
0.36350802
0.3337179
0.33240843
0.75046676
0.39176372
0.2531317
0.28272307
0.2707788
0.20715934
0.13942787
0.14665633
0.175116
0.14737183
0.1647887
0.1529896
0.16097254
0.17365739
0.32962528
0.37386078
0.4091216
0.44633952
0.38819033
0.3184322
0.27569577
0.48645183
0.41699257
0.31869015
0.8744521
0.58205646
0.26821348
0.28791958
0.2170972
0.164749
0.17935899
0.15892902
0.13495776
0.173684
0.14859161
0.16930819
0.13629305
0.16373119
0.29430985
0.28626168
0.4801222
0.5974059
0.52202654
0.49710566
0.49208173
0.3088046
0.3393602
0.41928643
0.78518116
0.48968473
0.24512264
0.26434717
0.29145187
0.1719616
0.13685796
0.15038589
0.16250843
0.19317889
0.14997786
0.1786702
0.18271783
0.47282413
0.3779766
0.60287774
0.71044993
0.737809
0.4550658
0.50538343
0.35728315
0.28363448
0.42083156
0.33496532
0.39330426
0.37669772
0.33197343
0.288908
0.18298253
0.18468732
0.1430245
0.13412899
0.12504172
0.1620261
0.158988
0.17267826
0.13952342
0.16715553
0.48964024
0.68750125
0.47924036
0.64073247
0.4387606
0.48154998
0.3391772
0.296918
0.36093426
0.23010331
0.83684754
0.2845976
0.25496995
0.27059174
0.24861997
0.17112014
0.17795339
0.14373419
0.16780776
0.148476
0.15428224
0.1645292
0.12381077
0.16399533
0.23676708
0.39236492
0.45513347
0.6851032
0.5848497
0.6375869
0.3168785
0.4398306
0.256791
0.36632875
0.5658949
0.48659557
0.23460382
0.28098688
0.25900945
0.1758155
0.31698647
0.17918405
0.2155805
0.17265245
0.17314431
0.16722867
0.18479276
0.2396273
0.24115759
0.4395349
0.7581979
0.79403347
0.5526043
0.51292944
0.3016174
0.37878463
0.33526742
0.32142955
0.51440996
0.30707365
0.26963958
0.28683105
0.23183274
0.19189066
0.07908204
0.15381444
0.15170106
0.16827112
0.18328267
0.13897288
0.13494918
0.20536041
0.26482695
0.4266612
0.73553264
0.4715499
0.8423509
0.46819887
0.34689716
0.30318183
0.39463156
0.26836783
0.5249981
0.36892402
0.29547465
0.29116717
0.21876985
0.2095685
0.12924233
0.16304725
0.14361554
0.13357767
0.17704633
0.15948603
0.16379184
0.18277743
0.29737225
0.4270873
0.38636005
0.44480237
0.3756557
0.43510652
0.30615327
0.26856267
0.32835063
0.30197477
0.26917014
0.36602542
0.2465244
0.25684988
0.21755159
0.1830641
0.14856988
0.14929911
0.13209856
0.16647238
0.14353636
0.14865509
0.14125234
0.19632673
0.24520254
0.32589778
0.33990374
0.44185427
0.11095819
0.48087332
0.38558117
0.4212693
0.379813
0.49396786
0.87547165
1.2418122
0.42015228
0.2971228
0.18607533
0.24177703
0.15682122
0.17332128
0.15281671
0.17207721
0.16895315
0.16525719
0.15726075
0.19085315
0.24074101
0.41030094
0.83711326
0.8811646
0.7777247
0.31316838
0.4552477
0.31242365
0.47085273
0.43424824
1.0431832
0.6965841
0.2866466
0.28763008
0.1763277
0.2489678
0.15560189
0.13607255
0.1366863
0.15864396
0.14040583
0.16202271
0.15484744
0.154252
0.38604924
0.55780417
0.35137665
0.56666625
0.7008251
0.36593977
0.32926512
0.3274845
0.2901792
0.43607402
0.758866
0.43229598
0.4392251
0.2843025
0.23525453
0.205865
0.1821244
0.15046981
0.16832432
0.14353207
0.15814272
0.16022179
0.15692535
0.22119585
0.33073875
0.9047134
0.855807
0.45066017
0.49097386
0.5686037
0.44327056
0.39553368
0.32012725
0.28931618
0.512699
0.33798498
0.25624332
0.2188035
0.15587032
0.19300187
0.17252478
0.116327524
0.16072875
0.1316629
0.12477663
0.14808312
0.14651376
0.19359544
0.29922593
0.29718292
0.45301703
0.9808579
0.38969934
0.3330777
0.38657176
0.39627507
0.3995526
0.49418327
0.5222264
0.36245844
0.33216867
0.26646492
0.22089362
0.19748616
0.20698449
0.13934353
0.17035979
0.12375033
0.15285948
0.13027766
0.122890234
0.1593383
0.2294712
0.38768643
0.3275191
0.37245747
0.45284343
0.40110254
0.3836423
0.35388827
0.3391474
0.28057775
0.725756
0.38640216
0.28997698
0.25104222
0.22012854
0.20404163
0.15788105
0.14701718
0.16153297
0.12311882
0.14300904
0.14659679
0.14905488
0.13239759
0.26442948
0.38308296
0.40465802
0.5031801
0.3627734
0.3938433
0.34901556
0.3081989
0.28373265
0.33765003
0.7463838
0.40608412
0.23467937
0.24742535
0.20039526
0.17983949
0.19158223
0.12973332
0.135025
0.15847585
0.1484718
0.13640791
0.15912059
0.17526257
0.30904368
0.43313077
0.5164789
0.72474563
0.46760616
0.40815115
0.37141445
0.26734814
0.37852654
0.38053727
0.368536
0.7485367
0.24108416
0.25469828
0.18363541
0.24461386
0.15882796
0.12869194
0.16848356
0.1757662
0.1434952
0.14547002
0.14259395
0.20517415
0.44900343
0.47449222
0.36149982
0.4601283
0.39347672
0.60146844
0.30580232
0.41569546
0.31115407
0.3611285
0.49755314
0.40283188
0.32622546
0.26419166
0.1518586
0.19564906
0.16374269
0.13772309
0.15317196
0.18440565
0.15107813
0.14871499
0.15464714
0.20249483
0.3001159
0.33212882
0.757774
0.4827172
0.37386128
0.36697465
0.4605434
0.34220704
0.40958205
0.20108739
0.8268863
0.4296482
0.36364877
0.27239692
0.30922732
0.19169354
0.19349831
0.14629698
0.18777773
0.14709774
0.16103682
0.16677013
0.14789647
0.17129812
0.29072446
0.354
0.6694491
0.6697683
0.38589752
0.549698
0.34781927
0.33642364
0.30380955
0.49065185
0.27605063
0.61957353
0.260445
0.27494442
0.22553009
0.18535832
0.1976259
0.1575352
0.15539238
0.15322423
0.14774728
0.16576278
0.14052725
0.25790542
0.2827999
0.2690757
0.49077937
0.33909446
0.31415832
0.47165984
0.22274184
0.33499435
0.26756713
0.3022967
0.896319
0.3807295
0.2800489
0.29877016
0.26285708
0.21114731
0.17545706
0.16717619
0.14963797
0.16186434
0.14937362
0.17188361
0.15365595
0.19781923
0.27362877
0.4006717
0.43023157
0.39682087
0.35863283
0.33960077
0.36909765
0.38504288
0.5006117
0.33049142
0.35505038
0.26009384
0.45848554
0.2711309
0.2900845
0.1888318
0.10944265
0.16015208
0.17548585
0.12969863
0.17901969
0.15645385
0.15363953
0.18577275
0.31513432
0.38604066
0.39743856
0.40141
0.29660964
0.40196046
0.34121716
0.31073922
0.31381115
0.2641744
0.40122947
0.3871812
0.18336272
0.3665644
0.24521512
0.20709786
0.17822799
0.15273908
0.11524168
0.16739225
0.14947629
0.12865168
0.17956445
0.20998323
0.25792214
0.337257
0.3579817
1.0676029
0.27145582
0.45387363
0.39601135
0.33336735
0.28691596
0.4240478
0.7497979
0.7860455
0.29799992
0.25509667
0.20399204
0.18555659
0.16735539
0.17856985
0.16556591
0.17181775
0.13838688
0.13565746
0.20655221
0.20443335
0.25082177
0.44994336
0.36682945
0.5484656
0.5157887
0.5073316
0.29189125
0.34239855
0.2982903
0.27013972
0.41622758
0.61581254
0.27197224
0.2657905
0.23415646
0.22002551
0.16047597
0.15483588
0.12546393
0.13906682
0.12208599
0.14686087
0.15431568
0.19765463
0.31297076
0.65130866
0.57322454
0.4692389
0.40901822
0.3816356
0.47311068
0.2867798
0.42315614
0.845158
0.5431667
0.4312607
0.39864677
0.26444888
0.19699004
0.19507891
0.15659744
0.16114137
0.16722408
0.13904676
0.1314762
0.15499654
0.13324219
0.21930662
0.20846978
0.7092465
0.53768814
0.48536336
0.2867766
0.49806994
0.36388004
0.32408226
0.3314043
0.35503003
1.163576
0.45222202
0.27474594
0.2468951
0.23271567
0.18124568
0.18535084
0.17720953
0.2038618
0.1694487
0.16298553
0.1659703
0.16335195
0.20045167
0.26222497
0.4680626
0.47095627
0.36724287
0.3686073
0.49763095
0.341526
0.36557588
0.29604894
0.4456329
0.32734293
0.57171345
0.20690721
0.30036777
0.2389057
0.19861129
0.1528269
0.16105571
0.15979517
0.17796683
0.15103173
0.17387956
0.14465943
0.21838349
0.2698129
0.44430676
0.25110036
0.6869968
0.35573205
0.39163518
0.29920748
0.41088724
0.3822124
0.33383963
0.43145257
0.50714314
0.27866882
0.27588844
0.25364077
0.22330314
0.1479598
0.16729599
0.18545529
0.14308187
0.17701948
0.17229629
0.1488806
0.18099836
0.3006772
0.3843091
0.37791675
0.4560646
0.3869923
0.4333888
0.3462375
0.30704594
0.3134656
0.37747675
0.48289925
0.26530156
0.2982978
0.30542135
0.2314331
0.17564791
0.18151942
0.1549981
0.15003735
0.16577005
0.1419088
0.14387736
0.17063141
0.18872753
0.2648108
0.32713762
0.42465734
0.55862445
0.7842825
0.3181765
0.4042759
0.33501753
0.4576809
0.34038323
0.4351907
0.40837777
0.24561012
0.28271443
0.25044885
0.22101316
0.1813626
0.15983835
0.17495438
0.19529447
0.14454317
0.21896622
0.191805
0.2546598
0.4589609
0.6731964
0.6183653
0.7400406
0.50244796
0.28068012
0.36237782
0.30803525
0.31617785
0.39883682
0.39829066
0.4193723
0.2525595
0.31034413
0.23042393
0.19569239
0.15533218
0.15793014
0.16468376
0.15891784
0.13644114
0.16720024
0.13960075
0.17761588
0.38402826
0.4026049
0.33799946
0.6225573
0.36599097
0.36119452
0.34704387
0.40786773
0.45585218
0.32477513
0.5841295
0.27786666
0.4115845
0.30316678
0.23153421
0.15359378
0.1643478
0.15764448
0.17982438
0.15724453
0.1586467
0.17275998
0.13636094
0.20187223
0.41937804
0.40530902
0.3558427
0.39272124
0.6684974
0.4946662
0.44343072
0.35644653
0.36231434
0.3781737
0.9603259
0.36339495
0.25613186
0.2363598
0.22015625
0.20202899
0.16099617
0.21315446
0.2661563
0.20526329
0.16841319
0.17568251
0.17161861
0.22749516
0.3550506
0.33146495
0.5806253
0.36549228
0.38248795
0.42956743
0.31016934
0.30190694
0.31059372
0.3392701
0.697321
0.5371628
0.253182
0.29428795
0.25239533
0.1485245
0.13112211
0.15348765
0.1698907
0.17443717
0.15844968
0.1537408
0.15392044
0.2377747
0.30846268
0.3413172
0.2920512
0.6344747
0.34182474
0.449089
0.34171513
0.29450527
0.26800218
0.30464995
0.31067872
0.34252113
0.24450871
0.30979028
0.23583972
0.20640561
0.15380731
0.16877022
0.19240177
0.14178634
0.1600478
0.15999466
0.17037055
0.15887195
0.27532023
0.34709108
0.28881508
0.63704234
0.4179908
0.38677776
0.2952852
0.25224155
0.32018194
0.367662
0.59451115
0.53389096
0.25674802
0.27239642
0.22023368
0.17848557
0.1552979
0.1612001
0.14107427
0.16361377
0.15200257
0.12024617
0.18959346
0.22010222
0.30691493
0.39033696
0.86441755
0.69349205
0.64709514
0.35725552
0.4753619
0.27310514
0.7060068
0.28752232
0.63476044
0.3958104
0.21493348
0.33177888
0.21580666
0.19727308
0.16944066
0.16866082
0.17512828
0.19182375
0.14898857
0.1627065
0.1606443
0.20550385
0.58266217
0.5823996
0.4178569
0.6092583
0.32928967
0.36872205
0.3288429
0.3179149
0.30945387
0.36023366
0.4042623
0.16727337
0.30743244
0.3171856
0.22377005
0.1953727
0.1661591
0.15823856
0.16931379
0.16611615
0.1733827
0.18792182
0.1516043
0.20007229
0.2881657
0.6560561
0.29666993
0.54951036
0.7052102
0.40498206
0.36189172
0.3848998
0.3507772
0.26936767
0.16522485
0.4277123
0.2302554
0.29031426
0.26272607
0.19014013
0.23355985
0.15753818
0.18197477
0.15807933
0.16225317
0.157491
0.12420729
0.22364819
0.26473534
0.5217177
0.4492216
0.4288984
0.34847507
0.4513628
0.4402522
0.41020593
0.5088364
0.33930638
0.6494119
0.32091
0.24877128
0.34254062
0.28221834
0.18404767
0.17004752
0.16840371
0.19207793
0.16083914
0.15538603
0.17798558
0.15420973
0.22326249
0.2608866
0.2746539
0.44339925
0.54501736
0.27735454
0.44258228
0.35816738
0.3049215
0.41919038
0.3732584
0.56031567
0.59499687
0.39756295
0.28394285
0.275702
0.21608296
0.15587172
0.1758515
0.16668397
0.18945655
0.16906774
0.1858226
0.171727
0.22690386
0.34250093
0.4071654
0.35261694
0.38962233
0.32767454
0.3517716
0.49423847
0.5404171
0.44977912
0.36500755
0.34009475
0.3444811
0.25520647
0.29002228
0.27090633
0.20774528
0.16063389
0.19285995
0.23505598
0.18626618
0.18993962
0.17939994
0.18452716
0.17779061
0.29601288
0.39652756
0.36001867
0.32305196
0.30235866
0.29009274
0.3444782
0.30054373
0.3455961
0.26822874
0.57282776
0.568862
0.32265893
0.2899381
0.21243426
0.19581622
0.15309599
0.17365804
0.18045312
0.18313244
0.16268387
0.15892872
0.17646053
0.19625461
0.28526273
0.2990268
0.6143876
0.49527815
0.40997443
0.2630754
0.4250741
0.35324794
0.3133113
0.3277556
0.5947012
0.47830486
0.34164998
0.2957204
0.367211
0.24082279
0.19491169
0.18862474
0.21320355
0.18991822
0.181719
0.18062872
0.14809954
0.17224714
0.39187095
0.5631572
0.45290288
0.705592
0.3072488
0.35193416
0.40005624
0.36395028
0.41865852
0.40455705
0.33249357
0.2938931
0.265
0.33207008
0.25308815
0.20986384
0.18687567
0.15735045
0.20533228
0.19361907
0.19193304
0.17621139
0.13971555
0.20852998
0.43692684
0.48979762
0.48969156
0.33631116
0.3578035
0.43141705
0.44213563
0.40959892
0.3605926
0.41692883
0.45546007
0.54026574
0.28230843
0.3276688
0.27832454
0.20982844
0.18602386
0.16324806
0.21753997
0.17392603
0.15666288
0.18087351
0.1480813
0.16437513
0.2810158
0.46885598
0.35519964
1.3767625
0.62253785
0.38048813
0.40147138
0.34908283
0.30686468
0.34440964
0.48835242
0.5973006
0.306082
0.36092007
0.2847333
0.1921907
0.22568896
0.17974257
0.2104955
0.17557332
0.1782541
0.1876941
0.17698082
0.22408262
0.30364576
0.45153
0.31255966
0.3549268
0.22162983
0.42412552
0.26171103
0.33353427
0.41098177
0.3547254
0.5301973
0.61550933
0.32555163
0.35693684
0.2577827
0.20641515
0.16326305
0.18423408
0.19532895
0.18495256
0.19646081
0.17897934
0.17049631
0.20195681
0.32644606
0.38170838
0.24651566
0.43135837
0.34053046
0.42943212
0.34542692
0.4026236
0.32792297
0.3728594
0.5970844
0.5126355
0.2820786
0.27848145
0.2787051
0.21992302
0.17128065
0.19589567
0.21732774
0.17608508
0.20010123
0.18313935
0.1998272
0.1918593
0.28776065
0.34855667
0.26807323
0.24195814
0.34013525
0.38741618
0.2912659
0.29166716
0.2918809
0.39435363
0.65032685
0.5280205
0.34768602
0.29944557
0.23669389
0.19513032
0.1796197
0.17232159
0.16828695
0.18548483
0.17211145
0.14097932
0.18749416
0.1967943
0.29746675
0.33755916
0.53580934
0.4450562
0.3076624
0.41906613
0.31372353
0.30888808
0.34447202
0.30489948
1.1192429
0.41140258
0.39315566
0.3539006
0.28360906
0.2321336
0.20086077
0.1805915
0.1934205
0.20354605
0.1819486
0.1738385
0.18036094
0.20932844
0.2737091
0.4896116
0.674986
0.6197886
0.59972996
0.32888108
0.3549757
0.24411765
0.30826956
0.40751597
0.3649387
0.39048105
0.3194183
0.31823343
0.25006142
0.1920586
0.18728465
0.18348959
0.18101266
0.1773125
0.16979885
0.21093893
0.19318894
0.18717828
0.31116956
0.4771076
0.34877434
0.35346606
0.50605315
0.4137723
0.35983044
0.34839723
0.44760445
0.2687685
0.58805597
0.3849666
0.36144617
0.3108127
0.24457088
0.18578067
0.18958008
0.17375436
0.20417562
0.17518455
0.16467506
0.19241777
0.1767877
0.23029423
0.3783417
0.355907
0.38994107
0.32562965
0.29382592
0.319181
0.42435592
0.41339272
0.4307899
0.45056906
0.27619305
0.3569188
0.29017335
0.27888423
0.2576242
0.20039219
0.21081737
0.17149717
0.16576439
0.2046724
0.17560413
0.17726079
0.18455261
0.2186887
0.32164142
0.38645348
0.42601287
0.30137548
0.3557226
0.40013745
0.35548204
0.4002774
0.37985623
0.38692024
0.7111279
0.3690032
0.34662467
0.3308194
0.25194216
0.17107645
0.19522285
0.16528627
0.16525567
0.18448797
0.18409267
0.16362372
0.17092702
0.19897494
0.3276371
0.4091012
0.24558744
0.46945325
0.3262333
0.4492304
0.36823675
0.53772885
0.45085335
0.37793928
0.38343886
0.27654198
0.3577577
0.30196083
0.24273393
0.21386567
0.15779191
0.1916489
0.19776419
0.17064172
0.18363723
0.19556203
0.20399973
0.20607662
0.34252933
0.36396044
0.41849852
0.37971118
0.44244537
0.34387198
0.3113828
0.2532529
0.3570395
0.3668757
1.0123649
0.7582873
0.46379918
0.38781074
0.25479242
0.20227292
0.19901958
0.19141188
0.16529647
0.16575363
0.16601676
0.1640828
0.2127282
0.22484651
0.3194172
0.3181157
0.6471101
0.75594294
0.42683867
0.43982777
0.36303812
0.39299875
0.28342742
0.2746305
0.6735096
0.21430951
0.27680278
0.25559944
0.284472
0.18172824
0.17765239
0.18010321
0.17968884
0.19894835
0.22401768
0.18477166
0.17923242
0.21721917
0.61575586
0.8210848
0.5086991
0.38434315
0.41883108
0.40330273
0.3842593
0.26412308
0.38842386
0.2537374
0.36710393
0.41765347
0.33262312
0.40422454
0.2599446
0.19682753
0.20457199
0.18843019
0.19822034
0.17549327
0.19645703
0.18306693
0.16336215
0.30377924
0.2938187
0.48423794
0.59582067
0.7037251
0.5111478
0.41375402
0.33018693
0.36289233
0.6003767
0.70700413
0.2952662
0.7180753
0.6166063
0.3536407
0.25530055
0.20610091
0.18321061
0.16898283
0.1960493
0.18477005
0.19533381
0.16748235
0.18224931
0.25489172
0.3870872
0.3184708
0.51973164
0.7466951
0.46731156
0.44172224
0.32999223
0.32966754
0.32637873
0.32836014
0.7432721
0.42843875
0.28581005
0.3315649
0.28256756
0.2265473
0.2021997
0.17097059
0.16566914
0.18363631
0.17448658
0.159399
0.1661154
0.1977695
0.31210184
0.3267002
0.4095478
0.53665406
0.26451924
0.41470078
0.27051458
0.35016933
0.3824832
0.2909302
0.4699765
0.53883827
0.3037634
0.30001065
0.29209468
0.22672144
0.18483803
0.18195355
0.15304923
0.1939415
0.18572477
0.17427683
0.16209918
0.24674186
0.27453053
0.48571408
0.45786014
0.3151325
0.29305524
0.41441387
0.3472292
0.45801812
0.40104568
0.28547305
0.3901839
0.48556772
0.08103192
0.36211875
0.31197768
0.20130152
0.15468982
0.1644797
0.21144873
0.19441539
0.16664994
0.16002753
0.16694358
0.18821853
0.24991229
0.18342146
0.29414734
0.3240933
0.2931926
0.46985632
0.64216727
0.68603545
0.4101325
0.30471167
0.54247403
0.5102567
0.2451177
0.5574704
0.25870687
0.19919285
0.17073807
0.19774762
0.15764186
0.16269836
0.16096339
0.17599347
0.15828893
0.18314648
0.38750932
0.42781204
0.49832964
0.4350911
0.29740897
0.29093218
0.4376525
0.3276749
0.3626418
0.32651445
0.63945496
0.74434584
0.29148716
0.3056066
0.25260094
0.19662833
0.15486926
0.1869888
0.1705653
0.18207794
0.20729443
0.1795193
0.21525717
0.28012285
0.54621184
0.63886756
0.40761328
0.62891257
0.3995489
0.34389764
0.35223466
0.2855284
0.3197582
0.20243943
0.7608001
0.3304798
0.2970323
0.40288663
0.3420319
0.2637416
0.18387091
0.17572802
0.17747578
0.17395985
0.175495
0.15512758
0.14502805
0.16530111
0.28918806
0.45319328
0.5975868
0.4799093
0.28067866
0.47433046
0.43189093
0.3723765
0.3049913
0.41161487
0.40925524
0.42709196
0.36028266
0.36127144
0.27072805
0.1700998
0.1597921
0.16617641
0.18524176
0.17091075
0.16302049
0.1682277
0.26362213
0.36413008
0.33479068
0.3429066
0.3377567
0.30326334
0.31014898
0.46576142
0.4166231
0.3232458
0.29793128
0.33359337
0.7493814
0.27719793
0.39444807
0.2860185
0.27610537
0.19806635
0.18204719
0.1723282
0.17902565
0.15141621
0.14962554
0.15737191
0.14872101
0.19188657
0.3550408
0.356225
0.49212572
0.43427238
0.19530255
0.41806287
0.36482462
0.31283414
0.2710574
0.33997244
0.27008933
0.71122944
0.2907745
0.30962524
0.2911797
0.2359474
0.17249432
0.19674894
0.16172212
0.169981
0.17959404
0.15457246
0.15472922
0.23325115
0.32604071
0.39099136
0.45098835
0.28115278
0.25890324
0.39100912
0.33339816
0.31778193
0.4171793
0.2942378
0.36006898
0.4385427
0.35275152
0.2884727
0.3075027
0.23881584
0.17621654
0.18096644
0.19358853
0.15897462
0.1747162
0.14397535
0.15215409
0.2079472
0.33732498
0.35666654
0.30981863
0.29604065
0.29250684
0.3282759
0.3324707
0.2680264
0.31715763
0.290661
0.827507
0.94577324
0.3580549
0.35041973
0.24656233
0.1950382
0.19086993
0.17178261
0.15020633
0.16642207
0.16280746
0.12489647
0.19168365
0.21912208
0.308396
0.39371046
0.5603901
0.2833915
0.28840953
0.31530553
0.33288094
0.2764391
0.38323593
0.278476
0.3446403
0.48352405
0.26001737
0.30469874
0.29942638
0.19366306
0.20166263
0.17808846
0.17576367
0.17009658
0.14544377
0.15545729
0.2146785
0.18724182
0.5394272
0.45922625
0.76068145
0.2695498
0.61937475
0.36751777
0.37042108
0.36699536
0.28655994
0.2219131
0.45915326
0.29793942
0.32597876
0.3215346
0.24155223
0.20382968
0.20945522
0.16830274
0.17018181
0.17804623
0.14704183
0.1799553
0.16536006
0.19553709
0.31959942
0.36725485
0.58540654
0.24866998
0.30406258
0.44731152
0.38779542
0.3327911
0.37031117
0.31900933
0.69995725
0.33378497
0.24286717
0.29554024
0.26297167
0.205113
0.1667814
0.16488537
0.16723084
0.15655404
0.16370961
0.140497
0.15575108
0.26217765
0.3867022
0.612479
0.45804626
0.4557424
0.4400594
0.25597912
0.48140123
0.36449373
0.2649868
0.40795934
0.628398
0.35163644
0.29736453
0.28735116
0.22604069
0.1633985
0.1657095
0.1649248
0.14416933
0.14063841
0.13923943
0.14281207
0.15006244
0.18345374
0.2628946
0.39208508
0.5233376
0.4109241
0.25867996
0.36303905
0.4183313
0.33396956
0.2966913
0.23176965
0.58645844
0.551408
0.31313404
0.28614455
0.23303789
0.18367606
0.16141278
0.16077769
0.13860905
0.1630423
0.1313611
0.13708583
0.14279929
0.19287857
0.3016727
0.379419
0.32396543
0.3836926
0.3431927
0.373886
0.42015794
0.31784686
0.3446782
0.32889614
0.54216605
0.3105358
0.2611405
0.26937246
0.23723692
0.196985
0.1542674
0.16895533
0.17309335
0.13756016
0.15107551
0.15006301
0.15876761
0.1814467
0.306316
0.35629618
0.3874118
0.4011926
0.37600222
0.3830677
0.31065664
0.40219653
0.4802703
0.35014874
1.0093154
0.5963123
0.3122933
0.251469
0.20705777
0.17651856
0.1657246
0.1684848
0.14681673
0.15244642
0.14159259
0.16011086
0.14062083
0.21830916
0.27066335
0.26407823
0.38608444
1.4275858
0.66014135
0.618
0.2916748
0.21622348
0.23807636
0.41933376
0.7028311
0.7271625
0.35522836
0.3441034
0.400072
0.45218456
0.15636551
0.123319924
0.16180429
0.1850281
0.16660354
0.14948902
0.12808764
0.17114937
0.3876025
0.886777
0.7850143
0.7571227
0.45695874
0.30949894
0.44303152
0.6439739
0.37549824
0.25414354
0.22961909
0.31666794
1.028236
0.50341076
0.6316157
0.29363427
0.2888364
0.14002004
0.18383616
0.15545446
0.18760678
0.13594574
0.13506287
0.24456295
0.45040387
0.29784113
0.5591297
0.34871027
0.3724703
0.39405823
0.52302486
0.45335236
0.42609102
0.31194896
0.16801971
0.6500386
0.41226682
0.3320354
0.23385954
0.16260979
0.15633863
0.16029355
0.16226867
0.1334132
0.13607603
0.16807786
0.15597299
0.20003259
0.33407754
0.27569285
0.41479877
0.3181352
0.306484
0.57063484
0.38682953
0.35961387
0.3171046
0.3099748
0.5481111
0.5485807
0.24228323
0.31214002
0.22724032
0.18630204
0.167126
0.14631033
0.13298649
0.17228013
0.15649116
0.14774147
0.1334041
0.17792082
0.2737157
0.3648418
0.38537607
0.35263214
0.27802035
0.35287344
0.26862615
0.260977
0.2986254
0.569511
0.62085986
0.4890855
0.34250534
0.31279683
0.25444517
0.2097396
0.15498623
0.15929961
0.14138517
0.14635623
0.15226763
0.16565344
0.13227412
0.16193858
0.28289145
0.3691118
0.37135935
0.46550566
0.26118463
0.5313011
0.38199332
0.3406154
0.31998584
0.33974567
0.39340365
0.6853678
0.2878367
0.28454986
0.25851536
0.19293651
0.17217109
0.16122207
0.12939385
0.14461735
0.15690216
0.114670634
0.13896438
0.16260856
0.29283553
0.39477137
0.39436853
0.41745904
0.34674782
0.2838215
0.3134253
0.3162203
0.38598046
0.33087
0.77852905
0.44850555
0.32965
0.20984551
0.22772354
0.18044004
0.19837186
0.16492712
0.22968134
0.16764155
0.1497016
0.13016918
0.15111622
0.23503709
0.2842817
0.31526175
0.3803696
0.074706435
0.21732852
0.35631493
0.36278373
0.20048401
0.31642294
0.35764682
0.35492635
0.42874047
0.34583458
0.28429124
0.23674339
0.19231
0.16465592
0.14916328
0.16300553
0.14093968
0.16593415
0.1606853
0.1572867
0.1714724
0.4232026
0.45417973
0.26211315
0.65542716
0.45182452
0.2179333
0.34019777
0.23599294
0.3636553
0.3223394
0.6205898
0.35094604
0.23864973
0.30179134
0.21056718
0.16052717
0.19009024
0.14169735
0.16976833
0.13509363
0.19426024
0.16283518
0.1786393
0.17091388
0.29765877
0.39870536
0.28719297
0.3874923
0.74674845
0.35389227
0.40063226
0.30219507
0.3599376
0.4012122
0.60093254
0.4905772
0.26322177
0.25308233
0.19483745
0.17271033
0.15552774
0.15358049
0.1668312
0.14028817
0.15423554
0.16240701
0.13809934
0.19844806
0.28193778
0.40852928
0.31834635
0.42776826
0.45623788
0.38152403
0.3212333
0.353404
0.34186715
0.27718303
0.46517426
0.4000654
0.316667
0.29775926
0.2273494
0.1836702
0.16143984
0.16546208
0.13929904
0.14986235
0.1620448
0.15087289
0.13512716
0.19714895
0.29467788
0.29115242
0.3044849
0.37705696
0.28317842
0.36263728
0.32829094
0.3062981
0.39311728
0.408115
0.6216874
0.30629736
0.40218875
0.31143734
0.25499454
0.18656188
0.16100228
0.16370568
0.15189156
0.16401604
0.16647357
0.15653819
0.15586552
0.16983172
0.31530154
0.46046618
0.3854799
0.4855604
0.44212472
0.40634036
0.33950582
0.3788143
0.40252972
0.3755692
0.36352822
0.22968358
0.25005808
0.2715347
0.26646265
0.17518297
0.17052701
0.1619649
0.1761559
0.16092288
0.16692594
0.16552198
0.16692984
0.17766502
0.31255633
0.36181283
0.38557777
0.40931165
0.33823043
0.2934195
0.3078076
0.30925697
0.37005016
0.30199754
0.41981527
0.8952166
0.28997436
0.2730128
0.22515741
0.1791909
0.15577415
0.16052702
0.1302346
0.15692747
0.1659959
0.13791102
0.15600279
0.2422545
0.030159805
0.20979622
0.34311688
0.83643544
0.37705928
0.28320706
0.38664943
0.3105003
0.38895658
0.6183918
0.5189425
0.36984402
0.4006884
0.31768486
0.20714727
0.17888168
0.1701892
0.14256471
0.15796205
0.14606139
0.15038502
0.15597227
0.21526757
0.36515564
0.4183808
0.70563895
0.75348073
0.48454475
0.42702377
0.34483686
0.2657958
0.37058598
0.3807846
0.38326865
0.3632207
0.36797217
0.43736067
0.335195
0.26440576
0.15638652
0.1652542
0.13975096
0.1520733
0.14939463
0.17326987
0.1538426
0.16111702
0.20697418
0.38016465
0.4426791
0.51204866
0.42366987
0.39214578
0.5164597
0.28781736
0.37774023
0.25488833
0.36059335
0.49520528
0.45491514
0.31301102
0.31667203
0.22822252
0.19951478
0.17574978
0.16472828
0.15362963
0.1547269
0.1582722
0.15744823
0.15372574
0.20233014
0.3233208
0.2390275
0.4298184
0.7383544
0.2780306
0.2798339
0.2511041
0.36488774
0.2764282
0.3907712
0.20595115
0.4518436
0.26325703
0.253533
0.17476127
0.15536264
0.13880071
0.15199909
0.16106656
0.14527771
0.1566799
0.15219778
0.12999359
0.16486698
0.25360885
0.291906
0.29254994
0.3821514
0.2619727
0.42913648
0.30752057
0.4534856
0.47464132
0.34321982
0.70841706
0.40020418
0.29558146
0.2842975
0.22870672
0.17294002
0.14079115
0.15029183
0.13944161
0.14285693
0.13590053
0.14432985
0.15313333
0.16053471
0.3433331
0.3532648
0.33270442
0.39362425
0.35323805
0.32502007
0.2689704
0.35821393
0.41094294
0.42682192
0.83378005
0.3901557
0.25000122
0.26530725
0.21918434
0.19006997
0.14536098
0.15091592
0.16031384
0.13483655
0.14880797
0.14822015
0.15465185
0.14301383
0.3054777
0.33352917
0.28391367
0.24635151
0.32196835
0.30239087
0.31107658
0.34745204
0.33776942
0.27831984
0.43231806
0.33003396
0.29602954
0.23799965
0.22090569
0.17003202
0.19209859
0.15522557
0.12820765
0.16353264
0.1399973
0.11412391
0.182374
0.19536528
0.3015754
0.31793445
1.4104548
0.85182893
0.28957567
0.60378003
0.2887967
0.27721566
0.2360343
0.32493466
0.57847357
0.45661825
0.26968205
0.31261173
0.25666907
0.13747442
0.16758892
0.1370033
0.14813802
0.15727192
0.12043813
0.11954799
0.16983682
0.18535179
0.37026486
0.6623899
0.65417284
0.32850206
0.51871973
0.402524
0.31931937
0.31674743
0.30311733
0.2962156
0.6255226
0.32890245
0.30819774
0.27555522
0.19508624
0.13613367
0.14967012
0.1422888
0.15081528
0.1422888
0.13898176
0.12351012
0.15858892
0.16330573
0.2806836
0.40459296
0.63134575
0.3507564
0.31646976
0.41642636
0.36211577
0.33383462
0.28782564
0.30592963
0.5237063
0.2636535
0.33180332
0.26859233
0.19805408
0.18699679
0.14078286
0.15039572
0.16805589
0.12717482
0.1529896
0.13577378
0.13090661
0.17138353
0.08885294
0.25949883
0.46381462
0.39658624
0.32769266
0.40393302
0.38568732
0.39081848
0.34635058
0.19972932
0.3543993
0.40683743
0.25312138
0.30570847
0.23099074
0.16326463
0.15946776
0.16602999
0.14790025
0.1495378
0.14845535
0.16317433
0.15952784
0.30990115
0.29026264
0.38963586
0.45342338
0.5382423
0.3521746
0.3628994
0.32548124
0.33966783
0.44693038
0.5650674
0.9026996
0.52129346
0.4128545
0.31348863
0.25221574
0.19746298
0.1667499
0.15916952
0.14392251
0.16394109
0.15910244
0.14665133
0.14789248
0.15164173
0.27586663
0.3737171
0.40197295
0.3775997
0.41572344
0.38237423
0.3806134
0.4175101
0.33766088
0.3894554
0.4961218
0.40354034
0.24747711
0.29705155
0.2342062
0.19635719
0.15863952
0.16743726
0.17066935
0.1436106
0.15738782
0.16348234
0.1653203
0.1991871
0.2619615
0.34328917
0.40301278
0.39348814
0.3271368
0.24954775
0.5194026
0.42168677
0.38978702
0.72291833
0.96588033
0.6037664
0.30248168
0.29584247
0.21432394
0.18916908
0.21168742
0.15597764
0.14241838
0.15434659
0.15360129
0.15212747
0.15430585
0.21437249
0.2883771
0.4516805
0.4565731
0.6640333
0.35661492
0.44790632
0.3737928
0.61566025
0.3408152
0.9618581
0.8109663
0.8469226
0.3447461
0.32938623
0.2606968
0.1965791
0.19070148
0.16782281
0.14275405
0.15449548
0.14452145
0.177493
0.22154236
0.2480911
0.5325329
0.5163318
0.47181013
0.42800695
0.4493501
0.3903065
0.32900503
0.16844109
0.61696935
0.47281817
0.7279374
0.37585047
0.25800598
0.26830742
0.22049177
0.17309871
0.1773319
0.13185099
0.15972391
0.14167395
0.14650956
0.16006795
0.1516394
0.20317912
0.32439387
0.68187326
0.5311191
0.33871922
0.41338414
0.35147518
0.34049615
0.3954474
0.46818817
0.27633703
0.4465529
0.43513662
0.3243333
0.260558
0.24935937
0.17369512
0.16743347
0.15566558
0.16862467
0.14160466
0.15111244
0.17640352
0.15754741
0.18678895
0.2664882
0.34358612
0.42091814
0.5798426
0.40755495
0.44301677
0.48439494
0.3807839
0.39311108
0.3917723
0.5688207
0.49618885
0.49998245
0.30745718
0.23083013
0.16865951
0.1874384
0.16478011
0.17173311
0.15118805
0.17072824
0.1529164
0.20976517
0.36347035
0.32022315
0.3782621
0.30422425
0.3656041
0.34129792
0.4018882
0.3667673
0.31718838
0.37820902
0.49666238
0.812913
0.46164793
0.35636932
0.32522634
0.22005832
0.20016122
0.1692583
0.1623669
0.17406899
0.15682304
0.1607197
0.14465478
0.18863499
0.3001592
0.28658566
0.4891199
0.378863
0.44985583
0.4362927
0.4905289
0.5157075
0.48591176
0.36528498
0.6085682
0.6140934
0.4030458
0.3592353
0.28816953
0.24980652
0.20364851
0.16307634
0.1601687
0.17301628
0.1692735
0.17764491
0.16955638
0.16445068
0.1459581
0.30461824
0.40587518
0.34204635
0.37986684
0.35600704
0.41410002
0.435772
0.47696245
0.35072297
0.6984824
1.0138633
1.0034469
0.3873985
0.37208307
0.23388049
0.18710935
0.24618879
0.1517792
0.16155535
0.16727373
0.1649434
0.1517953
0.17101398
0.22274461
0.31118906
0.38616455
0.3728206
0.39144346
0.50145346
0.4002756
0.4821175
0.4103674
0.442034
0.37845862
1.0570177
0.7307342
0.3682403
0.29368815
0.2770342
0.19492963
0.18990645
0.13334182
0.15439135
0.14852878
0.15083477
0.14506388
0.16355976
0.16414613
0.33731073
0.7707079
0.4773906
0.66742367
0.7925455
0.44473165
0.33764452
0.3201058
0.36672136
0.33884472
1.1866285
0.7605417
0.3442193
0.47691846
0.27097574
0.21748412
0.17121676
0.15484387
0.15077093
0.14968655
0.16409254
0.14294046
0.16645196
0.17748785
0.28912693
0.4907523
0.48010975
0.41900375
0.43802264
0.44941232
0.3512517
0.39630064
0.34486803
0.38662615
0.633703
0.9804663
0.33304054
0.37792534
0.23103881
0.19932306
0.17085817
0.15663126
0.1690537
0.15531784
0.1691694
0.15002754
0.15247536
0.2126467
0.30267084
0.3766218
0.92164284
0.5410438
0.41547006
0.33120772
0.3043603
0.6102164
0.4513937
0.49051765
0.7616136
0.65909153
0.32710585
0.310178
0.26545024
0.19607699
0.19401515
0.16575006
0.17971015
0.1688439
0.17306978
0.14111513
0.1309663
0.41677985
0.43013212
0.52245635
0.47621414
0.75820917
0.38491783
0.5405035
0.30563146
0.51949143
0.36840513
0.24459961
0.64128536
0.67129785
0.87926185
0.3666408
0.28893185
0.22005758
0.18854025
0.1685175
0.121773064
0.17017788
0.16987258
0.15147763
0.14859742
0.20889577
0.2720293
0.38765544
0.3916322
0.41969916
0.4471539
0.4079154
0.46242717
0.38114515
0.45012775
0.5193551
0.5186903
0.49395347
0.56958705
0.33086208
0.31981695
0.23315597
0.17718482
0.16525006
0.18872136
0.17611685
0.17118752
0.15873396
0.1581654
0.16458583
0.2800795
0.37629092
0.4094514
0.43420935
0.415153
0.43475404
0.44393486
0.48388833
0.42072678
0.5432405
0.80417055
0.6995803
0.4790093
0.3248125
0.31187376
0.20504764
0.213693
0.16042304
0.176276
0.16438931
0.16665792
0.15568244
0.17653024
0.21855092
0.30489627
0.35968867
0.37870407
0.4434543
0.50318605
0.42339337
0.46427062
0.49917856
0.41387624
0.4986164
0.34068933
0.7644177
0.44774273
0.5461895
0.31365934
0.21793881
0.15325135
0.17173806
0.16337255
0.17211953
0.14765531
0.16979697
0.17156473
0.1927703
0.30055156
0.52448
0.7274402
0.45965442
0.78808475
0.61311346
0.39763895
0.37886426
0.32377478
0.33486658
0.92286545
1.2113332
0.46167687
0.57583845
0.25347543
0.29940394
0.18551165
0.14174533
0.13587418
0.15139475
0.17132807
0.13074681
0.17135388
0.19503847
0.3241088
0.5816881
0.55985844
0.41827232
0.45001054
0.49989155
0.4310218
0.41023552
0.5767419
0.3702365
0.60147953
0.8168434
0.6270034
0.5208333
0.31855464
0.209979
0.17221537
0.15378326
0.17348617
0.15787256
0.16557011
0.1569708
0.15890655
0.2109401
0.39562252
0.48211062
0.5792946
0.4303295
0.48278612
0.50872934
0.43385112
0.5411691
0.43111256
0.48750198
0.67145985
0.8268093
0.67652
0.3846232
0.2738191
0.21150145
0.19683182
0.16441986
0.15976602
0.15751934
0.15053844
0.14243582
0.12586212
0.18358707
0.26376495
0.50513846
0.45569316
0.510488
0.37536177
0.5944546
0.369233
0.43172958
0.47152162
0.34198755
0.6147844
1.0613643
0.41651207
0.30835158
0.30330345
0.21258736
0.1752873
0.1620163
0.15590313
0.16536218
0.16891769
0.14851773
0.13578847
0.16040522
0.25516358
0.3178459
0.38338947
0.38760215
1.0568613
0.42657307
0.5067664
0.49083367
0.44726548
0.55193365
0.49525234
0.53515446
0.5954463
0.3352345
0.35877615
0.23492402
0.17524883
0.16282675
0.18403465
0.1712662
0.14543432
0.15287763
0.14794314
0.14220455
0.27176103
0.39394036
0.41867337
0.4190792
0.456354
0.48421288
0.42096946
0.42299125
0.4536023
0.32566467
0.48639357
0.62711
0.5299133
0.33203262
0.25186035
0.185812
0.19288778
0.1666519
0.17534837
0.16108242
0.15888074
0.15252924
0.1744799
0.20908663
0.31369808
0.3749429
0.9239741
0.5169704
0.41826534
0.34539282
0.20787796
0.26050368
0.2909202
0.70442915
0.9694187
0.5901465
0.450518
0.51187587
0.29053414
0.31605685
0.17982176
0.13938656
0.17316547
0.17936662
0.17169383
0.13954508
0.16832507
0.1931259
0.28626242
0.8317285
0.49759924
0.6679691
0.42655182
0.5499309
0.5496483
0.37782675
0.5528918
0.5621609
0.8402696
0.61389583
0.60805476
0.56304955
0.24897718
0.2168105
0.14415413
0.152931
0.14379722
0.15721187
0.16265887
0.1455513
0.16176066
0.15698141
0.2767348
0.5132321
0.49911523
0.4091901
0.39142156
0.57294035
0.339405
0.35639498
0.30841914
0.5206458
0.6642888
1.323831
0.32812378
0.32095566
0.2681689
0.20199278
0.17257148
0.15494376
0.17040819
0.15223813
0.15615374
0.13798112
0.14291683
0.18428701
0.33278468
0.45515406
0.529975
0.41731465
0.46760952
0.6969575
0.41764277
0.39881784
0.4478182
0.58800155
0.6780803
0.9976093
0.2879235
0.29961202
0.31143624
0.23869297
0.17357785
0.18351597
0.17798814
0.1677509
0.16621792
0.15151966
0.1421738
0.15388826
0.29262534
0.4279322
0.38732785
0.3252744
0.45011932
0.51537734
0.4117843
0.2962145
0.52014047
0.536167
0.5282142
0.63553596
0.44117665
0.36404696
0.2642799
0.22352874
0.19110578
0.16713262
0.17109838
0.16735175
0.1654988
0.17262533
0.15678874
0.14840591
0.247336
0.43279886
0.41044018
0.3940252
0.44525352
0.48707032
0.43747824
0.44873253
0.58357483
0.67869157
0.7645268
0.8101158
0.3966764
0.43196297
0.45306385
0.41156355
0.25921854
0.25210044
0.2699336
0.25477192
0.16718918
0.14084896
0.15655056
0.15290433
0.22628447
0.2962968
0.5455393
0.55004174
0.6570372
0.46280116
0.4261617
0.32838902
0.5512703
0.7599454
1.0334113
1.0556867
1.1645292
0.41965598
0.2579931
0.24575037
0.25593847
0.17367315
0.15490466
0.18182006
0.16642913
0.13914046
0.17300472
0.24662101
0.30040494
0.5279602
0.728132
0.37226313
0.38522863
0.50137234
0.6352796
0.42006466
0.29951203
0.3129053
0.8839442
0.69744664
0.47524843
0.5241351
0.25937647
0.22344461
0.191654
0.15662727
0.15695965
0.14359525
0.15556452
0.14506832
0.16628817
0.1634318
0.26310733
0.6845516
0.5469935
0.7732635
0.8994053
0.5259525
0.43669114
0.43300703
0.46701378
0.3055347
0.73601013
0.81221825
0.8557344
0.31676784
0.3069824
0.23396692
0.16683301
0.1645428
0.15753803
0.16769296
0.14753565
0.14777383
0.17367926
0.16991833
0.2439734
0.38064858
0.7798623
0.5041583
0.6088225
0.60029274
0.5253277
0.50140053
0.41590303
0.5634168
0.9510443
1.2512634
0.68647116
0.4634502
0.24556279
0.23738101
0.18174037
0.15059578
0.16409996
0.16615778
0.15362766
0.12754235
0.14078584
0.22110882
0.3371161
0.9446421
0.66996324
0.7138668
0.61145175
0.5895022
0.524012
0.712431
0.68855023
0.6446434
0.95511836
0.59976673
0.597977
0.34739345
0.26556018
0.20909381
0.172768
0.17250457
0.16940212
0.16033456
0.14920706
0.14299732
0.1543681
0.2108959
0.39813218
0.50570166
0.48550084
0.44511327
0.44250274
0.4538916
0.46685869
0.54341084
0.45941857
0.5870477
0.7549486
1.0519239
0.44161972
0.34207776
0.34612927
0.20118612
0.17610696
0.16144344
0.18336532
0.16770902
0.1721867
0.16280872
0.17315036
0.17600584
0.21606463
0.39554262
0.42724478
0.61487705
0.5219478
0.36525583
0.3252395
0.52192205
0.53307927
0.66677934
0.70446074
0.9063438
0.51808006
0.40783495
0.28469583
0.2611658
0.18928811
0.16960981
0.1935854
0.17284426
0.1565595
0.17513433
0.17969874
0.16047212
0.29797506
0.34770906
0.44542903
0.44017276
0.5070965
0.39807183
0.4838881
0.37025008
0.4622705
0.598082
0.73145235
1.2025586
0.5072912
0.33000758
0.29743913
0.20379937
0.19220123
0.16344678
0.18239406
0.15343872
0.17129746
0.15833342
0.18294531
0.19705889
0.27211323
0.39800313
0.3246075
0.51809794
0.40332863
0.41469932
0.5447102
0.47292715
0.76284045
0.7115227
1.1491889
0.7523027
0.5964306
0.32200333
0.28647617
0.25898066
0.20196459
0.13229886
0.14317065
0.12451461
0.13591287
0.15582895
0.17600459
0.19279706
0.3287929
0.70528626
0.7387599
0.5468437
0.5818656
0.5415515
0.42997208
0.5730283
0.6953779
0.7201082
0.747585
0.8050523
0.6526127
0.3914615
0.30075383
0.23245436
0.1753051
0.15216294
0.169404
0.18075973
0.1630913
0.14744446
0.1818231
0.23067921
0.29430214
0.61630064
0.73824036
0.58972037
1.0034941
0.58785784
0.5120525
0.54314935
0.6080976
0.61010253
0.6980407
0.86972475
0.56889987
0.40947604
0.3208197
0.19176042
0.17520964
0.13879323
0.14458361
0.13652179
0.15782034
0.14705163
0.17836219
0.22512048
0.32995224
0.8054691
0.46848497
0.3943457
0.5946473
0.4238094
0.51952845
0.53938144
0.40154037
0.4134557
0.7143967
0.91786534
0.43451115
0.38787013
0.3154209
0.21514803
0.17172089
0.1543734
0.14721334
0.15928754
0.15862477
0.1357522
0.13441405
0.1385006
0.20393401
0.36812332
0.44432333
0.5008616
0.68156624
0.40167683
0.52669907
0.52522194
0.43162054
0.5207477
0.7697527
0.7039422
0.6759099
0.36244455
0.22741628
0.2136885
0.17691633
0.14443362
0.13610336
0.15714878
0.15662092
0.14529094
0.14640203
0.145722
0.19442746
0.6358465
0.5825902
0.76907665
0.7033724
0.44424298
0.46760347
0.5538163
0.4912127
0.5513607
0.72199744
0.9092187
0.6716833
0.39365318
0.31941262
0.21731225
0.15216783
0.1612696
0.18169543
0.17851707
0.14935058
0.15052977
0.14702597
0.120517224
0.2299957
0.44070116
0.57925695
0.9109678
0.37777033
0.5048181
0.4447475
0.5026934
0.43123505
0.73909414
0.58519286
1.2099159
0.49495685
0.50084233
0.28607556
0.19487104
0.16943222
0.15941471
0.18285885
0.16648069
0.14998427
0.12813032
0.14888838
0.15961942
0.24610198
0.33000168
0.5819823
0.3543503
0.46984512
0.35107407
0.4270295
0.42816094
0.41083467
0.63253766
1.0949774
0.46593097
0.67110145
0.44016773
0.28074628
0.24048102
0.16217479
0.15734828
0.14195067
0.13370648
0.1195443
0.14390868
0.15579051
0.15133578
0.2935634
0.66393363
0.65393794
0.6120439
0.9170259
0.61773795
0.40318552
0.38015795
0.5715537
0.51053053
0.60261095
0.5969269
0.9561276
0.35581428
0.278358
0.22284496
0.1358462
0.14666012
0.13927212
0.13116348
0.13288507
0.13443732
0.16400784
0.1562692
0.20840093
0.7034151
0.4207254
0.42843542
0.51276124
0.49348015
0.33662054
0.3942106
0.54178834
0.28893614
0.77439374
1.0788131
0.39965847
0.294474
0.2902796
0.26639497
0.1531074
0.16182014
0.14628708
0.13606927
0.14187664
0.12702695
0.12403047
0.15456674
0.2520219
0.4739126
0.5874094
0.8262695
0.5262422
0.6646558
0.5414302
0.3934433
0.5343498
0.7296893
0.8208832
0.8943246
0.54850274
0.31474409
0.34278294
0.25658256
0.17158443
0.15850443
0.14350319
0.15932482
0.12754771
0.10827887
0.09966856
0.1217109
0.2332508
0.44481483
0.46614873
0.37613288
0.8873377
0.46887335
0.37785816
0.50620586
0.42432845
0.40376282
0.6969158
0.8140881
0.58377695
0.9094239
0.24261978
0.23825943
0.20122415
0.14206234
0.12670952
0.15120107
0.13562003
0.13797158
0.12953854
0.12993282
0.2156254
0.31678587
0.4274259
0.40203148
0.47576424
0.5868102
0.5905669
0.4936342
0.4455517
0.6480733
0.6688922
0.87938154
0.59031147
0.4496676
0.30758673
0.21586332
0.1586324
0.1437856
0.17672256
0.17436117
0.13887203
0.13312566
0.15735999
0.112630546
0.21567348
0.41495603
0.38052678
0.7278939
0.30932474
0.29701155
0.6319519
0.50911236
0.5158108
0.3860486
0.55564123
0.89458835
0.73157585
0.3906964
0.25925964
0.22255361
0.18301895
0.16760457
0.16038278
0.15021962
0.13209224
0.11312392
0.12980404
0.1743696
0.2995044
0.33774665
0.68147075
0.43188584
0.5330978
0.44055736
0.46633667
0.43938208
0.38460764
0.46189773
0.6060306
0.4338035
0.7423859
0.56065774
0.28990668
0.26276088
0.17001647
0.16064814
0.1556797
0.16832861
0.14686167
0.13547993
0.14632669
0.13411465
0.20230389
0.7903806
0.526279
0.8389303
1.1990546
0.50724757
0.58725274
0.37725595
0.5609948
0.49260217
0.62968844
0.6043725
0.6725287
0.44816375
0.26384035
0.26824358
0.14526033
0.15646338
0.14363045
0.14722353
0.13913748
0.11238721
0.13448268
0.15571123
0.16908258
0.32049128
0.4134711
0.4544717
0.53367484
0.4182876
0.5123133
0.5193659
0.47615156
0.5325405
0.5492423
0.8856235
0.51562333
0.45871603
0.2345914
0.20849836
0.16498673
0.15721494
0.14465362
0.14613119
0.13996276
0.11816463
0.10829717
0.21691659
0.486213
0.41197288
0.453462
0.5074574
0.46658707
0.43453333
0.47524166
0.5293382
0.5861479
0.75668037
0.6083728
1.3600962
0.6340055
0.35697386
0.28775063
0.22701436
0.17986116
0.13650382
0.13217235
0.13472953
0.123031795
0.11232874
0.12619439
0.1424031
0.17320785
0.521455
0.56589866
0.44479498
0.5767935
0.45195284
0.6225377
0.65019935
0.6661393
0.8135047
0.7211516
0.5054249
0.5814615
0.38530374
0.24819487
0.20561293
0.14356717
0.15375629
0.10384211
0.122431695
0.123128265
0.13115245
0.13670069
0.13058206
0.1618061
0.37560087
0.33466047
0.53747874
0.467723
0.44393247
0.44797117
0.6680589
0.4834898
0.7373511
0.78517526
0.62485933
0.39283735
0.47223786
0.23715556
0.22026372
0.17452592
0.16115808
0.14745161
0.13823178
0.11939108
0.11726424
0.1251648
0.10578123
0.18057907
0.5670877
0.3747644
0.390902
0.5338989
0.4249343
0.41785175
0.5412381
0.38678524
0.5275956
0.8223576
1.3741575
0.79948044
0.32707778
0.16248226
0.18033469
0.1442472
0.14236414
0.14185962
0.11442557
0.12593818
0.111635
0.111109614
0.14083776
0.17913476
0.30385733
0.2916602
0.48362425
0.4815171
0.4475225
0.45983022
0.8021319
0.7750552
0.7808782
1.5039995
0.60654086
0.5801494
0.33743316
0.31933504
0.18422535
0.15964821
0.13751593
0.116263986
0.109148204
0.097519755
0.121812314
0.1281637
0.11807725
0.21981075
0.54108936
0.62322295
0.34982863
1.0220333
0.5935713
0.48568973
0.43519086
0.5483739
0.47187802
1.0177871
0.65927404
0.7445214
0.32725883
0.33924708
0.180276
0.16950318
0.11842805
0.11699757
0.121979475
0.13876176
0.122920424
0.13080919
0.1274935
0.1845071
0.35641804
0.5025836
0.5873345
0.65970945
0.43789142
0.37174934
0.46419078
0.69588715
0.80900025
1.0544902
0.91939074
0.4316446
0.32839206
0.27781767
0.21323219
0.15234691
0.1291183
0.12312493
0.12087107
0.1234231
0.11495334
0.111593336
0.14831534
0.20825946
0.4877925
0.47069535
1.7362031
1.0077039
0.72205913
0.28185353
0.5166208
0.5503164
0.61712503
0.7780966
0.26426247
0.5807612
0.3165128
0.2579992
0.17366526
0.15730888
0.13598639
0.11589849
0.13403738
0.13331491
0.1336593
0.11754796
0.10722646
0.26956776
0.33637893
0.35873702
0.41819644
0.45041892
0.48802924
0.4978013
0.48008686
0.34993055
0.5148361
0.680379
0.83500636
0.84220076
0.30783668
0.35958236
0.20534399
0.14973527
0.14215359
0.13326177
0.15043795
0.14575917
0.12613389
0.12021768
0.13480514
0.16024047
0.31431636
0.41807085
0.5077559
0.5919378
0.43593493
0.54480064
0.5609214
0.6483621
0.92718333
0.8057458
0.7531303
0.82419246
0.3519424
0.27785793
0.22941145
0.1917184
0.14075276
0.15429261
0.15728036
0.13531306
0.12132716
0.11799878
0.084492534
0.15295747
0.31245324
0.3080795
0.42786947
0.36983442
0.47566333
0.3738964
0.48473948
0.5108682
0.64051247
0.6909831
1.0752199
0.9206234
0.37473506
0.33139166
0.22480616
0.13866404
0.14662442
0.15612233
0.12677574
0.12278649
0.13111296
0.1408267
0.14860585
0.3064073
0.5486063
0.49920735
0.4910177
0.5603777
0.5526236
0.7434897
0.63005155
0.9834721
0.781455
0.62419164
1.3148539
0.7821748
0.3467322
0.43778804
0.18296471
0.179591
0.14337566
0.15684071
0.1342555
0.15218252
0.11965209
0.13104817
0.10246697
0.2542397
0.64104986
0.44609806
0.4633661
0.5930402
0.8624751
0.8992754
0.5106679
0.7498435
0.803698
1.5989894
0.9763807
0.8943954
0.92673165
0.5016623
0.5441614
0.3999029
0.27096927
0.16068849
0.11816725
0.16172206
0.11370438
0.1056636
0.1168707
0.14794692
0.7893431
0.5322873
0.40715596
0.5167421
0.39331046
0.36913973
0.5573351
0.6340144
0.90050167
0.9915564
0.6253857
1.1812888
0.5297124
0.24577299
0.16605958
0.14373207
0.12858355
0.13896278
0.13637674
0.12439394
0.120976925
0.12728024
0.15331185
0.3420311
0.5647294
0.5221609
0.43834344
0.55224705
0.4677108
0.42193463
0.4630168
0.48694637
0.5543255
0.9475283
1.1206633
0.30240366
0.3533653
0.28221545
0.2231788
0.17796946
0.13629922
0.12483567
0.1643619
0.13835016
0.12301719
0.11902684
0.13804147
0.18843046
0.34813052
0.46790144
0.40668592
0.5406265
0.464123
0.14954609
0.42694655
0.45471483
0.8133442
0.67970586
0.6624263
0.66815025
0.42122808
0.25730118
0.23097011
0.18388727
0.14460891
0.121831656
0.16359532
0.13527969
0.12938222
0.12257579
0.14688021
0.16849229
0.43638694
0.5151695
0.47978026
0.44465575
0.5241993
0.4195821
0.45888054
0.6074919
0.7680049
0.8775496
1.0583124
0.5854999
0.27967367
0.37806877
0.26844257
0.2004846
0.14464816
0.12774906
0.15132284
0.113337755
0.14024428
0.114566326
0.11097491
0.1780223
0.33640414
0.48081937
0.48967454
0.4220397
0.38989693
0.42728186
0.40394232
0.4438314
0.6099956
0.728737
0.6462914
0.62984407
0.42900345
0.34978095
0.42135823
0.10370505
0.12529838
0.15033644
0.1232436
0.118126035
0.10625285
0.13499898
0.23578674
0.27621198
0.37132677
0.44429418
0.26625144
0.44189665
0.19534492
0.34654745
0.24479932
0.5831376
0.37712297
0.24669096
0.5267291
0.26820678
0.3504123
0.52716595
0.3635315
0.36059973
0.1308771
0.17082387
0.16311532
0.1465579
0.11554319
0.13289708
0.11200181
0.14661098
0.28873643
1.0196147
0.29933777
0.4403811
0.73413557
0.406193
0.35822076
0.68568546
0.4168087
0.3749893
0.52092856
0.98553765
0.99350107
0.30274558
0.3877781
0.2983789
0.12966904
0.17312688
0.15001291
0.14341924
0.09509301
0.093614906
0.11587444
0.106345475
0.39231125
0.6715331
0.4409941
0.7985492
0.73361784
0.6064307
0.3021114
0.33347806
0.33776912
0.46018896
0.6619216
0.5991766
0.9517733
0.28631344
0.3739638
0.25186515
0.12929314
0.14468372
0.12585574
0.12589848
0.094236016
0.1005626
0.13008308
0.19366807
0.3013895
0.26087105
0.5160987
0.47409016
0.51473576
0.36134633
0.770794
0.42620045
0.4952165
0.376725
0.4308093
0.86366326
0.5738157
0.32514587
0.2444075
0.20706671
0.17387515
0.23978674
0.1709953
0.13535276
0.11501199
0.12976515
0.12396982
0.17371142
0.40374252
0.73051095
0.5961967
0.6289331
0.547866
0.48988473
0.4713065
0.49158102
0.39707896
0.35157079
0.46936193
0.8162201
0.6971558
0.3653127
0.3984957
0.33511633
0.19430459
0.14810142
0.17013004
0.13949934
0.1266877
0.12685585
0.17194083
0.251181
0.6772937
0.4675171
0.6946476
0.4552991
0.6765313
0.4195333
0.6439278
0.55196494
0.528754
0.40261263
0.32944208
1.048691
0.91199505
0.5071276
0.50304574
0.4048504
0.33031517
0.28760624
0.23976725
0.13239852
0.124753445
0.13348824
0.12122494
0.21333739
0.3808685
0.40058544
0.6133565
0.48567918
0.19212586
0.43902934
0.888934
0.92628676
0.6569905
0.45188335
0.52145916
1.149192
0.742033
0.30784193
0.22650412
0.17685416
0.22618103
0.25166515
0.15564239
0.14041841
0.14409697
0.12132904
0.15100652
0.25070703
0.4018192
0.4420241
0.6873769
0.7722754
0.98900557
0.6120514
0.38241377
0.57182145
0.5317665
0.43058535
0.4200333
0.3747413
0.4087658
0.54226
0.4092724
0.51616484
0.2792581
0.20744503
0.17224488
0.1507023
0.12570903
0.17013055
0.117384076
0.14503509
0.3815523
0.83489627
0.6908576
0.56742245
0.83843994
0.59586495
0.48183906
0.28021538
0.32834545
0.53324217
0.5861288
0.7964429
0.58426553
0.4858671
0.56134826
0.29945374
0.15060604
0.18220153
0.15649763
0.1527156
0.124355465
0.15747768
0.14411575
0.18065313
0.39753932
0.5261601
0.6660697
0.7316034
0.8238928
0.6780746
0.45307717
0.44542918
0.41315362
0.40679607
0.6297374
0.91684157
0.6213873
0.77492005
0.64077395
0.40808192
0.27423453
0.26461357
0.17215604
0.14066336
0.12076703
0.1329633
0.1355026
0.23446599
0.44913232
0.645995
0.51176125
0.4447715
0.4143172
0.4542773
0.3001607
0.3298287
0.5111074
0.45192325
0.700409
0.7115735
0.80676913
0.4331736
0.5673974
0.2725141
0.21321532
0.15603521
0.171446
0.15923381
0.13345456
0.14310274
0.09882358
0.16706553
0.5319878
0.86798
0.39174503
0.40732965
0.60324144
0.48407727
0.38895905
0.4811634
0.48994136
0.88187873
0.87394875
1.3021836
0.35685733
0.60739744
0.36673015
0.2525084
0.23145431
0.17880419
0.17091969
0.15773273
0.14627713
0.17288867
0.12442693
0.4997892
0.43442345
1.0803162
0.66852957
0.5898281
0.5423228
0.41871285
0.5352578
0.5041566
0.56520677
0.622996
0.68950003
0.5315393
0.60588807
0.45705944
0.32586214
0.1708999
0.19323519
0.18848646
0.20351902
0.14543724
0.10698491
0.13630629
0.11656934
0.13016707
0.5329133
0.7701254
0.57487196
0.72734123
0.45316333
0.40741143
0.5009305
0.50838995
0.54013973
0.70600134
0.9532913
1.0288527
0.5593916
0.5205608
0.3845537
0.14217204
0.17342031
0.17688012
0.16451612
0.13041797
0.13450581
0.12209827
0.24527133
0.23204032
0.402794
0.44122866
0.5555024
0.59567314
0.2647551
0.6177474
0.5436232
0.429339
1.0175859
0.72701216
0.7842925
0.55056036
1.012953
0.5291909
0.5539841
0.27743793
0.15914568
0.14402252
0.15869316
0.1766415
0.15228051
0.15760767
0.13124871
0.18036515
0.55960196
0.6633111
0.4735917
0.6537041
0.48303002
0.5349641
0.38641524
0.7184834
0.6837467
0.65304106
1.465172
1.2428674
0.8494314
0.6087948
0.45238546
0.15082476
0.15666354
0.14457792
0.15872619
0.15214682
0.13902879
0.14836934
0.12658897
0.371125
0.67586386
0.77114344
1.1260701
0.54883486
0.5352326
0.42989
0.62203133
0.6735572
0.64110863
1.1088439
1.2282029
1.4639045
0.82814926
0.4330537
0.5477371
0.22140199
0.15389994
0.15279591
0.1649029
0.15410766
0.124841064
0.121100694
0.106709
0.12158236
0.47163767
0.8922514
0.48565927
0.4084269
0.4267267
0.4286115
0.49242637
0.47464228
0.4827446
0.6572473
1.2613964
0.6364415
0.7903766
0.4871679
0.49252102
0.20011112
0.16441178
0.15588865
0.16579151
0.15396851
0.13507822
0.13026085
0.12208068
0.20559248
0.6299619
0.3986057
0.7588803
0.3845204
0.40419444
0.33180812
0.62241507
0.4712599
0.75369424
0.88066244
0.95042455
1.0522504
1.1067796
0.3805006
0.31380627
0.24071199
0.18038705
0.16157302
0.1845909
0.15467498
0.13601544
0.14252385
0.15424529
0.17945999
0.6176807
0.99476945
0.8924885
0.899275
0.3931334
0.4180777
0.5577097
0.47579873
0.84745455
0.9244682
1.1078858
0.71013784
1.7008712
0.49934292
0.3826318
0.1439814
0.1632824
0.1590921
0.17122227
0.15557113
0.15187505
0.15611905
0.11161572
0.19738221
0.32527992
0.9726803
0.36495927
0.35123634
0.39028445
0.48679143
0.47709942
0.5973628
0.64123577
0.61627555
1.2853913
0.8586904
0.73370993
0.6249101
0.3601019
0.13441783
0.16994718
0.17708695
0.17902061
0.14419377
0.14800349
0.13369507
0.16922972
0.14371812
0.39767936
0.60879016
0.8581097
0.64760286
0.44733602
0.5046514
0.41337752
0.6082572
0.64018255
0.5269051
1.0216244
0.80834717
1.1689547
0.4784819
0.4804802
0.21676826
0.1457079
0.15320575
0.16977778
0.17034131
0.16010734
0.15873855
0.14422655
0.18599078
0.9319703
0.552499
0.63723
0.6856777
0.76957333
0.4107531
0.30515373
0.3528227
0.54139066
0.58003545
1.2740101
0.9036429
0.7059549
0.43426389
0.48327345
0.18735895
0.1636518
0.14936867
0.18699563
0.17361298
0.14849892
0.14153376
0.14901963
0.23128825
0.57914394
0.78577346
0.65881157
0.50864375
0.6930719
0.5992692
0.42358175
0.5986525
0.59952855
0.5787905
1.2269753
0.5321988
1.0555372
0.62640357
0.43464637
0.20949632
0.16214898
0.14579749
0.1751748
0.16148883
0.14804524
0.14240193
0.1408926
0.21937081
0.60404766
1.0458606
1.0577731
0.4417817
0.52787375
0.5072615
0.4914929
0.6093503
0.6308673
0.64685315
0.8188189
0.68042344
0.5805531
0.46752676
0.33834654
0.2410473
0.17655075
0.16118869
0.17524105
0.18632987
0.16122329
0.15331185
0.16035071
0.289979
0.39113417
1.0922692
0.78232557
0.29247287
0.58994293
0.5518489
0.36335075
0.45452508
0.6110043
0.6442945
1.0737458
0.94991606
0.80004865
0.4993524
0.42554823
0.25460783
0.16741478
0.1702745
0.20186883
0.18516326
0.1599291
0.16025719
0.16904274
0.18554756
0.50774115
0.78753716
0.40482932
0.6153867
0.45245597
0.50350624
0.32141542
0.51146895
0.64026684
0.65994656
0.99766165
0.87550867
0.91487134
0.4997583
0.4662047
0.2021749
0.19278136
0.20213455
0.19741091
0.18026665
0.15674904
0.15352464
0.14621931
0.23236743
0.46616828
0.7961172
1.0275114
0.8668045
0.34629604
0.3820443
0.45821035
0.512918
0.6072458
0.6532491
1.1838036
0.6821948
0.8907518
0.61322284
0.54660714
0.17991054
0.17908713
0.19559002
0.17255649
0.1542485
0.16320598
0.17074075
0.22233906
0.1454885
0.6016075
0.97575325
0.5253399
0.53445023
0.35443377
0.37504733
0.5308992
0.49577942
1.0663763
0.67202115
0.852801
0.73781264
0.42800796
0.7708823
0.4570805
0.17999944
0.16066703
0.2058937
0.23804212
0.20383069
0.17316562
0.17044115
0.16253659
0.2227079
0.765234
1.1222721
0.8994459
0.70189
0.44746566
0.34720078
0.85145706
0.7551439
0.57061535
0.695777
0.80464303
1.0215945
0.6287061
0.6303168
0.31537205
0.16839501
0.17664418
0.1746496
0.18819344
0.18033615
0.15936846
0.16378796
0.19948977
0.13051379
1.1671032
0.76083726
0.5152974
0.35707942
0.50496835
0.656882
0.5724638
0.68396974
0.4987253
0.7631594
1.0656176
0.7220255
0.49732733
0.57082397
0.27926862
0.20473936
0.16222197
0.1679385
0.18377924
0.18373227
0.14769784
0.14359415
0.17223433
0.29208928
0.55389035
0.62427104
0.6555095
0.4246485
0.60387313
0.37272322
0.49702072
0.44066104
0.4930186
0.3299321
0.6080081
0.7699222
0.6869615
0.3592459
0.44264522
0.28347105
0.1795193
0.1799207
0.18755582
0.1683529
0.15259197
0.15200117
0.18750545
0.5925213
0.5343477
0.5375022
0.77595544
0.60563016
0.79250014
0.49291697
0.4050214
0.40767238
0.6827214
0.70395374
0.9962605
0.79750615
0.6657788
0.50835365
0.48440292
0.29781017
0.18797353
0.15728387
0.18395293
0.16744584
0.1633308
0.15797135
0.17198256
0.50564516
0.50333184
0.7159018
0.43686074
0.34896627
0.76774156
0.42640933
0.4336277
0.4247532
0.36333874
0.7313349
0.7989255
0.97203535
0.64322793
0.6649149
0.496303
0.26861683
0.27303576
0.24775392
0.2399629
0.19053522
0.15328914
0.1830796
0.1412434
0.24876907
0.39967212
0.40910625
0.535344
0.509918
0.5029952
0.37782812
0.5494335
0.32128224
0.61802435
0.5170663
0.8308862
0.5782926
0.7373396
0.55080014
0.6041316
0.2411254
0.20244443
0.24926588
0.18876049
0.16926754
0.16082838
0.14835161
0.14784116
0.3002308
0.6815107
0.56245196
0.43731922
1.5799744
0.29539767
0.36350167
0.6069439
0.73249155
0.3221251
0.43218145
0.43687007
0.29974702
0.51444584
0.3590861
0.15930739
0.437088
0.16937107
0.20668873
0.12403461
0.13638306
0.24415922
0.28297797
0.33258134
0.40644068
0.77473986
0.9849914
1.0016712
0.37139964
0.35260925
0.7201535
0.42731494
0.20723155
0.37565455
0.7937092
0.55907977
0.23740005
0.40302414
0.26917377
0.13244158
0.21734104
0.18674743
0.17620176
0.16897947
0.14776945
0.16771209
0.18972427
0.23588467
0.49414968
0.6140744
0.52422833
0.50994724
0.40440327
0.56518763
0.5903603
0.48001778
0.43425778
0.5207009
1.0042009
0.7294412
0.24626192
0.44045913
0.21283421
0.100034624
0.13067484
0.17641735
0.157345
0.15790665
0.11225191
0.12913072
0.19456881
0.4437496
0.53851295
0.8214844
0.9463476
0.6317456
0.36146224
0.66616976
0.48850676
0.3766415
0.43616045
0.4163039
0.31611612
0.42952612
0.19362459
0.13987252
0.120683074
0.25892198
0.30356768
0.25671494
0.46061587
0.41278505
0.20159358
0.14014664
0.15932396
0.21410915
0.31006554
0.38940364
0.5567786
0.45037487
0.52934515
0.25302175
0.4754956
0.3399598
0.4318284
0.4657741
0.51997584
0.4736598
0.22601786
0.33967152
0.23404095
0.19573748
0.25918707
0.16304073
0.15600768
0.1346947
0.1268129
0.09363505
0.18557194
0.2655463
0.30481005
0.41440806
0.4654991
0.42047733
0.3803526
0.34849507
0.26029807
0.4298197
0.37816796
0.3311748
0.37816578
0.7251068
0.52885026
0.2933092
0.22981939
0.19226259
0.16961768
0.17311043
0.1707761
0.13567099
0.13890272
0.1363219
0.19505978
0.2804362
0.36617047
0.42679423
0.3555612
0.36567622
0.48160836
0.4608994
0.5709232
0.35265633
0.36094916
0.64212203
0.42033714
0.5833457
0.57561886
0.5452343
0.33213702
0.18761289
0.18762505
0.1750395
0.17490691
0.20422426
0.16755176
0.2922915
0.3074891
0.4708403
0.33685544
0.5433887
0.36527482
0.42803624
0.39622715
0.41482598
0.46264848
0.3886989
0.37610823
0.47788224
0.49939746
0.41245258
0.36659485
0.1110349
0.10622081
0.20937765
0.2601851
0.15699586
0.15827629
0.108510286
0.10700804
0.16178378
0.15072456
0.14228708
0.47275472
0.49310252
0.33637297
0.38303265
0.4161255
0.4752147
0.43441656
0.48591897
0.47795492
0.21633959
0.36718783
0.45878306
0.29600146
0.60833865
0.56253
0.37395033
0.2056145
0.14896488
0.17519379
0.16758958
0.15962356
0.1323339
0.14506593
0.13014701
0.14869246
0.2618672
0.249374
0.43593478
0.5935654
0.4066634
0.4404107
0.42171586
0.3064617
0.5457158
0.6446377
1.0725044
1.102881
0.708449
0.4682108
0.4038316
0.19885251
0.16475254
0.17261073
0.17857602
0.16575813
0.14049321
0.13436279
0.13229927
0.15162233
0.48665795
0.65873986
0.77344066
0.3815459
0.42052662
0.33527288
0.3165791
0.38092288
0.45696884
0.60081536
1.1550196
0.7067561
0.44468307
0.4951374
0.1883499
0.17269325
0.15729216
0.1502066
0.1392706
0.15123567
0.15293974
0.14343783
0.16429451
0.2175785
0.7231054
1.0368308
0.5322561
0.27504048
0.41407034
0.32937896
0.36709934
0.36865866
0.28014895
0.72368425
0.6954285
0.96085924
0.43363133
0.5886966
0.4169462
0.26558307
0.16318458
0.16153187
0.17045829
0.17439774
0.15259257
0.16538668
0.1957789
0.18956989
0.58142173
0.59130895
0.98741096
0.7051572
0.7258697
0.35101518
0.46388492
0.3939547
0.34609246
0.6256379
0.70111686
0.70268697
0.7618894
0.6950358
0.38107085
0.33558616
0.34899864
0.23755172
0.21969348
0.17000666
0.15388489
0.13721508
0.15053734
0.24181718
0.8598598
0.8313975
0.48772192
0.92700124
0.13205922
0.60651916
0.32619572
0.32209525
0.4848106
0.7765282
0.9730724
0.64196134
0.49220875
0.47903284
0.38059637
0.212351
0.17666295
0.17898673
0.16507843
0.15039062
0.14208159
0.14214623
0.19805008
0.55535024
0.3858651
0.8181025
1.625777
0.42921445
0.33289498
0.4156932
0.22470969
0.37170607
0.440008
0.36430472
0.54805815
0.9089578
0.79024845
0.46202803
0.50775325
0.31267688
0.19318175
0.18911767
0.17444697
0.20239115
0.18780723
0.17867643
0.1270478
0.25584576
0.6442197
0.53419006
0.3314419
0.4315324
0.35862166
0.64150256
0.35696536
0.2858597
0.60230863
0.3411129
0.65614486
1.1874528
0.50846857
0.43824455
0.24888498
0.20785144
0.14813444
0.19746777
0.16975808
0.1693398
0.14074513
0.1463536
0.20142183
0.19439942
0.8025233
0.35499695
0.47642145
0.70132023
0.50502723
0.34600893
0.4608138
0.45671794
0.43993908
0.610559
0.6947186
0.56766564
0.6638257
0.85002804
0.30480722
0.25902385
0.18554583
0.163887
0.18706805
0.16793841
0.14747894
0.16126752
0.1565539
0.24637303
0.48552424
0.7886368
0.45279324
0.38797447
0.36946014
0.4160461
0.37439194
0.31652218
0.25832763
0.4547464
0.58749956
0.9413284
0.5228487
0.32964754
0.33291462
0.2095254
0.19130152
0.171828
0.17203337
0.15583658
0.13857919
0.14584866
0.17198351
0.2533517
0.45485938
1.0557361
0.32338116
0.44559246
0.23275056
0.2943131
0.30554372
0.4072093
0.51328033
0.5014071
0.7289965
0.81433564
0.71201575
0.5320902
0.2842927
0.15062487
0.1686534
0.16139132
0.13735259
0.1516197
0.13441297
0.13936272
0.14688617
0.15371594
0.8250905
0.34861577
0.44965735
0.3624249
0.41354853
0.33550662
0.33317292
0.43632868
0.5543465
0.67077833
0.72412795
1.1298864
0.6254808
0.7133482
0.46355063
0.32103708
0.17213851
0.19122577
0.21145135
0.15883765
0.14033508
0.15735096
0.17082995
0.55982506
0.43861207
0.6927607
0.3509741
0.34655538
0.47159973
0.39179397
0.7755632
0.3671983
0.5349058
0.54356056
0.8957376
0.8304185
0.7520238
0.3656784
0.4553529
0.22898743
0.1796157
0.20568481
0.1625719
0.14212844
0.13920039
0.12170398
0.17314047
0.13568226
0.3277313
0.57101756
0.43575373
