0.342
0.841
0.575
0.6910000000000001
0.28800000000000003
0.253
0.265
0.325
0.457
0.8240000000000001
0.653
0.48200000000000004
0.36700000000000005
0.13
0.152
0.111
0.117
0.174
0.25
0.44
0.41200000000000003
0.515
0.468
0.373
0.318
0.407
0.452
0.8560000000000001
0.629
0.464
0.34600000000000003
0.363
0.488
0.489
0.429
0.446
0.16699999999999998
0.154
0.105
0.15
0.1
0.11900000000000001
0.312
0.5569999999999999
0.468
0.408
0.27
0.273
0.19
0.348
0.32799999999999996
0.312
0.319
0.483
0.467
0.524
1.365
1.374
1.5750000000000002
0.6659999999999999
0.5489999999999999
0.20199999999999999
0.147
0.13699999999999998
0.213
0.21100000000000002
0.26899999999999996
0.31999999999999995
0.429
0.926
0.5820000000000001
0.23800000000000002
0.312
0.38
0.28700000000000003
0.328
0.311
0.627
0.53
0.46299999999999997
0.519
0.47200000000000003
0.417
0.444
0.353
0.14200000000000002
0.13699999999999998
0.158
0.117
0.14800000000000002
0.28700000000000003
0.35200000000000004
0.6579999999999999
0.883
0.37799999999999995
0.239
0.29100000000000004
0.29200000000000004
0.345
0.335
0.364
0.315
0.358
0.513
2.3920000000000003
2.1619999
0.675
0.6739999999999999
0.431
0.124
0.121
0.117
0.13899999999999998
0.136
0.295
0.366
0.431
0.517
0.76
0.6910000000000001
0.124
0.121
0.13
0.131
0.255
0.281
0.32
0.28
0.272
0.289
0.308
0.28500000000000003
0.134
0.116
0.13899999999999998
0.106
0.128
0.116
0.27699999999999997
0.36
0.366
0.364
0.348
0.363
0.353
0.338
0.341
0.344
0.322
0.28300000000000003
0.299
0.28400000000000003
0.231
0.237
0.20199999999999999
0.256
0.134
0.113
0.125
0.121
0.141
0.105
0.284
0.36700000000000005
0.339
0.371
0.344
0.237
0.205
0.18100000000000002
0.21
0.201
0.233
0.22899999999999998
0.237
0.22699999999999998
0.195
0.265
0.265
0.513
0.35
0.275
0.15
0.128
0.14200000000000002
0.13
0.27
0.389
0.963
1.254
0.36700000000000005
0.7290000000000001
0.948
0.8270000000000001
0.284
0.325
0.8480000000000001
0.373
0.328
0.412
0.648
0.483
0.519
0.49200000000000005
0.14700000000000002
0.13699999999999998
0.145
0.129
0.132
0.14200000000000002
0.26899999999999996
0.517
0.6829999999999999
0.376
0.5840000000000001
0.297
0.23600000000000002
0.465
0.259
0.373
0.27
0.218
0.2
0.23399999999999999
0.21600000000000003
0.7020000000000001
1.085
0.408
0.251
0.215
0.14500000000000002
0.141
0.12300000000000001
0.135
0.294
0.42200000000000004
0.6619999999999999
0.48100000000000004
0.364
0.299
0.171
0.359
0.276
0.25
0.207
0.207
0.295
1.249
1.5919999999999999
0.469
0.47200000000000003
0.47200000000000003
0.316
0.174
0.099
0.138
0.129
0.105
0.301
0.365
0.409
0.354
0.638
0.325
0.532
0.25
0.232
0.313
0.311
1.013
1.629
1.7590000000000001
0.912
1.186
0.4
0.48700000000000004
0.247
0.121
0.138
0.35
0.153
0.14900000000000002
0.252
0.391
0.361
0.34
0.31
0.409
1.6909999999999998
1.402
1.194
0.31699999999999995
0.243
0.271
0.488
0.37
0.386
0.475
0.47
0.311
0.29000000000000004
0.255
0.126
0.125
0.11900000000000001
0.128
0.257
0.308
0.32299999999999995
0.29100000000000004
0.878
0.732
0.259
0.264
0.343
0.6709999999999999
0.247
0.16499999999999998
0.295
0.556
0.463
0.474
0.82
0.37200000000000005
0.6639999999999999
0.5750000000000001
0.152
0.13699999999999998
0.12300000000000001
0.127
0.249
0.317
0.29000000000000004
0.459
0.6809999999999999
0.187
0.159
0.18899999999999997
0.191
0.264
0.207
0.224
0.7170000000000001
0.611
1.075
0.8340000000000001
0.575
0.831
0.5820000000000001
0.106
0.135
0.152
0.217
0.157
0.276
0.371
0.335
0.6990000000000001
0.674
0.369
0.154
0.28700000000000003
0.247
0.312
0.27899999999999997
0.409
0.461
0.606
0.8939999999999999
0.536
0.764
0.9420000000000001
0.47
0.213
0.15400000000000005
0.157
0.13699999999999998
0.16
0.311
0.41
0.391
0.737
0.782
0.49200000000000005
0.391
0.409
0.425
1.225
0.505
0.406
0.6
0.669
1.3649999999999998
1.7800000000000002
0.982
0.632
0.18899999999999997
0.14200000000000002
0.157
0.156
0.153
0.157
0.299
0.364
0.361
0.813
1.141
0.436
0.314
0.334
0.301
0.31799999999999995
0.314
0.27899999999999997
0.56
0.823
0.408
0.326
0.34
0.517
0.353
0.158
0.14400000000000002
0.16799999999999998
0.14200000000000002
0.14900000000000002
0.273
0.33
0.327
1.3
0.546
0.561
0.735
0.925
2.479
2.6939999
0.9329999999999999
1.842
1.892
1.473
1.05
0.381
0.38799999999999996
0.35
0.276
0.166
0.14800000000000002
0.16
0.14
0.13699999999999998
0.292
0.321
0.32
0.30600000000000005
0.28500000000000003
0.391
0.17800000000000002
0.872
0.733
0.215
0.235
0.235
0.223
0.258
0.214
0.223
0.225
0.209
0.62
0.35100000000000003
0.3
0.17600000000000002
0.154
0.152
0.266
0.344
0.322
0.359
0.47600000000000003
0.418
0.153
0.23600000000000002
0.183
0.272
0.374
0.453
0.698
0.929
0.556
0.435
0.474
0.413
0.29700000000000004
0.15000000000000002
0.14400000000000002
0.153
0.15000000000000002
0.14800000000000002
0.3
0.337
0.402
0.5770000000000001
0.37200000000000005
0.28800000000000003
0.30200000000000005
0.507
0.40399999999999997
0.6020000000000001
0.415
0.29
0.318
0.371
0.631
0.385
0.363
0.41200000000000003
0.161
0.16399999999999998
0.14200000000000002
0.14300000000000002
0.14500000000000002
0.145
0.307
0.401
0.424
0.422
0.335
0.301
0.337
0.359
0.408
0.39
0.39399999999999996
0.349
0.333
1.006
0.504
0.436
0.47700000000000004
0.43
0.165
0.14200000000000002
0.145
0.154
0.155
0.14400000000000002
0.294
0.358
0.445
0.416
0.338
0.348
0.221
0.233
0.35200000000000004
0.27399999999999997
0.344
0.405
0.422
0.407
0.555
0.485
0.465
0.495
0.253
0.152
0.151
0.129
0.162
0.151
0.309
0.4
0.5539999999999999
0.392
0.423
0.38799999999999996
0.22899999999999998
0.17800000000000002
0.251
0.337
0.33399999999999996
0.386
0.369
0.32
0.523
0.5660000000000001
0.40299999999999997
0.36
0.27399999999999997
0.29400000000000004
0.184
0.157
0.14500000000000002
0.14900000000000002
0.309
0.344
0.344
0.309
0.36200000000000004
0.243
0.251
0.198
0.245
0.35200000000000004
0.29300000000000004
0.268
0.275
0.314
0.46799999999999997
0.504
0.39
0.35
0.317
0.252
0.152
0.138
0.155
0.14200000000000002
0.279
0.334
0.312
0.29200000000000004
0.422
0.294
0.239
0.237
0.29200000000000004
0.317
0.28200000000000003
0.195
0.254
0.252
0.28
0.24600000000000002
0.235
0.366
0.23
0.16499999999999998
0.152
0.139
0.16
0.151
0.271
0.503
0.316
0.344
0.28400000000000003
0.297
0.23600000000000002
0.31599999999999995
0.29100000000000004
0.3
0.21899999999999997
0.413
0.416
0.39
0.48
0.45399999999999996
0.445
0.338
0.228
0.139
0.162
0.14600000000000002
0.14700000000000002
0.158
0.266
0.517
0.342
0.307
0.364
0.29100000000000004
0.271
0.22899999999999998
0.27899999999999997
0.326
0.264
0.29200000000000004
0.334
1.147
0.338
0.305
0.305
0.304
0.201
0.15000000000000002
0.15000000000000002
0.159
0.139
0.158
0.27899999999999997
0.452
0.309
0.327
0.29400000000000004
0.196
0.278
0.267
0.247
0.276
0.273
0.276
0.275
0.579
0.326
0.28700000000000003
0.297
0.26
0.17600000000000002
0.152
0.14300000000000002
0.153
0.145
0.15300000000000002
0.275
0.621
0.35700000000000004
0.395
0.34
0.275
0.21600000000000003
0.266
0.213
0.19899999999999998
0.28600000000000003
0.29400000000000004
0.27399999999999997
0.489
0.434
0.299
0.265
0.327
0.19
0.138
0.156
0.152
0.141
0.157
0.263
0.552
0.35200000000000004
0.401
0.39
0.42
0.322
0.255
0.55
0.237
0.259
0.28800000000000003
0.301
0.425
0.461
0.391
0.373
0.349
0.223
0.152
0.155
0.13699999999999998
0.14500000000000002
0.14400000000000002
0.313
0.382
0.473
0.447
0.343
0.449
0.7999999999999999
1.229
0.382
0.303
0.8150000000000001
0.344
0.38
0.37
0.36200000000000004
0.5379999999999999
0.44299999999999995
0.38799999999999996
0.282
0.183
0.152
0.14500000000000002
0.14800000000000002
0.14800000000000002
0.27
0.35600000000000004
0.6459999999999999
0.486
0.662
0.364
0.29300000000000004
0.381
0.331
0.314
0.315
0.29900000000000004
0.327
0.29500000000000004
0.23399999999999999
0.275
0.49
0.46
0.2
0.13699999999999998
0.159
0.138
0.151
0.14300000000000002
0.29600000000000004
0.623
0.375
0.39399999999999996
0.484
0.37799999999999995
0.344
0.381
0.40299999999999997
0.452
0.349
0.326
0.887
1.1179999999999999
0.4310000000000001
0.35700000000000004
0.458
0.43200000000000005
0.16999999999999998
0.14500000000000002
0.139
0.154
0.138
0.156
0.259
0.5710000000000001
0.344
0.429
0.36200000000000004
0.39299999999999996
0.359
0.408
0.377
0.414
0.407
0.381
0.36
1.306
0.449
0.491
0.391
0.43
0.187
0.163
0.14
0.158
0.141
0.157
0.26899999999999996
0.6409999999999999
0.38
0.359
0.366
0.365
0.473
0.271
0.24100000000000002
0.35200000000000004
0.29300000000000004
0.247
0.293
0.467
0.374
0.455
0.37200000000000005
0.436
0.27699999999999997
0.146
0.17600000000000002
0.162
0.251
0.183
0.501
0.39299999999999996
0.317
0.334
0.31799999999999995
0.17600000000000002
0.249
0.29200000000000004
0.28800000000000003
0.209
0.262
0.39
0.337
0.91
0.382
0.377
0.4270000000000001
0.4280000000000001
0.17300000000000001
0.161
0.156
0.17800000000000002
0.242
0.162
0.276
0.6679999999999999
0.35200000000000004
0.358
0.379
0.267
0.30800000000000005
0.30600000000000005
0.24100000000000002
0.24
0.289
0.331
0.29900000000000004
0.45899999999999996
0.375
0.364
0.333
0.355
0.259
0.243
0.239
0.17600000000000002
0.156
0.155
0.271
0.33399999999999996
0.7340000000000001
0.359
0.335
0.301
0.507
0.627
0.23
0.9079999999999999
0.29400000000000004
0.213
0.334
0.468
0.371
0.5660000000000001
0.47200000000000003
0.397
0.265
0.35600000000000004
0.183
0.155
0.14800000000000002
0.151
0.27699999999999997
0.319
0.334
0.4270000000000001
0.281
0.224
0.15899999999999995
0.205
0.21800000000000005
0.258
0.263
0.23
0.29400000000000004
0.33
0.28300000000000003
0.368
0.4260000000000001
0.348
0.239
0.24600000000000002
0.171
0.14300000000000002
0.155
0.294
0.30800000000000005
0.21700000000000005
0.198
0.261
0.229
0.213
0.211
0.21800000000000005
0.23800000000000002
0.201
0.235
0.245
0.214
0.22399999999999998
0.256
0.212
0.237
0.22699999999999998
0.192
0.24100000000000002
0.154
0.133
0.153
0.139
0.282
0.327
0.325
0.32299999999999995
0.324
0.29100000000000004
0.27899999999999997
0.255
0.254
0.243
0.226
0.213
0.36200000000000004
0.5389999999999999
0.715
0.74
0.589
0.36700000000000005
0.16
0.17300000000000001
0.23800000000000002
0.171
0.157
0.14200000000000002
0.284
0.326
0.649
0.349
0.369
0.23800000000000002
0.217
0.322
0.22
0.349
0.318
0.28900000000000003
0.39799999999999996
0.414
0.5229999999999999
0.43
0.30000000000000004
0.308
0.16699999999999998
0.254
0.183
0.157
0.14800000000000002
0.157
0.277
0.5670000000000001
0.37
0.386
0.326
0.303
0.287
0.255
0.239
0.237
0.252
0.3
0.28300000000000003
0.27399999999999997
0.259
0.606
0.354
0.32199999999999995
0.293
0.279
0.174
0.15
0.29
0.218
0.139
0.161
0.14700000000000002
0.162
0.154
0.158
0.16
0.15000000000000002
0.165
0.196
0.214
0.192
0.217
0.205
0.21
0.218
0.21
0.30900000000000005
0.182
0.14
0.145
0.15
0.133
0.151
0.257
0.32799999999999996
0.31
0.32299999999999995
0.25
0.23
0.212
0.208
0.22100000000000006
0.222
0.24600000000000002
0.225
0.22699999999999998
0.223
0.22
0.259
0.247
0.24
0.14800000000000002
0.14
0.152
0.136
0.152
0.134
0.307
0.375
0.375
0.32
0.309
0.27899999999999997
0.259
0.248
0.21899999999999997
0.247
0.247
0.254
0.232
0.228
0.261
0.247
0.27
0.261
0.155
0.141
0.149
0.14500000000000002
0.14200000000000002
0.14500000000000002
0.29500000000000004
0.382
0.371
0.34
0.311
0.322
0.27399999999999997
0.259
0.266
0.263
0.245
0.248
0.233
0.259
0.24
0.29700000000000004
0.366
0.28300000000000003
0.139
0.149
0.14300000000000002
0.14
0.147
0.135
0.303
0.377
0.37799999999999995
0.374
0.371
0.315
0.315
0.305
0.316
0.304
0.322
0.311
0.301
0.315
0.302
0.32
0.304
0.473
0.221
0.14700000000000002
0.154
0.135
0.152
0.134
0.311
0.386
0.773
0.48200000000000004
0.411
0.361
0.369
0.407
0.396
0.369
0.37200000000000005
0.39399999999999996
0.384
0.6499999999999999
0.508
0.5720000000000001
0.515
0.299
0.156
0.14500000000000002
0.157
0.14200000000000002
0.159
0.29300000000000004
0.446
0.369
0.365
0.35
0.28200000000000003
0.267
0.354
0.30400000000000005
0.24600000000000002
0.305
0.298
0.255
0.236
0.28300000000000003
0.31499999999999995
0.321
0.32299999999999995
0.471
0.212
0.135
0.153
0.136
0.154
0.135
0.31
0.552
1.3519999999999999
0.887
1.003
0.687
0.361
0.627
0.345
0.354
0.374
0.385
0.72
0.385
0.35200000000000004
0.317
0.33
0.344
0.212
0.156
0.13699999999999998
0.155
0.136
0.152
0.298
0.46
0.6539999999999999
0.364
0.387
0.5389999999999999
0.6509999999999999
0.381
0.33
0.322
0.33399999999999996
0.309
0.33
0.314
0.602
0.63
0.5409999999999999
0.47
0.266
0.16499999999999998
0.159
0.152
0.138
0.154
0.29100000000000004
0.361
0.585
0.39899999999999997
0.336
0.4320000000000001
0.34
0.331
0.623
0.485
0.544
0.5389999999999999
0.509
0.484
0.544
0.583
0.511
0.423
0.257
0.14300000000000002
0.14500000000000002
0.14
0.138
0.152
0.271
0.634
0.368
0.369
0.359
0.37200000000000005
0.276
0.45299999999999996
0.342
0.294
0.276
0.305
0.32299999999999995
1.2830000000000001
0.5529999999999999
0.416
0.35
0.259
0.16599999999999998
0.159
0.16499999999999998
0.14400000000000002
0.141
0.316
0.312
0.266
0.27
0.226
0.212
0.145
0.16899999999999998
0.233
0.265
0.257
0.257
0.24600000000000002
0.234
0.239
0.546
0.536
0.529
0.5770000000000001
0.196
0.14700000000000002
0.152
0.14400000000000002
0.14300000000000002
0.14800000000000002
0.28
0.329
0.722
0.407
0.371
0.39899999999999997
0.355
0.454
0.474
0.364
0.363
0.38
0.40399999999999997
0.48200000000000004
0.622
0.519
0.511
0.466
0.187
0.19
0.243
0.157
0.155
0.136
0.28800000000000003
0.586
0.38799999999999996
0.37799999999999995
0.38
0.375
0.368
0.39399999999999996
0.34
0.44299999999999995
0.39299999999999996
0.365
0.34
1.177
0.475
0.42700000000000005
0.397
0.445
0.188
0.16
0.175
0.245
0.16799999999999998
0.152
0.273
0.6639999999999999
0.35200000000000004
0.395
0.363
0.385
0.359
0.479
0.312
0.321
0.32199999999999995
0.338
0.334
0.321
0.33399999999999996
0.575
0.449
0.40399999999999997
0.27
0.183
0.152
0.149
0.14400000000000002
0.20199999999999999
0.391
0.408
0.402
0.4
0.594
0.391
0.316
0.34600000000000003
1.001
0.426
0.317
0.327
0.366
0.42100000000000004
0.39399999999999996
0.446
0.595
0.439
0.272
0.22899999999999998
0.135
0.155
0.13699999999999998
0.154
0.302
0.392
0.6920000000000001
0.436
0.371
0.34700000000000003
0.359
0.35
0.526
0.413
0.314
0.355
0.366
0.416
0.569
0.48700000000000004
0.48700000000000004
0.424
0.18899999999999997
0.154
0.141
0.155
0.13699999999999998
0.154
0.284
0.5870000000000001
0.379
0.374
0.365
0.413
0.467
0.461
0.6890000000000001
0.743
0.29700000000000004
0.365
0.358
0.354
0.5690000000000001
0.461
0.469
0.418
0.18899999999999997
0.138
0.155
0.157
0.138
0.158
0.33799999999999997
0.5820000000000001
0.36
0.376
0.39399999999999996
0.336
0.359
0.611
0.281
0.221
0.259
0.303
0.341
0.493
0.374
0.462
0.402
0.354
0.218
0.15000000000000002
0.14900000000000002
0.155
0.155
0.141
0.457
0.355
0.30700000000000005
0.29100000000000004
0.252
0.209
0.153
0.28800000000000003
0.945
0.431
0.245
0.337
0.387
0.35600000000000004
0.508
0.395
0.37799999999999995
0.276
0.15100000000000002
0.15000000000000002
0.16
0.14300000000000002
0.155
0.151
0.31
1.358
0.7140000000000001
0.8280000000000001
0.45799999999999996
0.213
0.256
0.382
0.309
0.28200000000000003
0.20199999999999999
0.28900000000000003
0.332
0.55
0.389
0.281
0.254
0.32
0.212
0.141
0.162
0.152
0.14800000000000002
0.156
0.364
0.857
0.579
0.8240000000000001
0.41600000000000004
0.257
0.23600000000000002
0.38299999999999995
0.334
0.24
0.42100000000000004
0.438
0.40399999999999997
0.29100000000000004
0.271
0.5469999999999999
0.35700000000000004
0.316
0.208
0.161
0.151
0.168
0.157
0.151
0.28800000000000003
0.4460000000000001
0.455
0.334
0.18899999999999997
0.374
0.228
0.20600000000000002
0.29600000000000004
0.234
0.261
0.26899999999999996
0.38299999999999995
0.396
0.37799999999999995
0.631
0.442
0.374
0.251
0.215
0.162
0.141
0.158
0.14500000000000002
0.277
0.649
0.467
0.349
0.387
0.29500000000000004
0.26899999999999996
0.21700000000000005
0.228
0.26899999999999996
0.268
0.272
0.30000000000000004
0.32
0.342
0.44799999999999995
0.358
0.359
0.15100000000000002
0.14800000000000002
0.159
0.138
0.33
0.19699999999999998
0.207
0.26899999999999996
0.24600000000000002
0.20199999999999999
0.15000000000000002
0.16599999999999998
0.16
0.298
0.27699999999999997
0.21899999999999997
0.264
0.16799999999999998
0.209
0.224
0.27
0.21100000000000002
0.203
0.22000000000000006
0.136
0.156
0.151
0.139
0.154
0.14400000000000002
0.284
0.34600000000000003
0.299
0.226
0.163
0.166
0.147
0.166
0.163
0.16099999999999998
0.208
0.215
0.212
0.264
0.207
0.159
0.221
0.152
0.155
0.151
0.147
0.149
0.138
0.149
0.27699999999999997
0.29800000000000004
0.257
0.232
0.203
0.162
0.16699999999999998
0.14800000000000002
0.21899999999999997
0.223
0.206
0.209
0.214
0.206
0.165
0.203
0.21800000000000005
0.163
0.138
0.156
0.156
0.149
0.155
0.136
0.284
0.342
0.665
0.452
0.445
0.366
0.313
0.43700000000000006
0.203
0.212
0.191
0.19399999999999998
0.32
1.3659999999999999
0.371
0.327
0.368
0.359
0.16599999999999998
0.14700000000000002
0.162
0.152
0.15000000000000002
0.161
0.257
0.6609999999999999
0.299
0.28300000000000003
0.23800000000000002
0.264
0.281
0.265
0.28900000000000003
0.208
0.19899999999999998
0.276
0.254
0.275
0.419
0.449
0.34600000000000003
0.326
0.28400000000000003
0.165
0.16399999999999998
0.145
0.18100000000000002
0.242
0.307
0.327
0.33399999999999996
0.5349999999999999
0.29500000000000004
0.243
0.233
0.22
0.272
0.198
0.243
0.253
0.23800000000000002
0.263
0.24100000000000002
0.228
0.232
0.23
0.14800000000000002
0.23
0.14500000000000002
0.16999999999999998
0.24
0.175
0.292
0.32799999999999996
0.337
0.5329999999999999
0.299
0.21600000000000003
0.17
1.134
1.44
0.5479999999999999
0.24
0.232
0.317
0.354
0.464
0.468
0.456
0.493
0.29700000000000004
0.19699999999999998
0.152
0.15000000000000002
0.15
0.15300000000000002
0.271
0.498
0.581
0.254
0.24
0.23600000000000002
0.21899999999999997
0.6900000000000001
0.252
0.204
0.193
0.18899999999999997
0.349
0.35
0.515
0.389
0.384
0.4320000000000001
0.36
0.172
0.155
0.14200000000000002
0.147
0.154
0.285
0.508
0.545
0.232
0.21100000000000002
0.16599999999999998
0.264
0.56
0.294
0.245
0.187
0.251
0.28500000000000003
1.083
0.409
0.423
0.339
0.354
0.27699999999999997
0.16399999999999998
0.14600000000000002
0.155
0.14500000000000002
0.155
0.272
0.499
0.507
0.16499999999999998
0.222
0.193
0.18600000000000003
0.17300000000000001
0.152
0.239
0.20199999999999999
0.21899999999999997
0.27899999999999997
0.387
0.505
0.556
0.413
0.35700000000000004
0.192
0.161
0.152
0.14800000000000002
0.161
0.154
0.27699999999999997
0.602
0.42
0.281
0.217
0.20800000000000002
0.205
0.275
0.192
0.207
0.20600000000000002
0.205
0.172
0.725
0.32
0.24100000000000002
0.237
0.271
0.252
0.151
0.149
0.159
0.158
0.139
0.34500000000000003
1.0590000000000002
0.907
0.885
0.779
0.632
0.35200000000000004
0.429
0.397
0.304
0.29800000000000004
0.338
0.366
0.41
0.289
0.251
0.257
0.25
0.16999999999999998
0.15
0.161
0.152
0.14800000000000002
0.159
0.28200000000000003
0.49200000000000005
0.42700000000000005
0.386
0.635
0.221
0.207
0.196
0.318
0.17800000000000002
0.408
0.27
0.212
0.261
0.257
0.484
0.409
0.382
0.3
0.182
0.14900000000000002
0.154
0.156
0.14700000000000002
0.284
0.32799999999999996
0.639
0.379
0.33
0.27
0.221
1.1430001
0.746
0.444
0.841
0.35100000000000003
0.312
0.402
0.5
0.35
0.416
0.369
0.14300000000000002
0.16
0.14
0.16
0.156
0.136
0.317
0.546
0.496
0.355
0.266
0.306
0.266
0.376
0.344
0.325
0.29100000000000004
0.314
0.35
0.44
0.627
0.382
0.39
0.34700000000000003
0.22399999999999998
0.175
0.16399999999999998
0.158
0.14300000000000002
0.16
0.26899999999999996
0.349
0.725
0.35200000000000004
0.322
0.365
0.29600000000000004
0.30200000000000005
0.4360000000000001
0.361
0.28600000000000003
0.273
0.244
1.01
0.35200000000000004
0.309
0.374
0.375
0.294
0.14300000000000002
0.16
0.14900000000000002
0.14900000000000002
0.158
0.271
0.34700000000000003
0.5660000000000001
0.42100000000000004
0.365
0.32
0.29200000000000004
0.359
0.395
0.32299999999999995
0.295
0.25
0.28200000000000003
0.334
0.27699999999999997
0.23800000000000002
0.272
0.30400000000000005
0.17
0.16899999999999998
0.14600000000000002
0.159
0.141
0.139
0.321
0.617
0.48
0.382
0.374
0.28300000000000003
0.268
0.24100000000000002
0.343
0.268
0.245
0.258
0.317
0.599
0.377
0.34600000000000003
0.334
0.37
0.201
0.153
0.157
0.153
0.154
0.14900000000000002
0.284
0.5449999999999999
0.47200000000000003
0.373
0.32199999999999995
0.386
0.341
0.28400000000000003
0.265
0.36200000000000004
0.29100000000000004
0.27
0.248
0.275
0.233
0.25
0.243
0.226
0.20199999999999999
0.16099999999999998
0.184
0.239
0.175
0.159
0.29
0.338
0.327
0.583
0.262
0.215
0.232
0.439
0.281
0.34700000000000003
0.24
0.231
0.353
0.209
0.34400000000000003
0.34700000000000003
0.424
0.382
0.325
0.19399999999999998
0.156
0.15200000000000002
0.156
0.15500000000000005
0.276
0.348
0.48700000000000004
0.406
0.31999999999999995
0.478
0.233
1.643
0.636
0.586
0.43200000000000005
0.29100000000000004
0.204
0.302
0.6679999999999999
0.36
0.389
0.285
0.182
0.13
0.17
0.128
0.16999999999999998
0.129
0.3
0.326
0.677
0.333
0.212
0.2
0.214
0.212
0.18600000000000003
0.205
0.237
0.253
0.23600000000000002
0.14
0.177
0.14400000000000002
0.183
0.141
0.16199999999999998
0.141
0.15
0.153
0.13699999999999998
0.16399999999999998
0.24100000000000002
0.25
0.222
0.235
0.139
0.23
0.141
0.187
0.18600000000000003
0.187
0.141
0.192
0.14
0.245
0.209
0.26
0.187
0.21
0.129
0.174
0.128
0.16799999999999998
0.128
0.16999999999999998
0.249
0.353
0.29100000000000004
0.314
0.21100000000000002
0.213
0.168
0.16899999999999998
0.16399999999999998
0.16899999999999998
0.15
0.174
0.165
0.213
0.435
0.624
0.542
0.4310000000000001
0.226
0.139
0.156
0.15400000000000005
0.14400000000000002
0.152
0.278
0.33899999999999997
0.631
0.365
0.37200000000000005
0.314
0.294
0.439
0.22899999999999998
0.256
0.188
0.19899999999999998
0.237
0.945
0.375
0.385
0.281
0.262
0.215
0.16699999999999998
0.129
0.165
0.154
0.155
0.278
1.067
0.8059999999999999
0.7150000000000001
0.361
0.326
0.309
0.382
0.28
0.265
0.278
0.315
0.331
0.632
0.444
0.28700000000000003
0.245
0.32
0.157
0.15899999999999995
0.16
0.153
0.146
0.14500000000000002
0.271
0.524
0.478
0.313
0.45
0.5870000000000001
0.193
0.23800000000000002
0.228
0.16399999999999998
0.306
0.25
0.231
0.299
0.425
0.313
0.429
0.43799999999999994
0.22300000000000006
0.152
0.151
0.14700000000000002
0.14700000000000002
0.14600000000000002
0.272
0.327
0.597
0.333
0.213
0.174
0.175
0.17300000000000001
0.257
0.334
0.306
0.249
0.742
0.354
0.647
0.418
0.41100000000000003
0.327
0.213
0.159
0.149
0.136
0.155
0.147
0.281
0.528
0.40399999999999997
0.322
0.278
0.215
0.19399999999999998
0.276
0.264
0.234
0.192
0.21
0.21
0.261
0.22
0.217
0.256
0.39899999999999997
0.28300000000000003
0.154
0.15
0.161
0.14200000000000002
0.135
0.29200000000000004
0.6709999999999999
0.361
0.26899999999999996
0.226
0.15799999999999995
0.191
0.25
0.244
0.207
0.222
0.156
0.205
0.252
0.6859999999999999
0.217
0.22399999999999998
0.331
0.228
0.19699999999999998
0.16799999999999998
0.12
0.163
0.16399999999999998
0.249
0.527
0.4
0.30300000000000005
0.203
0.214
0.227
0.204
0.16899999999999998
0.21899999999999997
0.19899999999999998
0.177
0.237
0.245
0.244
0.245
0.212
0.244
0.21900000000000006
0.19399999999999998
0.162
0.163
0.121
0.166
0.281
0.6120000000000001
0.498
0.405
0.359
0.359
0.312
0.28600000000000003
0.334
0.342
0.325
0.265
0.35100000000000003
0.354
0.634
0.461
0.408
0.374
0.321
0.27899999999999997
0.27899999999999997
0.261
0.248
0.27899999999999997
0.405
0.8440000000000001
0.47200000000000003
0.379
0.262
0.353
0.24
0.35
0.259
0.205
0.226
0.179
0.182
0.325
0.258
0.44
0.397
0.33
0.21
0.129
0.179
0.138
0.157
0.141
0.32299999999999995
0.425
0.33899999999999997
0.369
0.397
0.292
0.17300000000000001
0.484
0.221
0.172
0.294
0.161
0.252
0.244
0.262
0.741
0.386
0.334
0.24
0.14800000000000002
0.145
0.14400000000000002
0.251
0.32
0.334
0.629
0.348
0.301
0.39299999999999996
0.22
0.16699999999999998
0.16699999999999998
0.21600000000000005
0.24100000000000002
0.19
0.24600000000000002
0.215
0.174
0.192
0.231
0.261
0.17600000000000002
0.159
0.147
0.146
0.183
0.24100000000000002
0.297
0.635
0.395
0.336
0.266
0.16399999999999998
0.165
0.17
0.171
0.22300000000000006
0.228
0.21
0.198
0.233
0.391
0.258
0.306
0.302
0.255
0.14800000000000002
0.156
0.179
0.239
0.17800000000000002
0.45
0.511
0.414
0.258
0.18600000000000003
0.16499999999999998
0.155
0.165
0.16699999999999998
0.16199999999999998
0.16399999999999998
0.16
0.16399999999999998
0.15
0.16099999999999998
0.16699999999999998
0.15899999999999995
0.157
0.15400000000000005
0.15400000000000005
0.14
0.25
0.18
0.15000000000000002
0.239
0.249
0.24
0.223
0.155
0.16199999999999998
0.16299999999999998
0.149
0.161
0.157
0.16499999999999998
0.16199999999999998
0.16499999999999998
0.16399999999999998
0.155
0.16499999999999998
0.16299999999999998
0.16199999999999998
0.138
0.14300000000000002
0.15200000000000002
0.14800000000000002
0.15100000000000002
0.14500000000000002
0.255
0.26
0.233
0.16199999999999998
0.159
0.152
0.155
0.16399999999999998
0.16299999999999998
0.16499999999999998
0.161
0.16499999999999998
0.156
0.16899999999999998
0.16399999999999998
0.15
0.154
0.16199999999999998
0.15300000000000002
0.14500000000000002
0.15300000000000002
0.15300000000000002
0.14400000000000002
0.13699999999999998
0.245
0.249
0.23
0.162
0.159
0.154
0.16399999999999998
0.16399999999999998
0.16399999999999998
0.153
0.159
0.16699999999999998
0.157
0.16499999999999998
0.152
0.16899999999999998
0.162
0.14900000000000002
0.15300000000000002
0.14
0.22399999999999998
0.21800000000000005
0.158
0.14200000000000002
0.253
0.249
0.231
0.206
0.16799999999999998
0.16299999999999998
0.15
0.171
0.20199999999999999
0.153
0.214
0.16299999999999998
0.215
0.16
0.22000000000000006
0.204
0.625
0.514
0.361
0.213
0.156
0.20199999999999999
0.233
0.14500000000000002
0.27899999999999997
0.341
0.75
0.9570000000000001
0.316
0.275
0.264
0.24
0.46399999999999997
0.619
0.466
0.589
0.21600000000000003
0.27
0.256
0.435
0.414
0.396
0.30000000000000004
0.244
0.16699999999999998
0.151
0.158
0.14900000000000002
0.268
0.611
0.35700000000000004
0.667
0.361
0.21
0.206
0.21100000000000002
0.203
0.16799999999999998
0.17600000000000002
0.208
0.24100000000000002
0.298
0.28600000000000003
0.312
0.227
0.28900000000000003
0.156
0.14400000000000002
0.14400000000000002
0.149
0.151
0.146
0.48
0.28500000000000003
0.264
0.18899999999999997
0.16
0.16699999999999998
0.16899999999999998
0.16699999999999998
0.168
0.16699999999999998
0.212
0.192
0.188
0.24100000000000002
0.374
0.423
0.44
0.318
0.16399999999999998
0.155
0.157
0.154
0.155
0.157
0.27899999999999997
0.468
0.485
0.19399999999999998
0.20600000000000002
0.19899999999999998
0.198
0.4350000000000001
0.354
0.255
0.183
0.336
0.325
0.318
0.445
0.442
0.371
0.37799999999999995
0.185
0.151
0.155
0.151
0.154
0.155
0.28200000000000003
0.49200000000000005
0.418
0.391
0.364
0.349
0.32099999999999995
1.0859999999999999
0.384
0.251
0.221
0.234
0.215
0.273
0.37
0.195
0.22
0.237
0.235
0.142
0.14800000000000002
0.14600000000000002
0.15
0.154
0.272
0.33799999999999997
0.479
0.355
0.261
0.161
0.191
0.19899999999999998
0.28900000000000003
0.231
0.21700000000000005
0.21899999999999997
0.195
0.359
0.34
0.34700000000000003
0.32
0.263
0.229
0.18100000000000002
0.158
0.141
0.157
0.156
0.27
0.342
0.38
0.5670000000000001
0.263
0.228
0.23600000000000002
0.271
0.391
0.214
0.17800000000000002
0.265
0.22
0.332
0.536
0.30300000000000005
0.278
0.30200000000000005
0.149
0.172
0.183
0.14600000000000002
0.155
0.159
0.271
0.344
0.336
0.49200000000000005
0.321
0.21899999999999997
0.203
0.19
0.203
0.344
0.242
0.237
0.353
0.28600000000000003
0.243
0.278
0.414
0.353
0.28400000000000003
0.275
0.177
0.15000000000000002
0.153
0.151
0.29
0.325
0.295
0.524
0.266
0.17600000000000002
0.171
0.258
0.26
0.23
0.224
0.266
0.306
0.344
0.2
0.21
0.27699999999999997
0.28900000000000003
0.23
0.18600000000000003
0.154
0.14500000000000002
0.161
0.14600000000000002
0.284
0.528
0.335
0.213
0.17300000000000001
0.258
0.215
0.209
0.231
0.183
0.28700000000000003
0.313
0.381
0.369
0.36200000000000004
0.447
0.389
0.456
0.315
0.19
0.16999999999999998
0.152
0.15
0.14400000000000002
0.267
0.47200000000000003
0.527
0.26899999999999996
0.21
0.20199999999999999
0.172
0.18600000000000003
1.272
0.452
0.222
0.188
0.16899999999999998
0.24600000000000002
0.28700000000000003
0.546
0.45799999999999996
0.365
0.281
0.19899999999999998
0.14800000000000002
0.15100000000000002
0.161
0.14400000000000002
0.281
0.343
0.644
0.39
0.28
0.211
0.196
0.239
0.212
0.226
0.229
0.23199999999999998
0.201
0.9359999999999999
0.273
0.265
0.371
0.353
0.258
0.16199999999999998
0.168
0.146
0.232
0.231
0.282
0.539
0.41
0.3
0.29700000000000004
0.244
0.247
0.247
0.258
0.182
0.2
0.22899999999999998
0.26
0.238
0.205
0.23600000000000002
0.418
0.4280000000000001
0.28900000000000003
0.151
0.14200000000000002
0.152
0.156
0.14600000000000002
0.275
0.335
0.452
1.169
0.396
0.5750000000000001
0.612
0.62
0.29
0.365
0.433
0.262
0.235
0.237
0.37200000000000005
0.41700000000000004
0.29100000000000004
0.401
0.27899999999999997
0.162
0.156
0.14300000000000002
0.161
0.14700000000000002
0.28300000000000003
0.34600000000000003
0.32799999999999996
0.373
0.386
0.35700000000000004
0.485
0.877
0.361
0.276
0.258
0.319
0.326
0.343
0.33
0.584
0.466
0.397
0.249
0.14400000000000002
0.161
0.153
0.14700000000000002
0.16
0.267
0.544
0.499
0.446
0.209
0.18100000000000002
0.233
0.247
0.243
0.233
0.266
0.212
0.18
0.774
0.21600000000000003
0.327
0.38299999999999995
0.321
0.191
0.14600000000000002
0.158
0.163
0.14300000000000002
0.159
0.268
0.574
0.42
0.337
0.37200000000000005
0.375
0.32399999999999995
0.251
0.6619999999999999
0.16499999999999998
0.21600000000000005
0.187
0.21600000000000003
0.23600000000000002
1.008
0.433
0.369
0.368
0.182
0.142
0.162
0.14800000000000002
0.152
0.156
0.26899999999999996
0.64
0.382
0.353
0.354
0.315
0.28300000000000003
0.268
0.28400000000000003
0.214
0.257
0.198
0.382
0.754
0.281
0.35600000000000004
0.289
0.354
0.212
0.166
0.157
0.14800000000000002
0.16399999999999998
0.161
0.275
0.514
0.416
0.28600000000000003
0.469
0.22
0.243
0.261
0.941
0.336
0.28300000000000003
0.306
0.244
0.405
0.424
0.344
0.335
0.434
0.258
0.195
0.159
0.147
0.155
0.14400000000000002
0.28
0.5379999999999999
0.414
0.262
0.177
0.16899999999999998
0.171
0.18600000000000003
0.9159999999999999
0.22399999999999998
0.225
0.22399999999999998
0.273
0.35100000000000003
0.175
0.203
0.221
0.183
0.125
0.13699999999999998
0.129
0.14800000000000002
0.10800000000000001
0.13699999999999998
0.256
0.307
0.524
0.36
0.28300000000000003
0.335
0.253
0.212
0.29800000000000004
0.439
0.207
0.242
0.23
0.198
0.184
0.7559999999999999
0.333
0.228
0.214
0.242
0.135
0.135
0.151
0.217
0.28200000000000003
0.326
0.6659999999999999
0.364
0.28600000000000003
0.22399999999999998
0.207
0.14800000000000002
0.187
0.341
0.243
0.19899999999999998
0.18600000000000003
0.193
0.19899999999999998
0.375
0.392
0.329
0.198
0.127
0.132
0.179
0.213
0.13
0.259
0.48
0.364
0.218
0.162
0.18
0.184
0.389
0.16699999999999998
0.212
0.243
0.23
0.29000000000000004
1.3229999
0.41
0.331
0.27899999999999997
0.303
0.208
0.218
0.152
0.129
0.117
0.134
0.253
0.579
0.39399999999999996
0.311
0.326
0.29600000000000004
0.247
0.292
0.322
0.231
0.20199999999999999
0.215
0.17
0.413
0.257
0.233
0.29700000000000004
0.28300000000000003
0.345
0.187
0.13
0.133
0.134
0.11599999999999999
0.257
0.48100000000000004
0.415
0.28300000000000003
0.221
0.26899999999999996
0.27
0.371
0.223
0.205
0.23600000000000002
0.183
0.21899999999999997
0.209
0.192
0.19699999999999998
0.22000000000000006
0.29100000000000004
0.18
0.136
0.132
0.125
0.117
0.12300000000000001
0.259
0.301
0.611
0.29100000000000004
0.18899999999999997
0.245
0.187
0.295
0.177
0.215
0.18899999999999997
0.22899999999999998
0.171
0.257
0.196
0.36700000000000005
0.271
0.377
0.19699999999999998
0.135
0.124
0.131
0.133
0.128
0.249
0.5529999999999999
0.249
0.203
0.18
0.163
0.149
0.129
0.14400000000000002
0.147
0.126
0.15
0.14300000000000002
0.13
0.147
0.134
0.162
0.221
0.14800000000000002
0.136
0.117
0.124
0.132
0.117
0.192
0.19
0.138
0.19
0.14400000000000002
0.125
0.19
0.14300000000000002
0.184
0.14400000000000002
0.18600000000000003
0.158
0.18100000000000002
0.18
0.174
0.157
0.19399999999999998
0.19699999999999998
0.116
0.134
0.116
0.127
0.132
0.109
0.26
0.27699999999999997
0.221
0.212
0.184
0.19899999999999998
0.157
0.16499999999999998
0.19399999999999998
0.125
0.14400000000000002
0.133
0.135
0.14300000000000002
0.17800000000000002
0.29
0.504
0.387
0.16899999999999998
0.126
0.132
0.12
0.127
0.133
0.243
0.32299999999999995
0.6829999999999999
1.082
0.5329999999999999
0.508
0.764
0.403
0.225
0.191
0.18100000000000002
0.39
0.23800000000000002
1.239
0.28600000000000003
0.28
0.40299999999999997
0.324
0.207
0.121
0.14200000000000002
0.175
0.133
0.138
0.24600000000000002
0.617
0.315
0.18899999999999997
0.503
0.333
0.18600000000000003
0.196
0.278
0.209
0.275
0.239
1.218
0.415
0.223
0.195
0.16699999999999998
0.257
0.163
0.126
0.127
0.115
0.135
0.132
0.419
0.183
0.191
0.14
0.201
0.126
0.15
0.172
0.28200000000000003
0.152
0.193
0.14
0.127
0.20800000000000002
0.158
0.247
0.26899999999999996
0.266
0.195
0.126
0.126
0.13699999999999998
0.122
0.127
0.262
0.417
0.42700000000000005
0.15000000000000002
0.19699999999999998
0.207
0.174
0.469
0.28700000000000003
0.16899999999999998
0.232
0.341
0.667
0.5670000000000001
0.333
0.24
0.213
0.257
0.14300000000000002
0.14
0.117
0.13699999999999998
0.132
0.122
0.267
0.535
0.335
0.223
0.245
0.2
0.244
0.30800000000000005
0.298
0.23399999999999999
0.195
0.193
0.254
0.213
0.345
0.384
0.28
0.278
0.22699999999999998
0.184
0.12
0.136
0.128
0.121
0.266
0.308
0.325
0.466
0.301
0.293
0.30000000000000004
1.1909999999999998
0.358
0.154
0.151
0.135
0.16399999999999998
0.27
0.239
0.391
0.523
0.233
0.239
0.179
0.128
0.12
0.121
0.127
0.258
0.298
0.585
0.413
0.214
0.255
0.281
0.472
0.23600000000000002
0.33799999999999997
0.389
0.366
0.342
0.339
0.322
0.483
0.40299999999999997
0.426
0.382
0.37200000000000005
0.242
0.11800000000000001
0.133
0.132
0.243
0.312
0.348
0.414
0.16699999999999998
0.193
0.175
0.182
0.32099999999999995
0.207
0.184
0.301
0.159
0.183
0.254
0.28700000000000003
0.299
0.204
0.132
0.13
0.133
0.114
0.28300000000000003
0.18899999999999997
0.22699999999999998
0.225
0.212
0.28
0.171
0.136
0.14500000000000002
0.141
0.183
0.138
0.146
0.132
0.132
0.145
0.145
0.14300000000000002
0.17600000000000002
0.195
0.132
0.124
0.129
0.134
0.131
0.114
0.263
0.318
0.4290000000000001
0.499
0.32099999999999995
0.29200000000000004
0.28500000000000003
0.251
0.344
0.182
0.174
0.16799999999999998
0.332
0.966
0.325
0.344
0.26
0.297
0.185
0.12300000000000001
0.138
0.139
0.136
0.129
0.321
0.204
0.23
0.171
0.14300000000000002
0.14400000000000002
0.14800000000000002
0.14800000000000002
0.128
0.192
0.149
0.185
0.134
0.185
0.18899999999999997
0.128
0.314
0.252
0.19699999999999998
0.135
0.12300000000000001
0.125
0.134
0.133
0.244
0.335
0.212
0.33
0.192
0.175
0.18100000000000002
0.192
0.208
0.19
0.17600000000000002
0.16399999999999998
0.155
1.348
0.244
0.19699999999999998
0.187
0.21
0.214
0.245
0.142
0.127
0.128
0.177
0.322
0.222
0.14400000000000002
0.605
0.94
0.643
0.8200000000000001
0.179
0.391
0.324
0.245
0.185
0.174
0.19399999999999998
0.157
0.204
0.253
0.307
0.256
0.22
0.11800000000000001
0.131
0.166
0.218
0.252
0.316
0.278
0.21600000000000003
0.36700000000000005
0.177
0.537
0.442
0.14200000000000002
0.28500000000000003
0.138
0.18600000000000003
0.206
0.225
0.156
0.26899999999999996
0.225
0.317
0.251
0.19
0.11699999999999999
0.138
0.134
0.128
0.253
0.369
0.315
0.17800000000000002
0.175
0.185
0.214
0.28700000000000003
0.278
0.191
0.168
0.21600000000000005
0.226
0.464
0.408
0.23600000000000002
0.266
0.40299999999999997
0.14500000000000002
0.127
0.127
0.126
0.124
0.129
0.259
0.454
0.466
0.267
0.271
0.247
0.204
0.201
0.187
0.177
0.157
0.179
0.132
1.074
0.377
0.368
0.265
0.259
0.131
0.13
0.131
0.113
0.133
0.115
0.26
0.5569999999999999
0.505
0.27399999999999997
0.17600000000000002
0.2
0.17600000000000002
0.336
0.213
0.16999999999999998
0.23399999999999999
0.218
0.163
0.519
0.41700000000000004
0.359
0.26899999999999996
0.276
0.133
0.138
0.124
0.125
0.13
0.117
0.261
0.466
0.42200000000000004
0.242
0.196
0.188
0.179
0.191
0.256
0.165
0.166
0.18600000000000003
0.209
0.461
0.32299999999999995
0.211
0.211
0.28400000000000003
0.192
0.121
0.11800000000000001
0.133
0.126
0.11900000000000001
0.263
0.443
0.285
0.15799999999999995
0.18899999999999997
0.161
0.185
0.184
0.221
0.154
0.163
0.213
0.27
0.526
0.389
0.19
0.158
0.262
0.259
0.132
0.115
0.136
0.13
0.113
0.259
0.258
0.234
0.408
0.16999999999999998
0.19899999999999998
0.15
0.149
0.602
0.248
0.27
0.30300000000000005
0.129
0.19899999999999998
0.237
0.262
0.22699999999999998
0.28800000000000003
0.215
0.174
0.138
0.115
0.11800000000000001
0.12300000000000001
0.25
0.307
0.51
0.35200000000000004
0.18
0.23
0.228
0.228
0.124
0.738
0.534
0.222
0.267
0.243
0.218
0.5569999999999999
0.317
0.39399999999999996
0.15200000000000002
0.11900000000000001
0.14600000000000002
0.138
0.114
0.12300000000000001
0.262
0.313
0.444
0.27
0.22
0.196
0.21100000000000002
0.18600000000000003
0.131
0.16999999999999998
0.17600000000000002
0.172
0.14700000000000002
0.455
0.211
0.21600000000000005
0.18600000000000003
0.265
0.12300000000000001
0.14200000000000002
0.11900000000000001
0.11800000000000001
0.13699999999999998
0.12
0.263
0.6709999999999999
0.28600000000000003
0.15000000000000002
0.147
0.159
0.188
0.7959999999999999
0.239
0.214
0.196
0.17300000000000001
0.16699999999999998
0.239
0.256
0.212
0.172
0.25
0.182
0.14400000000000002
0.125
0.139
0.17300000000000001
0.22
0.318
0.15000000000000002
0.126
0.141
0.14
0.13699999999999998
0.152
0.121
0.14900000000000002
0.14500000000000002
0.14800000000000002
0.128
0.153
0.131
0.15
0.131
0.141
0.14800000000000002
0.161
0.213
0.14600000000000002
0.127
0.14
0.12
0.15
0.13
0.14200000000000002
0.131
0.147
0.14300000000000002
0.138
0.134
0.14
0.156
0.133
0.14300000000000002
0.135
0.151
0.14600000000000002
0.14
0.154
0.136
0.134
0.14
0.126
0.14400000000000002
0.116
0.146
0.12300000000000001
0.15
0.136
0.14300000000000002
0.15
0.14
0.14600000000000002
0.126
0.149
0.153
0.127
0.151
0.19639916506468075
0.16999999999999998
0.23
0.389
0.28200000000000003
0.28600000000000003
0.262
0.22
0.126
0.135
0.132
0.131
0.17800000000000002
0.17800000000000002
0.473
0.883
0.523
0.5870000000000001
0.22
0.20800000000000002
0.30400000000000005
0.251
0.245
0.22
0.5920000000000001
0.24600000000000002
0.196
0.255
0.19699999999999998
0.226
0.19699999999999998
0.159
0.12
0.16999999999999998
0.215
0.16999999999999998
0.171
0.14500000000000002
0.29700000000000004
0.271
0.516
0.275
0.18
0.152
0.155
0.7659999999999999
0.396
0.136
0.182
0.195
0.171
0.23800000000000002
0.29200000000000004
0.311
0.206
0.141
0.13699999999999998
0.127
0.136
0.134
0.153
0.207
0.18100000000000002
0.172
0.138
0.16699999999999998
0.129
0.15
0.16399999999999998
0.16899999999999998
0.18899999999999997
0.17600000000000002
0.175
0.8180000000000001
0.35200000000000004
0.18600000000000003
0.177
0.204
0.233
0.22699999999999998
0.151
0.153
0.14
0.127
0.243
0.127
0.128
0.139
0.125
0.136
0.14200000000000002
0.12300000000000001
0.22699999999999998
0.175
0.14
0.138
0.129
0.13
0.145
0.128
0.13699999999999998
0.14200000000000002
0.121
0.145
0.132
0.13
0.14400000000000002
0.125
0.132
0.141
0.136
0.125
0.14400000000000002
0.125
0.139
0.14300000000000002
0.125
0.141
0.13699999999999998
0.134
0.131
0.14300000000000002
0.134
0.134
0.147
0.13
0.129
0.145
0.125
0.138
0.14
0.122
0.14400000000000002
0.13
0.131
0.142
0.121
0.14
0.136
0.125
0.14400000000000002
0.126
0.135
0.14200000000000002
0.121
0.145
0.205
0.255
0.187
0.195
0.183
0.133
0.128
0.14200000000000002
0.127
0.13
0.14300000000000002
0.124
0.23399999999999999
0.149
0.16099999999999998
0.141
0.16599999999999998
0.16899999999999998
0.20199999999999999
0.88
0.16999999999999998
0.239
0.191
0.14400000000000002
0.124
0.46299999999999997
0.28200000000000003
0.289
0.198
0.121
0.13
0.126
0.124
0.133
0.138
0.117
0.26899999999999996
0.264
0.177
0.187
0.16399999999999998
0.23
0.175
0.18899999999999997
0.15999999999999998
0.157
0.225
0.214
0.185
0.306
0.223
0.218
0.22899999999999998
0.122
0.132
0.133
0.114
0.13699999999999998
0.14300000000000002
0.138
0.28900000000000003
0.235
0.16
0.21600000000000003
0.175
0.138
0.125
0.121
0.225
0.249
0.258
0.251
0.156
0.33299999999999996
0.20199999999999999
0.226
0.17800000000000002
0.136
0.133
0.11199999999999999
0.134
0.122
0.146
0.209
0.212
0.16299999999999998
0.179
0.215
0.25
0.272
0.427
0.136
0.154
0.14300000000000002
0.14400000000000002
0.20199999999999999
0.14200000000000002
0.14800000000000002
0.312
0.209
0.212
0.125
0.115
0.127
0.11800000000000001
0.115
0.154
0.212
0.213
0.16299999999999998
0.171
0.17600000000000002
0.188
0.209
0.593
0.38799999999999996
0.17300000000000001
0.14600000000000002
0.14200000000000002
0.25
0.16899999999999998
0.318
0.29200000000000004
0.206
0.154
0.125
0.111
0.128
0.115
0.126
0.134
0.382
0.16499999999999998
0.136
0.16699999999999998
0.14800000000000002
0.162
0.13
0.399
0.26899999999999996
0.239
0.198
0.14800000000000002
0.179
0.275
0.27899999999999997
0.203
0.19399999999999998
0.14200000000000002
0.114
0.128
0.134
0.11800000000000001
0.127
0.156
0.271
0.159
0.154
0.175
0.16
0.16399999999999998
0.122
0.464
0.184
0.244
0.276
0.211
0.174
0.6809999999999999
0.28400000000000003
0.162
0.209
0.133
0.135
0.128
0.102
0.138
0.12300000000000001
0.126
0.183
0.161
0.15
0.16499999999999998
0.16499999999999998
0.165
0.14400000000000002
0.8560000000000001
0.263
0.233
0.222
0.183
0.158
0.124
0.295
0.254
0.305
0.198
0.11800000000000001
0.122
0.111
0.126
0.128
0.136
0.129
0.127
0.28300000000000003
0.16599999999999998
0.152
0.122
0.12300000000000001
0.13699999999999998
0.261
0.17600000000000002
0.14600000000000002
0.134
0.161
0.121
0.12
0.124
0.128
0.132
0.114
0.188
0.132
0.115
0.128
0.154
0.11800000000000001
0.134
0.134
0.833
0.396
0.602
0.325
0.29600000000000004
0.784
0.267
0.265
0.23800000000000002
0.271
0.25
0.20600000000000002
0.233
0.211
0.174
0.122
0.11699999999999999
0.136
0.12
0.12
0.149
0.264
0.165
0.379
0.457
0.15
0.158
0.154
0.5970000000000001
0.337
0.29100000000000004
0.254
0.233
0.259
0.184
0.18100000000000002
0.304
0.275
0.191
0.11900000000000001
0.133
0.114
0.134
0.114
0.158
0.114
0.371
0.154
0.155
0.163
0.122
0.13
0.772
0.304
0.162
0.294
0.254
0.275
0.177
0.26899999999999996
0.223
0.264
0.215
0.192
0.19
0.188
0.188
0.18600000000000003
0.213
0.41700000000000004
0.19899999999999998
0.23
0.218
0.215
0.20199999999999999
0.17800000000000002
0.28
0.21600000000000005
0.21899999999999997
0.234
0.201
0.217
0.16899999999999998
0.16899999999999998
0.16899999999999998
0.16699999999999998
0.268
0.179
0.17300000000000001
0.171
0.16999999999999998
0.16899999999999998
0.19699999999999998
0.228
0.23399999999999999
0.17
0.245
0.206
0.19899999999999998
0.18
0.16699999999999998
0.168
0.16899999999999998
0.222
0.23399999999999999
0.27899999999999997
0.32299999999999995
0.175
0.16699999999999998
0.275
0.233
0.14400000000000002
0.111
0.126
0.091
0.125
0.138
0.29500000000000004
0.179
0.12300000000000001
0.16299999999999998
0.17800000000000002
0.117
0.33299999999999996
0.209
0.16399999999999998
0.165
0.157
0.156
0.196
0.232
0.334
0.222
0.24100000000000002
0.21899999999999997
0.187
0.091
0.204
0.17600000000000002
0.13899999999999998
0.16299999999999998
0.106
0.13699999999999998
0.185
0.174
0.152
0.14300000000000002
0.12300000000000001
0.429
0.263
0.16999999999999998
0.278
0.212
0.278
0.2
0.354
0.204
0.205
0.225
0.17800000000000002
0.18
0.208
0.12
0.13
0.14200000000000002
0.128
0.247
0.135
0.135
0.136
0.136
0.162
0.117
0.131
0.243
0.14
0.157
0.165
0.129
0.12300000000000001
0.124
0.133
0.133
0.151
0.154
0.214
0.153
0.124
0.16
0.116
0.22000000000000006
0.15000000000000002
0.16
0.16699999999999998
0.16699999999999998
0.14200000000000002
0.499
0.16799999999999998
0.168
0.172
0.175
0.159
0.177
0.295
0.21600000000000003
0.24
0.215
0.16999999999999998
0.132
0.114
0.12300000000000001
0.126
0.138
0.28800000000000003
0.218
0.171
0.17600000000000002
0.133
0.154
0.14900000000000002
1.156
0.184
0.19
0.15
0.135
0.2
0.134
0.19899999999999998
0.27
0.312
0.16399999999999998
0.139
0.121
0.128
0.141
0.116
0.156
0.125
0.275
0.177
0.157
0.16599999999999998
0.14300000000000002
0.213
0.18600000000000003
0.171
0.175
0.14700000000000002
0.156
0.196
0.412
0.306
0.233
0.23600000000000002
0.16799999999999998
0.132
0.13
0.11900000000000001
0.14300000000000002
0.116
0.159
0.321
0.155
0.116
0.154
0.156
0.166
0.14
1.2120000000000002
0.422
0.188
0.17600000000000002
0.242
0.34600000000000003
0.27899999999999997
0.233
0.22
0.217
0.152
0.122
0.121
0.132
0.134
0.11900000000000001
0.14300000000000002
0.22
0.192
0.139
0.159
0.16699999999999998
0.13699999999999998
0.134
0.127
0.48700000000000004
0.242
0.30200000000000005
0.207
0.831
0.569
0.373
0.222
0.183
0.227
0.09
0.14
0.10099999999999999
0.14400000000000002
0.129
0.14800000000000002
0.102
0.138
0.602
0.624
0.507
0.721
0.645
0.161
0.961
0.16999999999999998
0.211
0.14900000000000002
0.251
0.129
0.131
0.309
0.30200000000000005
0.6950000000000001
0.23600000000000002
0.12300000000000001
0.13699999999999998
0.115
0.11699999999999999
0.155
0.11800000000000001
0.18600000000000003
0.12
0.117
0.13
0.128
0.154
0.215
0.139
0.125
0.11900000000000001
0.133
0.14200000000000002
0.124
0.135
0.173
0.215
0.212
0.187
0.134
0.128
0.152
0.19399999999999998
0.14300000000000002
0.131
0.136
0.114
0.135
0.127
0.127
0.14600000000000002
0.212
0.159
0.12300000000000001
0.139
0.121
0.15
0.131
0.136
0.232
0.24
0.183
0.11900000000000001
0.127
0.14400000000000002
0.13
0.124
0.14300000000000002
0.12300000000000001
0.136
0.19899999999999998
0.239
0.192
0.183
0.234
0.14200000000000002
0.151
0.171
0.17
0.184
0.179
0.27
0.28200000000000003
0.163
0.268
0.15
0.141
0.122
0.12
0.134
0.13699999999999998
0.14300000000000002
0.127
0.29500000000000004
0.192
0.195
0.255
0.18100000000000002
0.22399999999999998
0.18600000000000003
0.177
0.16799999999999998
0.207
0.18899999999999997
0.19
0.29000000000000004
0.245
0.21899999999999997
0.226
0.21900000000000006
0.146
0.11599999999999999
0.14200000000000002
0.12300000000000001
0.218
0.256
0.13
0.132
0.135
0.136
0.139
0.128
0.122
0.198
0.177
0.175
0.159
0.159
0.185
0.16399999999999998
0.18899999999999997
0.48
0.225
0.309
0.203
0.138
0.13699999999999998
0.12300000000000001
0.133
0.161
0.124
0.147
0.44
0.157
0.16999999999999998
0.152
0.171
0.22
0.184
0.16899999999999998
0.184
0.191
0.188
0.259
0.205
0.133
0.225
0.23
0.201
0.153
0.12
0.14200000000000002
0.117
0.15999999999999998
0.135
0.121
0.127
0.155
0.232
0.134
0.14500000000000002
0.15
0.231
0.207
0.29700000000000004
0.265
0.182
0.14900000000000002
0.22399999999999998
0.23
0.42200000000000004
0.242
0.12300000000000001
0.129
0.133
0.139
0.122
0.157
0.142
0.124
0.158
0.27399999999999997
0.125
0.142
0.165
0.21600000000000003
0.14800000000000002
0.13
0.209
0.19399999999999998
0.159
0.305
0.214
0.233
0.226
0.152
0.14
0.13
0.126
0.139
0.129
0.14500000000000002
0.14
0.14900000000000002
0.224
0.179
0.208
0.26
0.233
0.22
0.162
0.161
0.18
0.16799999999999998
0.19899999999999998
0.337
0.22
0.22699999999999998
0.217
0.218
0.128
0.127
0.138
0.12
0.135
0.157
0.121
0.16
0.27899999999999997
0.173
0.25
0.19
0.15000000000000002
0.166
0.16299999999999998
0.159
0.175
0.177
0.195
0.192
0.261
0.174
0.21800000000000005
0.22399999999999998
0.18
0.138
0.12300000000000001
0.133
0.13699999999999998
0.14200000000000002
0.14
0.18100000000000002
0.265
0.19
0.168
0.158
0.303
0.17600000000000002
0.175
0.205
0.153
0.19
0.212
0.29400000000000004
0.234
0.245
0.247
0.273
0.17600000000000002
0.127
0.141
0.12300000000000001
0.132
0.16199999999999998
0.156
0.247
0.321
0.145
0.16699999999999998
0.177
0.213
0.163
0.136
0.13699999999999998
0.15699999999999995
0.191
0.206
0.14200000000000002
0.7829999999999999
0.25
0.245
0.212
0.215
0.19699999999999998
0.14800000000000002
0.132
0.126
0.16499999999999998
0.141
0.15
0.2
0.152
0.171
0.175
0.243
0.21
0.14800000000000002
0.14
0.154
0.14400000000000002
0.175
0.136
0.231
0.234
0.226
0.223
0.19399999999999998
0.127
0.134
0.125
0.12300000000000001
0.14500000000000002
0.136
0.14
0.248
0.174
0.16499999999999998
0.29400000000000004
0.397
0.28
0.14400000000000002
0.139
0.138
0.161
0.259
0.16699999999999998
0.13699999999999998
0.131
0.266
0.254
0.242
0.16699999999999998
0.132
0.134
0.114
0.15000000000000002
0.134
0.13
0.125
0.43799999999999994
0.616
0.535
0.61
0.337
0.14500000000000002
0.151
0.19899999999999998
0.332
0.305
0.191
0.551
0.51
0.233
0.188
0.135
0.13699999999999998
0.115
0.138
0.134
0.14200000000000002
0.139
0.158
0.264
0.183
0.171
0.16399999999999998
0.293
0.185
0.15
0.16699999999999998
0.214
0.15
0.16799999999999998
0.126
0.366
0.14200000000000002
0.223
0.206
0.11900000000000001
0.136
0.13
0.126
0.13
0.15799999999999995
0.17400000000000002
0.22399999999999998
0.265
0.319
0.175
0.151
0.38299999999999995
0.39799999999999996
0.391
0.225
0.15000000000000002
0.156
0.159
0.135
0.11900000000000001
0.132
0.136
0.19399999999999998
0.17600000000000002
0.136
0.121
0.129
0.129
0.15699999999999995
0.122
0.303
0.17800000000000002
0.14200000000000002
0.17300000000000001
0.174
0.345
0.154
0.214
0.156
0.134
0.135
0.153
0.156
0.433
0.272
0.237
0.154
0.109
0.124
0.125
0.135
0.117
0.138
0.158
0.207
0.12300000000000001
0.161
0.16599999999999998
0.251
0.248
0.22
0.161
0.146
0.168
0.161
0.151
0.17800000000000002
0.14200000000000002
0.114
0.134
0.156
0.12300000000000001
0.127
0.132
0.125
0.125
0.15899999999999995
0.14600000000000002
0.256
0.265
0.151
0.17600000000000002
0.16399999999999998
0.149
0.177
0.183
0.159
0.128
0.18899999999999997
0.166
0.29100000000000004
0.258
0.232
0.208
0.217
0.139
0.134
0.151
0.21899999999999997
0.15799999999999995
0.152
0.151
0.17600000000000002
0.14800000000000002
0.138
0.11900000000000001
0.13699999999999998
0.172
0.206
0.15100000000000002
0.133
0.14
0.124
0.161
0.15100000000000002
0.359
0.266
0.297
0.257
0.133
0.117
0.21899999999999997
0.17300000000000001
0.134
0.15200000000000002
0.116
0.136
0.157
0.263
0.14
0.135
0.11800000000000001
0.13699999999999998
0.12300000000000001
0.129
0.138
0.117
0.171
0.205
0.268
0.29000000000000004
0.27
0.201
0.13699999999999998
0.126
0.22899999999999998
0.158
0.135
0.14700000000000002
0.125
0.179
0.231
0.14900000000000002
0.161
0.18100000000000002
0.25
0.177
0.156
0.16499999999999998
0.171
0.16699999999999998
0.17
0.131
0.113
0.265
0.24
0.228
0.225
0.14800000000000002
0.12300000000000001
0.133
0.127
0.16199999999999998
0.122
0.265
0.188
0.14400000000000002
0.172
0.18
0.155
0.29200000000000004
0.213
0.16399999999999998
0.16499999999999998
0.172
0.152
0.214
0.24100000000000002
0.24
0.218
0.21600000000000003
0.195
0.133
0.133
0.125
0.12300000000000001
0.15799999999999995
0.127
0.29100000000000004
0.15300000000000002
0.14700000000000002
0.18
0.14300000000000002
0.24100000000000002
0.12
0.18600000000000003
0.23600000000000002
0.223
0.163
0.21899999999999997
0.17600000000000002
0.885
0.272
0.31499999999999995
0.21900000000000006
0.129
0.126
0.133
0.12300000000000001
0.131
0.151
0.133
0.293
0.17800000000000002
0.14500000000000002
0.185
0.15
0.227
0.13
0.161
0.187
0.23600000000000002
0.18100000000000002
0.177
0.14200000000000002
0.29200000000000004
0.3
0.28400000000000003
0.184
0.133
0.13
0.125
0.141
0.117
0.16599999999999998
0.12
0.273
0.14300000000000002
0.17800000000000002
0.132
0.16599999999999998
0.136
0.7809999999999999
0.152
0.191
0.18
0.12300000000000001
0.29600000000000004
0.23
0.198
0.136
0.141
0.11800000000000001
0.13
0.136
0.127
0.127
0.13699999999999998
0.14300000000000002
0.13699999999999998
0.132
0.152
0.259
0.122
0.136
0.125
0.12300000000000001
0.127
0.141
0.13
0.226
0.198
0.262
0.349
0.217
0.223
0.22899999999999998
0.16699999999999998
0.14
0.128
0.128
0.136
0.14800000000000002
0.141
0.11599999999999999
0.14
0.154
0.748
0.463
0.354
0.179
0.456
0.30300000000000005
0.21
0.136
0.184
0.16099999999999998
0.823
0.353
0.253
0.215
0.141
0.128
0.132
0.141
0.11800000000000001
0.16499999999999998
0.13
0.218
0.7559999999999999
0.468
0.16899999999999998
0.225
0.258
0.30400000000000005
0.172
0.141
0.15100000000000002
0.187
0.179
0.305
0.31799999999999995
0.27
0.212
0.231
0.13699999999999998
0.131
0.127
0.134
0.14400000000000002
0.141
0.146
0.244
0.259
0.179
0.18100000000000002
0.174
0.37200000000000005
0.17800000000000002
0.195
0.16499999999999998
0.18100000000000002
0.155
0.18
0.13899999999999998
0.34
0.21600000000000003
0.22
0.18
0.139
0.129
0.157
0.21600000000000003
0.174
0.14800000000000002
0.14300000000000002
0.177
0.263
0.156
0.16999999999999998
0.201
0.2
0.15100000000000002
0.23
0.308
0.163
0.193
0.267
0.337
0.244
0.228
0.309
0.191
0.17300000000000001
0.14300000000000002
0.136
0.14800000000000002
0.136
0.16699999999999998
0.14400000000000002
0.188
0.203
0.14400000000000002
0.18
0.171
0.154
0.6869999999999999
0.21900000000000006
0.16799999999999998
0.19899999999999998
0.248
0.358
0.16799999999999998
0.14400000000000002
0.145
0.141
0.16399999999999998
0.128
0.14
0.14400000000000002
0.134
0.131
0.16699999999999998
0.14400000000000002
0.278
0.172
0.15999999999999998
0.17800000000000002
0.2
0.52
1.499
0.741
0.24100000000000002
0.182
0.163
0.16799999999999998
0.182
0.195
0.193
0.17800000000000002
0.23800000000000002
0.2
0.261
0.196
0.142
0.11900000000000001
0.16599999999999998
0.11900000000000001
0.142
0.131
0.203
0.14900000000000002
0.133
0.13699999999999998
0.308
0.22
0.225
0.188
0.141
0.17300000000000001
0.231
0.244
0.251
0.31499999999999995
0.19699999999999998
0.138
0.132
0.133
0.129
0.13
0.14900000000000002
0.133
0.132
0.155
0.24
0.129
0.126
0.16799999999999998
0.161
0.49700000000000005
0.37200000000000005
0.179
0.233
0.23199999999999998
0.13899999999999998
0.12300000000000001
0.239
0.225
0.22
0.21600000000000003
0.128
0.131
0.131
0.132
0.14900000000000002
0.124
0.204
0.29600000000000004
0.14
0.156
0.222
0.24600000000000002
0.23199999999999998
0.209
0.222
0.14200000000000002
0.20600000000000002
0.34700000000000003
0.494
0.8300000000000001
1.3210000000000002
0.406
0.42700000000000005
0.389
0.15400000000000005
0.132
0.125
0.124
0.14600000000000002
0.133
0.141
0.179
0.305
0.267
0.156
0.13699999999999998
0.139
0.11800000000000001
0.125
0.138
0.14400000000000002
0.2
0.19699999999999998
0.34
0.407
0.28200000000000003
0.13699999999999998
0.135
0.131
0.13699999999999998
0.141
0.13
0.155
0.14200000000000002
0.16999999999999998
0.36
0.198
0.151
0.14400000000000002
0.157
0.265
0.271
0.273
0.24100000000000002
0.223
0.179
0.206
0.21899999999999997
0.248
0.28700000000000003
0.16199999999999998
0.139
0.134
0.13
0.128
0.131
0.174
0.222
0.192
0.25
0.152
0.237
0.15500000000000005
0.134
0.267
0.154
0.162
0.172
0.16099999999999998
0.222
0.217
0.307
0.226
0.22899999999999998
0.16899999999999998
0.125
0.129
0.138
0.187
0.205
0.156
0.13
0.156
0.29100000000000004
0.159
0.131
0.18
0.297
0.16499999999999998
0.13699999999999998
0.125
0.155
0.22699999999999998
0.23
0.116
0.191
0.341
0.24600000000000002
0.162
0.126
0.127
0.125
0.124
0.128
0.162
0.13699999999999998
0.124
0.221
0.154
0.446
0.428
0.17600000000000002
0.213
0.228
0.402
0.34700000000000003
0.35600000000000004
0.349
0.7979999999999999
0.8140000000000001
0.23399999999999999
0.25
0.16
0.125
0.125
0.127
0.146
0.121
0.155
0.133
0.226
0.141
0.124
0.146
0.121
1.495
0.596
0.828
0.46
0.184
0.272
0.266
0.208
0.129
0.331
0.201
0.138
0.126
0.127
0.126
0.14
0.13699999999999998
0.141
0.14
0.234
0.22100000000000006
0.16199999999999998
0.28600000000000003
0.234
0.172
0.131
0.141
0.142
0.19399999999999998
0.336
0.386
0.36
0.34700000000000003
0.37200000000000005
0.31
0.14900000000000002
0.135
0.14
0.126
0.136
0.139
0.146
0.138
0.19899999999999998
0.335
0.188
0.141
0.127
0.165
0.198
0.249
0.222
0.327
0.18600000000000003
0.185
0.265
0.32
0.243
0.226
0.152
0.11900000000000001
0.141
0.117
0.13699999999999998
0.122
0.19899999999999998
0.21899999999999997
0.29100000000000004
0.14700000000000002
0.15000000000000002
0.16899999999999998
0.14
0.248
0.179
0.135
0.133
0.13
0.179
0.255
0.324
0.343
0.41600000000000004
0.371
0.203
0.132
0.132
0.175
0.215
0.133
0.157
0.13
0.153
0.38299999999999995
0.8150000000000001
0.317
0.309
0.414
0.179
0.447
0.191
0.222
0.17600000000000002
0.222
0.141
0.214
0.309
0.271
0.225
0.215
0.13699999999999998
0.141
0.132
0.129
0.16299999999999998
0.139
0.12300000000000001
0.28500000000000003
0.193
0.21100000000000002
0.196
0.182
0.32
0.14400000000000002
0.14800000000000002
0.172
0.244
0.25
1.133
0.606
0.28900000000000003
0.276
0.14800000000000002
0.125
0.124
0.146
0.11800000000000001
0.138
0.15999999999999998
0.132
0.133
0.201
0.335
0.268
0.14200000000000002
0.126
0.193
0.212
0.13699999999999998
0.14
0.131
0.153
0.153
0.4
0.23800000000000002
0.21600000000000003
0.16
0.14300000000000002
0.128
0.136
0.14300000000000002
0.121
0.16499999999999998
0.136
0.149
0.14400000000000002
0.263
0.223
0.244
0.29200000000000004
0.206
0.187
0.14300000000000002
0.132
0.5489999999999999
0.48200000000000004
0.14300000000000002
0.14400000000000002
0.12300000000000001
0.146
0.125
0.175
0.132
0.127
0.14
0.14
0.15000000000000002
0.22
0.177
0.325
0.19699999999999998
0.212
0.211
0.158
0.397
0.256
0.251
0.183
0.19
0.33899999999999997
0.24
0.184
0.155
0.373
0.188
0.16699999999999998
0.136
0.152
0.14900000000000002
0.135
0.175
0.141
0.159
0.214
0.23600000000000002
0.142
0.235
0.29600000000000004
0.18600000000000003
0.157
0.229
0.239
0.263
0.171
0.5569999999999999
0.376
0.375
0.259
0.245
0.16399999999999998
0.113
0.13699999999999998
0.11800000000000001
0.114
0.16299999999999998
0.133
0.517
0.236
0.132
0.129
0.139
0.136
0.39299999999999996
0.261
0.19
0.29100000000000004
0.21600000000000003
1.1520000000000001
0.963
0.586
0.349
0.325
0.215
0.18899999999999997
0.215
0.195
0.129
0.131
0.16399999999999998
0.131
0.23399999999999999
0.433
0.174
0.16
0.14300000000000002
0.166
0.17600000000000002
0.365
0.221
0.20199999999999999
0.21899999999999997
0.36200000000000004
0.989
0.51
0.616
0.601
0.552
0.32799999999999996
0.158
0.12
0.185
0.19
0.203
0.162
0.132
0.479
0.225
0.152
0.135
0.13699999999999998
0.14
0.139
0.12300000000000001
0.315
0.187
0.243
1.5090000000000001
0.273
0.303
0.21
0.23199999999999998
0.19399999999999998
0.192
0.149
0.156
0.114
0.175
0.128
0.132
0.5479999999999999
0.343
0.20199999999999999
0.149
0.153
0.15
0.139
0.135
0.136
0.134
0.185
0.503
0.28300000000000003
0.407
0.307
0.34
0.248
0.204
0.203
0.20199999999999999
0.201
0.239
0.209
0.226
0.45
0.22
0.193
0.19
0.18899999999999997
0.16899999999999998
0.113
0.19
0.102
0.456
1.188
1.5019999999999998
0.187
0.389
0.444
0.273
0.191
0.18600000000000003
0.16899999999999998
0.086
0.155
0.265
0.162
0.14700000000000002
0.392
0.622
0.593
0.48200000000000004
0.49
0.53
0.223
0.14500000000000002
0.163
0.17600000000000002
0.46299999999999997
0.313
0.217
0.34
0.27399999999999997
0.203
0.14900000000000002
0.139
0.129
0.13
0.132
0.14600000000000002
0.124
0.122
0.479
0.45
0.23
0.184
0.25
0.304
0.249
0.35700000000000004
0.234
0.183
0.21899999999999997
0.254
0.305
1.33
0.421
0.23600000000000002
0.122
0.177
0.113
0.261
0.215
0.174
0.14500000000000002
0.136
0.179
0.502
0.121
0.25
0.341
0.374
0.29
0.303
0.5740000000000001
0.423
0.325
0.374
0.16
0.213
0.39299999999999996
0.299
0.266
0.141
0.14400000000000002
0.147
0.138
0.15300000000000002
0.146
0.147
0.227
0.386
0.152
0.159
0.20199999999999999
0.37799999999999995
0.4330000000000001
0.223
0.215
1.16
0.95
0.518
0.867
0.49200000000000005
0.248
0.35700000000000004
0.16
0.10800000000000001
0.16
0.155
0.118
0.249
0.19899999999999998
0.16599999999999998
0.16399999999999998
0.536
0.18
0.155
0.248
0.245
0.234
0.157
0.232
0.229
0.18
0.157
0.126
0.129
0.149
0.27399999999999997
0.155
0.125
0.19699999999999998
0.212
0.14800000000000002
0.16499999999999998
0.205
0.396
0.191
0.136
0.219
0.258
0.303
0.247
0.353
0.314
0.359
0.317
0.191
0.36000000000000004
0.301
0.258
0.28400000000000003
0.266
0.17800000000000002
0.15100000000000002
0.136
0.129
0.127
0.16399999999999998
0.14
0.125
0.16499999999999998
0.182
0.127
0.136
0.154
0.13699999999999998
0.131
0.141
0.145
0.13
0.6
0.5489999999999999
0.607
0.401
0.29400000000000004
0.237
0.135
0.135
0.13699999999999998
0.127
0.135
0.16599999999999998
0.13699999999999998
0.152
0.335
0.171
0.138
0.259
0.17300000000000001
0.305
0.138
0.131
0.17300000000000001
0.27
0.316
0.261
0.373
0.29300000000000004
0.26899999999999996
0.13699999999999998
0.128
0.13699999999999998
0.14300000000000002
0.135
0.13
0.16599999999999998
0.14400000000000002
0.212
0.196
0.369
0.138
0.16099999999999998
0.171
0.196
0.21900000000000006
0.196
0.253
0.18600000000000003
0.259
0.33
0.63
0.483
0.257
0.174
0.14400000000000002
0.126
0.14
0.145
0.134
0.15100000000000002
0.14400000000000002
0.309
0.14600000000000002
0.16599999999999998
0.172
0.162
0.233
0.239
0.17800000000000002
0.16999999999999998
0.192
0.184
0.19399999999999998
0.16799999999999998
0.26899999999999996
0.21899999999999997
0.212
0.212
0.147
0.134
0.139
0.14300000000000002
0.134
0.14800000000000002
0.128
0.244
0.165
0.136
0.182
0.222
0.14
0.14
0.13
0.135
0.363
0.15000000000000002
0.188
0.171
0.253
0.22699999999999998
0.235
0.15300000000000002
0.12300000000000001
0.14300000000000002
0.138
0.124
0.138
0.15999999999999998
0.135
0.329
0.16599999999999998
0.188
0.271
0.171
0.22000000000000006
0.19699999999999998
0.16
0.249
0.273
0.26
0.188
0.135
0.36200000000000004
0.31899999999999995
0.275
0.212
0.14400000000000002
0.135
0.125
0.142
0.132
0.15
0.142
0.16699999999999998
0.765
0.58
0.207
0.542
0.135
0.19899999999999998
0.16799999999999998
0.147
0.229
0.22
0.39
0.273
0.301
0.366
0.503
0.425
0.14400000000000002
0.139
0.131
0.158
0.206
0.18100000000000002
0.139
0.133
0.16399999999999998
0.205
0.14500000000000002
0.16
0.138
0.125
0.14300000000000002
0.14
0.121
0.14300000000000002
0.16199999999999998
0.23399999999999999
0.32799999999999996
0.234
0.275
0.152
0.129
0.14200000000000002
0.174
0.225
0.14300000000000002
0.15
0.134
0.27699999999999997
0.133
0.17300000000000001
0.177
0.14600000000000002
0.21900000000000006
0.225
0.14400000000000002
0.14
0.13699999999999998
0.125
0.168
0.146
0.125
0.14
0.14400000000000002
0.129
0.163
0.22
0.158
0.14300000000000002
0.14200000000000002
0.14800000000000002
0.136
0.139
0.12
0.14
0.141
0.121
0.133
0.14200000000000002
0.139
0.14300000000000002
0.131
0.135
0.162
0.136
0.263
0.32299999999999995
0.35200000000000004
0.23399999999999999
0.16
0.14600000000000002
0.129
0.133
0.142
0.16
0.125
0.29100000000000004
0.195
0.13
0.18600000000000003
0.171
0.214
0.158
0.17600000000000002
0.14200000000000002
0.14
0.126
0.226
0.252
0.34
0.30300000000000005
0.23600000000000002
0.22699999999999998
0.172
0.14300000000000002
0.141
0.126
0.136
0.159
0.142
0.156
0.237
0.18
0.158
0.16699999999999998
0.299
0.161
0.15899999999999995
0.172
0.156
0.168
0.22
0.259
0.212
0.14
0.19
0.229
0.21899999999999997
0.14400000000000002
0.129
0.13699999999999998
0.141
0.153
0.129
0.14400000000000002
0.29600000000000004
0.141
0.18600000000000003
0.17300000000000001
0.239
0.136
0.147
0.154
0.163
0.25
0.231
0.17600000000000002
0.207
0.331
0.29300000000000004
0.244
0.228
0.192
0.139
0.133
0.134
0.16299999999999998
0.134
0.13
0.16799999999999998
0.248
0.179
0.14400000000000002
0.134
0.134
0.39399999999999996
0.24
0.16999999999999998
0.184
0.185
0.183
0.359
0.386
0.35
0.262
0.266
0.133
0.138
0.146
0.127
0.16099999999999998
0.145
0.126
0.166
0.257
0.19899999999999998
0.222
0.16599999999999998
0.14300000000000002
0.14200000000000002
0.149
0.141
0.13699999999999998
0.17800000000000002
0.272
0.32199999999999995
0.29
0.33399999999999996
0.34
0.207
0.13699999999999998
0.136
0.146
0.134
0.153
0.146
0.228
0.263
0.16399999999999998
0.166
0.17300000000000001
0.145
0.298
0.18100000000000002
0.18100000000000002
0.16499999999999998
0.206
0.174
0.205
0.16899999999999998
0.359
0.29200000000000004
0.152
0.13699999999999998
0.138
0.15
0.14300000000000002
0.231
0.201
0.147
0.28400000000000003
0.157
0.175
0.177
0.16399999999999998
0.207
0.16999999999999998
0.162
0.18100000000000002
0.175
0.171
0.203
0.37
0.218
0.248
0.275
0.154
0.12300000000000001
0.162
0.221
0.156
0.138
0.15799999999999995
0.124
0.215
0.15000000000000002
0.16899999999999998
0.151
0.174
0.14400000000000002
0.226
0.16599999999999998
0.17600000000000002
0.172
0.159
0.184
0.138
0.133
0.128
0.16399999999999998
0.158
0.16699999999999998
0.223
0.145
0.13
0.133
0.15
0.127
0.29400000000000004
0.147
0.155
0.175
0.16699999999999998
0.134
0.14
0.13699999999999998
0.124
0.141
0.174
0.179
0.24600000000000002
0.15200000000000002
0.14400000000000002
0.19699999999999998
0.24100000000000002
0.207
0.203
0.184
0.17800000000000002
0.161
0.19899999999999998
0.155
0.257
0.193
0.192
0.17800000000000002
0.233
0.183
0.154
0.14800000000000002
0.134
0.23
0.28800000000000003
0.165
0.141
0.204
0.267
0.315
0.16099999999999998
0.14300000000000002
0.133
0.127
0.142
0.138
0.14600000000000002
0.13
0.223
0.679
0.486
0.65
0.237
0.151
0.187
0.127
0.139
0.124
0.127
0.201
0.16699999999999998
0.348
0.281
0.208
0.134
0.128
0.138
0.125
0.127
0.136
0.179
0.21600000000000005
0.226
0.15
0.117
0.121
0.14300000000000002
0.149
0.11800000000000001
0.31799999999999995
0.42100000000000004
0.135
0.145
0.255
0.601
0.339
0.26
0.39399999999999996
0.252
0.162
0.14800000000000002
0.215
0.154
0.138
0.135
0.158
0.219
0.16
0.126
0.116
0.125
0.14500000000000002
0.235
0.155
0.146
0.16499999999999998
0.158
0.183
0.344
0.257
0.298
0.14
0.133
0.141
0.214
0.14800000000000002
0.128
0.145
0.136
0.267
0.193
0.14600000000000002
0.15
0.18
0.16
0.7509999999999999
0.172
0.133
0.13
0.115
0.784
0.28300000000000003
0.15200000000000002
0.23800000000000002
0.271
0.328
0.158
0.215
0.153
0.122
0.133
0.13
0.139
0.16399999999999998
0.196
0.14600000000000002
0.14
0.182
0.177
0.27699999999999997
0.191
0.161
0.12
0.131
0.16899999999999998
0.185
0.279
0.417
0.259
0.272
0.15400000000000005
0.212
0.157
0.136
0.10099999999999999
0.129
0.14600000000000002
0.244
0.102
0.138
0.159
0.14800000000000002
0.16799999999999998
0.332
0.16699999999999998
0.14700000000000002
0.188
0.154
0.165
0.146
0.132
0.28700000000000003
0.289
0.268
0.145
0.113
0.151
0.212
0.14700000000000002
0.124
0.14400000000000002
0.29600000000000004
0.13699999999999998
0.12
0.15100000000000002
0.16399999999999998
0.172
0.2
0.224
0.14200000000000002
0.16699999999999998
0.14600000000000002
0.14800000000000002
0.16999999999999998
0.135
0.116
0.11599999999999999
0.129
0.14400000000000002
0.103
0.131
0.128
0.16399999999999998
0.209
0.14
0.11800000000000001
0.121
0.146
0.166
0.132
0.14300000000000002
0.205
0.121
0.275
0.185
0.11800000000000001
0.136
0.158
0.411
0.303
0.337
0.26
0.229
0.14800000000000002
0.13699999999999998
0.126
0.192
0.267
0.14400000000000002
0.125
0.13
0.121
0.122
0.129
0.131
0.124
0.11900000000000001
0.128
0.12
0.116
0.127
0.122
0.125
0.114
0.11800000000000001
0.12300000000000001
0.12300000000000001
0.114
0.117
0.124
0.124
0.113
0.12
0.124
0.12300000000000001
0.11199999999999999
0.115
0.12300000000000001
0.12300000000000001
0.122
0.11
0.121
0.11800000000000001
0.122
0.121
0.12300000000000001
0.113
0.12
0.12300000000000001
0.125
0.11199999999999999
0.117
0.124
0.121
0.12300000000000001
0.114
0.11900000000000001
0.11199999999999999
0.124
0.122
0.121
0.116
0.114
0.12300000000000001
0.12300000000000001
0.121
0.112
0.121
0.12300000000000001
0.11
0.126
0.11599999999999999
0.113
0.115
0.12300000000000001
0.124
0.109
0.124
0.12300000000000001
0.11900000000000001
0.114
0.12300000000000001
0.12300000000000001
0.111
0.116
0.124
0.12300000000000001
0.11
0.125
0.12300000000000001
0.12
0.10800000000000001
0.122
0.122
0.121
0.12
0.124
0.228
0.154
0.11900000000000001
0.12
0.133
0.11800000000000001
0.11900000000000001
0.158
0.141
0.122
0.217
0.134
0.152
0.14200000000000002
0.125
0.125
0.855
0.183
0.16799999999999998
0.16
0.193
0.429
0.15999999999999998
0.116
0.19399999999999998
0.214
0.14600000000000002
0.214
0.14800000000000002
0.128
0.11800000000000001
0.129
0.128
0.188
0.8079999999999999
1.27
1.376
0.993
0.192
0.273
0.155
0.16499999999999998
0.147
0.4280000000000001
1.6369999000000002
0.5549999999999999
1.886
1.1939999
0.221
0.133
0.11
0.129
0.127
0.198
0.29800000000000004
0.14500000000000002
0.11800000000000001
0.121
0.121
0.114
0.113
0.127
0.115
0.12
0.125
0.124
0.113
0.124
0.124
0.121
0.10800000000000001
0.124
0.126
0.121
0.121
0.114
0.134
0.106
0.122
0.121
0.109
0.121
0.125
0.122
0.10800000000000001
0.124
0.126
0.11
0.117
0.124
0.122
0.113
0.115
0.12300000000000001
0.113
0.122
0.122
0.11900000000000001
0.109
0.125
0.124
0.114
0.124
0.125
0.116
0.113
0.125
0.124
0.111
0.125
0.125
0.11
0.121
0.124
0.12300000000000001
0.111
0.124
0.12
0.11900000000000001
0.115
0.116
0.122
0.124
0.114
0.121
0.125
0.122
0.112
0.114
0.124
0.12300000000000001
0.11199999999999999
0.125
0.124
0.11800000000000001
0.11
0.34600000000000003
0.603
0.379
1.165
0.927
0.431
0.593
0.478
0.33
0.131
0.127
0.121
0.125
0.13
0.13
0.21
0.21600000000000005
0.414
0.21
0.21600000000000003
0.16699999999999998
0.157
0.297
0.324
0.29300000000000004
0.261
0.163
0.259
0.401
0.215
0.185
0.24100000000000002
0.16999999999999998
0.132
0.13699999999999998
0.114
0.135
0.11900000000000001
0.13
0.247
0.305
0.379
0.234
0.43200000000000005
0.235
0.21600000000000003
0.396
0.483
0.392
0.377
0.313
0.308
0.24100000000000002
0.465
0.769
0.5
0.423
0.17600000000000002
0.127
0.125
0.131
0.13
0.124
0.258
0.466
0.377
0.27699999999999997
0.31
0.215
0.318
0.248
0.541
0.268
0.152
0.17600000000000002
0.172
0.292
0.30500000000000005
0.45799999999999996
0.36200000000000004
0.48700000000000004
0.20199999999999999
0.18100000000000002
0.184
0.183
0.162
0.161
0.303
0.334
0.376
0.29000000000000004
0.247
0.17600000000000002
0.153
0.161
0.11800000000000001
0.12300000000000001
0.129
0.128
0.111
0.11900000000000001
0.132
0.113
0.13
0.117
0.129
0.13
0.111
0.12
0.127
0.121
0.19899999999999998
0.177
0.125
0.124
0.121
0.113
0.114
0.12300000000000001
0.126
0.12
0.11900000000000001
0.128
0.11900000000000001
0.111
0.12
0.124
0.125
0.112
0.129
0.126
0.112
0.12
0.128
0.12
0.11800000000000001
0.126
0.11800000000000001
0.114
0.127
0.11800000000000001
0.12
0.126
0.111
0.121
0.12300000000000001
0.11800000000000001
0.12
0.111
0.12
0.12
0.107
0.124
0.125
0.121
0.114
0.126
0.122
0.10800000000000001
0.127
0.11800000000000001
0.12300000000000001
0.109
0.125
0.12
0.10800000000000001
0.126
0.11599999999999999
0.122
0.121
0.11900000000000001
0.111
0.121
0.124
0.105
0.12
0.125
0.11199999999999999
0.125
0.12300000000000001
0.107
0.126
0.14700000000000002
0.218
0.14
0.11900000000000001
0.109
0.121
0.122
0.11
0.12300000000000001
0.124
0.10400000000000001
0.125
0.124
0.11
0.12300000000000001
0.121
0.106
0.12300000000000001
0.11900000000000001
0.115
0.124
0.113
0.11800000000000001
0.124
0.11
0.12300000000000001
0.12
0.10800000000000001
0.12300000000000001
0.115
0.117
0.12300000000000001
0.104
0.12
0.12300000000000001
0.11
0.124
0.122
0.103
0.12300000000000001
0.117
0.114
0.12300000000000001
0.106
0.12300000000000001
0.124
0.11
0.124
0.116
0.113
0.12300000000000001
0.111
0.121
0.12
0.10300000000000001
0.124
0.11900000000000001
0.115
0.124
0.108
0.12
0.12300000000000001
0.11199999999999999
0.11900000000000001
0.11800000000000001
0.11199999999999999
0.116
0.124
0.113
0.12300000000000001
0.116
0.114
0.179
0.206
0.114
0.11800000000000001
0.12
0.111
0.11800000000000001
0.12
0.107
0.11900000000000001
0.12300000000000001
0.10800000000000001
0.12
0.117
0.107
0.122
0.10800000000000001
0.12300000000000001
0.116
0.11
0.12300000000000001
0.10800000000000001
0.12300000000000001
0.116
0.109
0.124
0.107
0.12300000000000001
0.107
0.128
0.10099999999999999
0.121
0.10800000000000001
0.117
0.121
0.108
0.11599999999999999
0.122
0.107
0.121
0.105
0.11900000000000001
0.11
0.122
0.114
0.117
0.121
0.104
0.122
0.113
0.113
0.121
0.103
0.11800000000000001
0.11800000000000001
0.115
0.102
0.12300000000000001
0.111
0.11800000000000001
0.11800000000000001
0.103
0.121
0.117
0.105
0.341
0.604
0.268
0.12
0.12
0.121
0.12
0.11800000000000001
0.287
0.379
0.496
1.289
0.618
1.621
1.6809999000000002
1.168
0.9620000000000001
0.397
0.342
0.324
0.28300000000000003
0.302
0.534
0.525
0.47
0.39299999999999996
0.228
0.14900000000000002
0.131
0.163
0.133
0.117
0.263
0.307
0.368
0.366
0.28900000000000003
0.16999999999999998
0.177
0.297
0.28200000000000003
0.17300000000000001
0.29
0.226
0.20800000000000002
0.28600000000000003
0.322
0.28500000000000003
0.314
0.27899999999999997
0.132
0.14300000000000002
0.128
0.121
0.12
0.131
0.201
0.193
0.331
0.345
0.5579999999999999
0.16499999999999998
0.19
0.16699999999999998
0.151
0.19899999999999998
0.172
0.20199999999999999
0.19
0.264
0.401
0.741
0.495
0.336
0.16299999999999998
0.132
0.138
0.139
0.138
0.13
0.264
0.309
0.47100000000000003
0.17800000000000002
0.331
0.18100000000000002
0.203
0.195
0.20199999999999999
0.221
0.191
0.207
0.227
0.619
0.292
0.18100000000000002
0.16799999999999998
0.179
0.134
0.13699999999999998
0.132
0.127
0.128
0.124
0.214
0.248
0.41
0.133
0.27
0.384
0.35100000000000003
0.2
0.175
0.141
0.134
0.19
0.146
0.256
0.28800000000000003
0.16899999999999998
0.21600000000000003
0.17800000000000002
0.138
0.124
0.132
0.134
0.134
0.131
0.257
0.253
0.24100000000000002
0.29100000000000004
0.266
0.153
0.18899999999999997
0.14300000000000002
1.3419999999999999
1.238
0.5509999999999999
0.27699999999999997
0.369
0.4
0.29400000000000004
0.257
0.38
0.332
0.16699999999999998
0.18
0.126
0.145
0.19
0.22
0.273
0.272
0.304
0.303
0.22699999999999998
0.18
0.188
0.19399999999999998
0.19399999999999998
0.17300000000000001
0.231
0.243
0.315
0.28300000000000003
0.265
0.438
0.333
0.185
0.13
0.139
0.14
0.138
0.124
0.139
0.177
0.141
0.18100000000000002
0.377
0.304
0.233
0.22899999999999998
0.224
0.174
0.28500000000000003
0.934
0.235
0.331
0.315
0.448
0.397
0.299
0.28200000000000003
0.21100000000000002
0.145
0.131
0.13
0.141
0.131
0.304
0.161
0.14700000000000002
0.134
0.14300000000000002
0.14600000000000002
0.14300000000000002
0.141
0.171
0.233
0.157
0.138
0.134
0.132
0.13699999999999998
0.14200000000000002
0.14
0.19699999999999998
0.128
0.124
0.131
0.134
0.12
0.122
0.214
0.20199999999999999
0.188
0.14400000000000002
0.14500000000000002
0.14600000000000002
0.13699999999999998
0.18899999999999997
0.14500000000000002
0.14400000000000002
0.193
0.135
0.151
0.16599999999999998
0.195
0.14400000000000002
0.192
0.134
0.129
0.133
0.132
0.116
0.126
0.13
0.264
0.247
0.204
0.209
0.18100000000000002
0.14800000000000002
0.146
0.18
0.158
0.18899999999999997
0.182
0.16299999999999998
0.222
0.179
0.179
0.27399999999999997
0.496
0.412
0.206
0.126
0.126
0.136
0.122
0.129
0.27399999999999997
0.3
0.314
0.579
0.41
0.248
0.177
0.196
0.214
0.22
0.231
0.215
0.203
0.237
0.223
0.382
0.366
0.298
0.264
0.172
0.124
0.139
0.124
0.132
0.135
0.258
0.322
0.305
0.532
0.465
0.28500000000000003
0.272
0.287
0.384
0.311
0.237
0.273
0.27699999999999997
0.385
0.379
0.6040000000000001
0.428
0.25
0.13699999999999998
0.124
0.138
0.13699999999999998
0.11800000000000001
0.138
0.273
0.39399999999999996
1.1800000000000002
0.9
0.773
0.377
0.29100000000000004
0.379
0.415
1.092
0.32399999999999995
0.444
0.45
0.509
0.317
0.4390000000000001
0.359
0.195
0.157
0.145
0.129
0.138
0.147
0.128
0.275
0.423
0.39299999999999996
0.264
0.479
0.191
0.183
0.256
0.425
0.254
0.321
0.433
0.45799999999999996
0.43700000000000006
0.47200000000000003
0.47100000000000003
0.39
0.331
0.141
0.136
0.139
0.133
0.129
0.14
0.271
0.667
0.425
0.39799999999999996
0.4310000000000001
0.17600000000000002
0.215
0.287
0.154
0.289
0.247
0.311
0.5760000000000001
0.5
0.6930000000000001
0.524
0.401
0.397
0.161
0.129
0.14300000000000002
0.138
0.12300000000000001
0.138
0.324
0.507
0.268
0.257
0.172
0.14200000000000002
0.18600000000000003
0.171
0.225
0.182
0.29900000000000004
0.24100000000000002
0.321
0.47200000000000003
0.589
0.366
0.341
0.361
0.14800000000000002
0.14200000000000002
0.126
0.133
0.14
0.165
0.36
0.5329999999999999
0.31
0.297
0.234
0.159
0.174
0.179
0.448
0.521
0.252
0.29000000000000004
0.369
0.28
0.354
0.392
0.35
0.28800000000000003
0.132
0.14300000000000002
0.129
0.13
0.141
0.221
0.301
0.309
0.302
0.517
0.227
0.192
0.17300000000000001
0.298
0.29600000000000004
0.242
0.19699999999999998
0.205
0.32099999999999995
0.3
0.561
0.396
0.462
0.344
0.355
0.191
0.131
0.127
0.204
0.193
0.272
0.303
0.301
0.42700000000000005
0.412
0.252
0.229
1.758
1.2819999999999998
0.7509999999999999
0.569
0.607
0.503
0.465
0.345
0.384
0.311
0.29100000000000004
0.14400000000000002
0.12300000000000001
0.171
0.206
0.14800000000000002
0.127
0.272
0.48200000000000004
0.377
0.276
0.234
0.183
0.163
0.221
0.222
0.22899999999999998
0.34
0.312
0.368
1.242
0.622
0.359
0.28700000000000003
0.29300000000000004
0.142
0.122
0.14400000000000002
0.22399999999999998
0.16399999999999998
0.124
0.402
0.139
0.13
0.14200000000000002
0.128
0.14400000000000002
0.127
0.133
0.222
0.192
0.213
0.209
0.166
0.21100000000000002
0.171
0.16799999999999998
0.19699999999999998
0.171
0.141
0.218
0.16
0.12300000000000001
0.129
0.13
0.266
0.28
0.255
0.224
0.139
0.134
0.135
0.14200000000000002
0.14200000000000002
0.16199999999999998
0.177
0.195
0.195
0.205
0.18600000000000003
0.573
0.5379999999999999
0.47200000000000003
0.14900000000000002
0.135
0.129
0.228
0.168
0.133
0.266
0.305
0.47100000000000003
0.369
0.326
0.34700000000000003
0.28400000000000003
0.249
0.31899999999999995
0.253
0.316
0.363
1.04
0.846
0.34700000000000003
0.227
0.264
0.289
0.134
0.129
0.155
0.22
0.157
0.13
0.273
0.379
0.40299999999999997
0.203
0.16899999999999998
0.187
0.17800000000000002
0.208
0.244
0.244
0.222
0.244
0.27699999999999997
0.26
0.29900000000000004
0.495
0.526
0.449
0.231
0.14300000000000002
0.16999999999999998
0.222
0.13699999999999998
0.138
0.249
0.455
1.074
0.821
0.546
0.25
0.542
0.187
0.9259999999999999
0.39899999999999997
0.207
0.408
0.387
0.40299999999999997
0.4290000000000001
0.48100000000000004
0.583
0.442
0.29100000000000004
0.188
0.138
0.12300000000000001
0.134
0.136
0.27
0.298
0.316
0.414
0.79
1.23
0.899
0.145
0.159
0.29
0.20199999999999999
0.191
0.22
0.259
0.36200000000000004
0.6719999999999999
0.877
0.371
0.13699999999999998
0.139
0.126
0.132
0.139
0.132
0.258
0.5569999999999999
0.369
0.316
0.278
0.221
0.24
0.391
0.222
0.256
0.214
0.23600000000000002
0.327
0.7030000000000001
0.535
0.4280000000000001
0.273
0.338
0.155
0.13
0.131
0.14300000000000002
0.134
0.126
0.275
0.414
0.349
0.27699999999999997
0.14400000000000002
0.177
0.184
0.16799999999999998
0.298
0.18600000000000003
0.20199999999999999
0.313
0.376
0.5609999999999999
0.28700000000000003
0.267
0.228
0.20199999999999999
0.139
0.138
0.14200000000000002
0.126
0.136
0.141
0.26
0.259
0.366
0.36700000000000005
0.174
0.182
0.16599999999999998
0.253
0.17800000000000002
0.214
0.18600000000000003
0.29000000000000004
0.46
0.326
0.228
0.177
0.22
0.265
0.153
0.141
0.135
0.124
0.127
0.154
0.24600000000000002
0.464
0.37799999999999995
0.237
0.23
0.255
0.257
0.349
0.237
0.38799999999999996
0.335
0.34
0.49700000000000005
1.757
1.766
0.758
0.306
0.35100000000000003
0.334
0.34600000000000003
0.138
0.129
0.138
0.132
0.255
0.317
0.4330000000000001
0.518
0.281
0.15999999999999998
0.191
0.25
0.318
0.248
0.27
0.254
0.28200000000000003
0.319
0.447
0.32299999999999995
0.272
0.29600000000000004
0.182
0.14400000000000002
0.12300000000000001
0.132
0.133
0.11900000000000001
0.27899999999999997
0.308
0.436
0.235
0.309
0.14300000000000002
0.19699999999999998
0.23199999999999998
0.688
0.307
0.358
0.408
0.344
0.496
0.447
0.40399999999999997
0.419
0.342
0.304
0.20199999999999999
0.14300000000000002
0.126
0.126
0.132
0.268
0.312
0.47600000000000003
0.299
0.28
0.324
0.509
1.2830000000000001
0.174
0.204
0.34400000000000003
0.29100000000000004
0.36700000000000005
0.379
0.4
0.495
0.655
0.433
0.14300000000000002
0.141
0.121
0.139
0.136
0.11800000000000001
0.276
0.311
0.581
0.337
0.245
0.278
0.224
0.218
0.267
0.23199999999999998
0.29200000000000004
0.35600000000000004
1.4340000000000002
0.9620000000000001
0.43200000000000005
0.29600000000000004
0.30000000000000004
0.28500000000000003
0.261
0.17800000000000002
0.135
0.127
0.141
0.136
0.26
0.32
0.506
0.187
0.256
0.223
0.18600000000000003
0.234
0.39899999999999997
0.19399999999999998
0.228
0.276
0.315
0.32299999999999995
0.39
0.5740000000000001
0.413
0.297
0.19899999999999998
0.18600000000000003
0.153
0.141
0.124
0.136
0.276
0.259
0.28
0.593
0.27
0.225
0.227
0.257
0.268
0.321
0.336
0.289
0.223
1.6789999999999998
0.551
0.435
0.478
0.31
0.14700000000000002
0.146
0.136
0.122
0.139
0.135
0.259
0.401
0.45399999999999996
0.232
0.263
0.205
0.204
0.191
0.298
0.23800000000000002
0.23199999999999998
0.265
0.29400000000000004
0.28300000000000003
0.258
0.27399999999999997
0.198
0.196
0.138
0.136
0.122
0.128
0.135
0.124
0.354
0.536
0.40399999999999997
0.28300000000000003
0.16899999999999998
0.172
0.125
0.128
0.12300000000000001
0.131
0.136
0.131
0.11900000000000001
0.132
0.11900000000000001
0.12300000000000001
0.129
0.131
0.12300000000000001
0.116
0.128
0.168
0.205
0.121
0.261
0.29600000000000004
0.262
0.17300000000000001
0.182
0.14400000000000002
0.17300000000000001
0.18899999999999997
0.14800000000000002
0.129
0.227
0.13
0.16699999999999998
0.18899999999999997
0.158
0.13
0.196
0.129
0.132
0.109
0.128
0.11599999999999999
0.126
0.124
0.249
0.226
0.226
0.229
0.131
0.12
0.136
0.13
0.13
0.114
0.183
0.228
0.129
0.122
0.21
0.128
0.136
0.225
0.117
0.11800000000000001
0.126
0.127
0.116
0.12300000000000001
0.231
0.21
0.188
0.129
0.131
0.133
0.175
0.138
0.174
0.166
0.172
0.133
0.12300000000000001
0.212
0.134
0.191
0.162
0.13
0.115
0.127
0.159
0.22100000000000006
0.139
0.122
0.253
0.278
0.254
0.183
0.131
0.136
0.16499999999999998
0.18600000000000003
0.17300000000000001
0.161
0.19
0.184
0.156
0.191
0.157
0.182
0.193
0.149
0.13
0.126
0.11800000000000001
0.125
0.126
0.115
0.262
0.28700000000000003
0.264
0.24
0.19399999999999998
0.177
0.125
0.17600000000000002
0.19
0.16499999999999998
0.182
0.209
0.17600000000000002
0.19
0.17800000000000002
0.215
0.16799999999999998
0.195
0.12300000000000001
0.117
0.127
0.185
0.272
0.153
0.302
0.38299999999999995
0.385
0.7769999999999999
1.018
1.058
0.465
0.444
0.361
0.358
0.353
0.338
0.536
0.5389999999999999
0.36200000000000004
0.348
0.395
0.341
0.232
0.206
0.196
0.14400000000000002
0.11800000000000001
0.139
0.325
0.391
0.495
0.49
0.33799999999999997
0.316
0.252
0.28500000000000003
0.217
0.22699999999999998
0.256
0.506
0.622
0.359
0.589
0.5479999999999999
0.573
0.483
0.126
0.12300000000000001
0.131
0.114
0.121
0.121
0.297
0.35100000000000003
0.366
0.324
0.42
0.384
0.524
0.258
0.261
1.217
0.452
0.39899999999999997
0.412
0.252
0.452
0.433
0.429
0.379
0.342
0.299
0.125
0.122
0.12300000000000001
0.121
0.302
0.369
0.377
0.705
0.448
1.097
1.5019999999999998
0.843
0.6829999999999999
0.435
0.36200000000000004
0.439
0.457
1.262
1.159
0.6930000000000001
0.6619999999999999
0.515
0.32
0.226
0.161
0.13
0.113
0.117
0.303
0.359
0.483
0.505
0.243
0.312
0.258
0.206
0.175
0.18
0.23600000000000002
0.25
0.235
1.649
0.43799999999999994
0.45799999999999996
0.402
0.27699999999999997
0.141
0.121
0.121
0.11900000000000001
0.119
0.117
0.32
0.698
0.382
0.343
0.34
0.35
0.266
0.363
0.245
0.225
0.253
0.387
0.371
0.5770000000000001
0.595
0.5820000000000001
0.446
0.298
0.154
0.14200000000000002
0.134
0.145
0.11800000000000001
0.134
0.3
0.551
0.48200000000000004
0.37200000000000005
0.385
0.36200000000000004
0.311
0.272
0.319
0.4
0.368
0.371
0.28500000000000003
0.324
0.381
0.5780000000000001
0.505
0.39799999999999996
0.192
0.129
0.11900000000000001
0.132
0.111
0.133
0.299
0.634
0.397
0.40299999999999997
0.37
0.35200000000000004
0.341
0.324
0.458
0.494
0.46
0.573
0.491
0.484
0.624
0.317
0.293
0.31
0.152
0.131
0.126
0.117
0.127
0.126
0.3
0.5
0.4370000000000001
0.366
0.381
0.534
