0.25345784
0.40817374
0.41654232
0.38453057
0.35374475
0.41448724
0.5056697
2.369897
0.6264002
0.54218894
0.3094527
0.37861443
0.36416867
0.9818195
0.4393013
0.38964996
0.31348085
0.32416514
1.3836159
0.5796761
0.34908667
0.39898238
0.33469966
0.22352698
0.21805072
0.25676367
0.2994586
0.33364907
0.2927518
0.24223879
0.44388223
2.841637
0.9151597
0.65242994
0.40080923
0.3400106
0.3678658
0.8958473
0.4937325
0.38199347
0.3391327
0.32533854
0.29025108
0.2906778
0.32859412
0.37843332
0.93018776
0.38066748
0.15320686
0.24366564
0.20551106
0.3079691
0.28914937
0.39242607
0.45446184
0.25788355
0.25567934
0.30253744
1.5169095
0.474939
0.35366333
1.048649
0.41384378
0.3725254
0.32162672
0.27308223
1.250103
0.7181952
0.23147199
0.26259577
0.18244305
0.17372116
0.22396955
0.22182569
0.2638292
0.25476864
0.28095248
0.29920086
1.0420208
0.3444696
0.23483169
0.25548717
0.52875334
0.4629758
0.3842197
0.8295597
0.50387
0.39651746
0.35567158
0.29975545
1.5145227
0.5089932
0.29601172
0.31636107
0.2563877
0.23442265
0.29066834
0.2980932
0.2757434
0.316069
0.3359012
0.29195848
1.0805362
0.58361715
0.6161797
0.43728977
0.3502001
0.38551188
0.36777747
0.6124239
0.45357344
0.38252988
0.35236248
0.19425422
1.2981131
0.583916
0.35631385
0.39424556
0.3279917
0.26524135
0.20062733
0.26348576
0.32310867
0.2766554
0.2540019
0.2783428
0.21457446
1.2548336
0.59084004
0.67342436
0.4463319
0.31168693
0.38994515
0.7569804
0.40044194
0.36754343
0.3065166
0.24504668
0.34619185
0.2915818
0.29617676
0.3571938
0.39521378
0.28715268
0.27093795
0.31053403
0.26661986
0.31614134
0.32850716
0.2742959
0.72795254
1.0440222
0.66515434
0.52979195
0.41547194
0.31258687
0.464558
0.35139245
0.35130715
0.399311
0.30023095
0.32100174
0.7370363
0.39311865
0.4229019
0.40297177
0.32435912
0.17347118
0.2268976
0.28152207
0.31695172
0.36468568
0.30224544
0.6589855
0.54927164
1.3002454
0.40827596
0.5271477
0.3762151
0.3603441
0.47674745
0.637465
0.40012422
0.3604781
0.32402462
0.43679538
0.61843973
0.44045636
0.2891136
0.32677206
0.21608827
0.1572901
0.21903774
0.19926104
0.2960009
0.3347147
0.2898981
0.34886804
1.7119609
0.4088345
0.22886914
0.36634612
0.41029876
0.3482339
0.42466375
0.3881777
0.39644715
0.35516322
0.32415023
0.3008611
0.44198862
0.43937147
0.2547464
0.19678065
0.13853061
0.19541794
0.19974881
0.23981896
0.24280873
0.31952998
0.5280698
0.7546229
1.0126413
0.83747333
0.6230314
0.47061405
0.47151276
0.40702516
0.45400387
0.47633427
0.6482212
0.58492154
0.53228986
0.4200177
0.40005943
0.3683812
0.40873852
0.7136904
0.5311743
0.23388928
0.25299886
0.21195883
0.23221627
0.21474451
0.24362639
0.33331972
0.30719563
0.5387069
1.7401025
1.8501248
0.5849692
0.16664565
0.4149415
0.9686286
0.42481193
0.40051538
0.39110988
0.4055465
0.34110206
0.34583828
0.25259984
0.7699675
0.40578794
0.27991128
0.19347534
0.36833256
0.38399446
1.0944785
0.773424
0.42941722
0.34886485
0.30570439
0.37636873
0.41443032
0.39418253
0.3958973
0.44692755
0.3897995
0.5155622
0.34624746
0.34666023
0.24520233
0.29536974
0.31564164
0.9377677
0.73029083
1.7844937
0.34989357
0.30634537
0.28471154
0.24050653
0.29916885
0.36164057
0.2748916
0.2098631
0.21856213
1.3648087
0.48200876
0.27248722
0.34846497
0.454391
0.6272808
0.3548809
0.3502901
0.2491236
0.27821505
0.3642022
0.364227
0.3473525
0.41714612
0.37333342
0.29156312
0.3528019
0.3206918
0.47895375
0.5935235
0.67328763
0.45086497
0.63398355
1.9226236
2.1669228
0.54809964
0.49070907
0.54943573
0.5882839
0.7007323
0.43918025
0.49661738
0.5338869
0.62162316
0.5849092
0.5805424
0.48902404
0.47981015
0.43907708
0.35955018
0.4348008
1.0590609
0.42162192
0.45677158
0.3334111
0.4339953
0.61754996
1.7490058
1.1582383
0.50577396
0.4428624
0.4663438
0.6081621
0.8803281
0.4675269
0.3941292
0.47072712
0.51223093
0.4850013
0.4564224
0.48590282
0.48571408
0.4767572
0.5145999
0.27843878
0.22699744
0.25094303
0.31968507
0.2846473
0.3040892
0.72592694
0.76347196
2.0946422
0.4513939
0.5485986
0.57601136
0.6031395
0.74393135
0.47268352
0.41329116
0.4200574
0.5251032
0.51640105
0.524701
0.627902
0.37372664
0.43021455
0.2321643
0.1825788
0.22748673
0.2575033
0.28533238
0.65386385
0.50733036
0.3539054
1.8602765
0.6888645
0.4720494
0.45081517
0.4971454
0.6047101
0.82966155
0.49591148
0.5829768
0.52075124
0.57632506
0.5183787
0.5030223
0.46945804
0.36386862
0.6189457
0.29846662
0.27196082
0.2805095
0.22665963
0.31648925
0.35359395
0.4817023
0.57840455
0.9048028
0.44996044
0.209279
0.38819295
0.50484943
0.76997894
0.9598665
0.47839537
0.46861547
0.45030695
0.52497244
0.45391196
0.50080276
0.51537657
0.3038331
0.6512323
0.3498442
0.36175728
0.53081405
0.44826424
0.5167537
0.52203226
0.63887733
1.1510903
1.4998614
0.48825476
0.4581479
0.5492061
0.5522808
0.5866056
0.77115893
0.492561
0.50647646
0.48348552
0.81993
0.40473554
0.50383836
0.38882527
0.31046847
0.28640166
0.34510884
0.44699162
0.43973792
0.46606642
0.41314727
0.38181287
0.41870433
0.7397806
0.21565807
0.5373844
0.42416748
0.30027172
0.31802398
0.5801539
0.7352174
0.3686252
0.37119335
0.46056753
0.5882602
0.32391977
0.4498751
0.32636985
0.24907896
0.19946724
0.19101173
0.22790268
0.22949544
0.1644094
0.069135934
0.32140416
2.2375505
0.36960244
0.50168693
0.4238763
0.89208996
0.5204853
0.4397752
0.7038946
0.7829433
0.29890814
0.30469504
0.8102946
0.6231083
0
0.37694106
0.15124586
0.092784196
0.09903741
0.25874516
0.2513994
0.1755858
0.079853594
0.05713022
0.13535777
0.2597847
1.0605493
1.0914922
0.57685214
0.6158881
0.29801264
0.37952006
0.7538858
0.8961288
0.4150946
0.39002085
1.1878581
0.3607075
0
0.46382564
0.1885956
0.07042259
0.2526477
0.26465943
0.3159832
0.44286698
0.16809437
0.09123376
0.33758125
0.68254614
1.3925796
0.762814
0.71511596
0.600983
0.39173472
0.54938024
0.7269228
0.8319275
0.45965442
0.3397593
0.89310545
0.81846607
0.29747412
0.34856334
0.26916793
0.12250191
0.098492175
0.25007552
0.26017615
0.17978257
0.108261615
0.17875728
0.668215
0.7302754
0.30437163
0.3119075
0.41786453
0.34581888
0.41633335
0.773079
0.8118812
0.8872159
0.4690565
0.3702253
0.4936622
0.6058414
0.53829587
0.5671213
0.57657635
0.47457632
0.29353008
0.20829684
0.20510995
0.07052627
0.6070232
0.36701754
0.7203121
0.45865494
0.778806
1.0390083
0.38056925
0.2528541
0.4836979
0.5321324
0.72697675
0.8147885
0.3621181
0.4375923
0.51329595
0.5814376
0.55579436
0.5669935
0.67327666
0.1989721
0.6277187
0.60271114
0.80261165
0.980364
0.43098792
0.5925645
0.82564086
0.6406699
1.7721984
0.3832828
0.22905448
0.24791902
0.41791186
0.64016384
0.72773886
0.8196566
0.37872472
0.43760952
0.5557347
0.56760865
0.27890575
0.43291387
0.106880665
0.07129833
0.25019854
0.4989874
0.34881577
0.3761294
0.3963312
0.33757922
0.49607608
0.5620803
0
0.3129804
0.51754856
0.39703476
0.34035823
0.3289522
0.7001723
0.7196983
0.21520793
0.2712364
1.4261596
0.5783073
0.43102726
0.42827138
0.4607583
0.34894744
0.28726307
0.14195713
0
0.42008275
0.4835051
0.50468564
0.3585991
0.22406566
0.4826058
1.347689
1.539952
0.58731896
0.4189189
0.35590613
0.80698246
0.38706988
0.25616685
0.1962949
0.35680622
0.75041974
0.19210163
0.49217668
0.51723266
0.55010617
0.03525052
0.28868553
0.27287015
0.14050427
0.1584371
0
0.79878086
0.22094968
0.7515712
0.30828318
0.6133242
0.22342652
0.2962475
0.43425035
0.7097994
0.82814837
0.36967987
0.22431782
1.2329696
0.29929632
0.17252639
0.3098653
0.10318732
0.15162456
0.066571325
0.21746355
0.22578898
0.11540714
0.051043723
0.040259335
0.16534612
0.3461063
1.0003451
0.18214694
0.44523907
0.22840673
0.13148266
0.20492718
0.83179516
0.4704193
0.41214868
0.30516928
1.3561798
0.50965124
0.50438255
0.5152659
0.7484402
0
0
0.071894884
0
0.03602344
0.21650523
0.30619907
0.25855467
1.3390533
1.0433557
0.84751946
0.0027116274
0.32382715
0.3923922
0.42118984
0.86801976
0.9327651
0.37706262
0.22645825
0.3635365
0.4961741
0.86200005
0.28582647
0.44372693
0
0
0.11741969
0.19030255
0.10514483
0.013439242
0.07189515
0.10614243
0.81954056
0.2967622
0.312618
0.37444445
0.14086002
0.33066127
0.6390948
0.8685405
0.9458972
0.5681969
0.33811578
0.36138472
1.369948
0.7580605
0
0.14295065
0
0.071012825
0.23512977
0.20968142
0.27653956
0.06920472
0.729494
1.9727794
2.3156643
0.8528518
0.7287578
0.10542774
0.07537496
0.30671892
0.32608768
0.8607554
0.8281676
0.35858768
0.38328144
0.42044112
1.1761531
0.5604586
0
0.066613644
0.0075403186
0.16440386
0.19201481
0.20799139
0.31295717
0.28858027
0.2819853
0.03671247
0.8294756
0.9377896
0.48874938
0.23921952
0.18497181
0.4002058
0.48332542
0.81003636
0.3713848
0.17876294
0.23957255
0.28946254
1.7436725
0.47598782
0.47941303
0.24353373
0.21068445
0.27617663
0.34172967
0.28658226
0.013258729
0.2760672
0.4843154
0.38934934
2.4042451
0.4823269
0.3886035
0.3081928
0.17454132
0.1904689
0.30334026
0.9247605
0.35044286
0.17358345
0.18139088
1.9857289
0.08233756
0.104555935
0.18864524
0
0.020217095
0.09592554
0.32923776
0.6244473
0.16492501
0
0
0.83411527
0.5190488
0.7617615
0.13689932
0.3513539
0
0.1965287
0.19723135
0.98901063
0.5589266
0.34545252
0.18465823
2.0171413
0.09443429
0.27715233
0.31240642
0.030776683
0
0
0.13486287
0.25075075
0.17149407
0.013147537
0
0.24147198
2.489005
1.8548837
0.49723113
0.23774439
0.077549934
0.020527605
0.25164175
0.9789532
0.6375545
0.45374024
0.26249865
1.8193043
0.5765546
0.2692802
1.6095637
1.5870376
0.3265588
0.40851817
0.03093395
0
0.26662567
0.24953794
0.4945766
0.30613285
0.66242516
0.7099149
0.09411344
0
0.2574324
0.5021857
0.36810464
1.0390937
0.78571236
0.60328966
0.42150494
0.46634763
0.6039105
0.37766927
0.41228455
1.06928
1.3571928
0.21538788
0.0075647566
0.6058769
0.26492503
0.73134017
0.32676843
0.272679
0.6498607
0.5791205
1.5100231
1.7471685
0.5133869
0.21485132
0.086301446
1.0530254
0.91455317
0.7866148
0.7046592
0.35255566
0.3063588
0.36556417
0.40304026
0.50678426
0.6062464
0.59754413
0.41994157
1.2583762
1.4552339
0.61298126
0.42427835
0.21680766
0.04200745
0.908877
0.28657505
0.8824032
1.4896883
0.25985327
0.13510954
0.93898255
1.3712294
0.88731337
0.5410258
1.1199893
0.77863497
0.5527
0.15679955
0
0
0.14237082
0.15961799
0.20010012
0.123961985
0.20603794
0.18905225
0.38352957
0.20336851
0.6534647
0.22203603
0.347579
0.61783135
0.5718703
0.42482704
0.8878471
0.59793115
0.19603199
0.18493459
1.6270313
0.62989306
0.56851816
0.7896007
1.0758426
1.3822895
1.1908551
0.47697023
0.055516038
0.08757466
0.093508095
0.55973727
1.0950456
0.34235144
0.7197032
0.08497909
0.38932344
0.551832
0.66491514
0.29830033
1.0455055
0.85905844
0.24156177
0.28363073
0.52178466
0.56919384
0.51637334
0.37112552
0.045528475
0.11685136
0.2747482
0
0.69312
0.31918055
0
0.26733664
0.40474752
0.76943094
1.9570192
0.714115
1.3629133
0.67225754
0.75187343
0.25145388
1.1625637
0.85698175
0.1355103
0.2799618
0.40685895
1.9921671
0.23301965
0.19619477
0
0
0.13574639
0.27212283
0.1569095
0.3057899
0
0.13047817
0.37708667
1.6516491
1.4112849
0.50426316
0.21837053
0.10099113
0.62933666
0.13235301
1.1640351
1.0986302
0.55887663
0.23040947
1.5023317
0.6382773
0.117845684
0.42749888
0.19420666
0.09526116
0.058753137
0
0
0.028254125
0.0067179534
0
0.9083433
1.2363347
2.5054746
0.8903963
0.62486464
1.3034418
0.637337
0
1.080791
0.6929575
0.5045883
0.3515825
1.0576301
0.78175575
0.4832478
0.20132434
0.68730795
0.17447504
0.07660282
0
0
0.013363931
0.22521064
0.22132665
0.9737468
0.42729452
1.8104337
0.36454135
0.14512315
0.09602943
0
0
1.2004018
0.67253125
0.504942
0.24826095
0.5930942
0.67776394
0.40329066
0.41652974
0.034268353
0.024196241
0
0.029940967
0.16646397
0.31613597
0.45547673
0.46916714
0.77644724
1.6119227
0.7051055
0.4919233
0.2868969
0.11109108
0.14026564
0.2271736
1.1302978
1.2332917
0.3667895
0.35671017
0.66278416
1.0486007
0.72478783
0.1331088
0.42597842
0.07055238
0.040076826
0.37196112
0.16732863
0.3858264
0
0.010910694
0.13527039
0.7483584
0.87960154
0.36297485
0.04193494
0.27401423
0.46679094
0.5785587
1.0803306
0.22865328
0.217448
0.4015722
0.52806926
0.48039433
0.9090546
1.452293
0.246205
1.0781552
2.4511094
0.16510698
0
0.6617168
0.366095
0.39565757
1.0092117
3.2572944
0.89496875
1.5951855
2.1320179
1.9127533
1.4259368
1.1275675
1.032472
0.94660157
0.38023955
0.19981498
0.36262363
0.49380398
0.6534463
0.5097765
0.41466326
1.3622419
2.4863923
0.2968215
0.06815988
0.4567151
0.5679767
1.3043216
1.7471472
0.33882108
0.40855852
0.4822931
0.34829047
0.68627465
0.32834452
0.14130774
1.0170449
0.99210787
0.39340982
0.19281995
0.5393509
0.18341556
0
0.086182
0.2484769
0.12777668
0.046805535
0
0.52410364
0.27807373
0
0.2691939
0.08874375
0.4574993
0.7718371
0.3768424
0.44159138
0.22859186
0.6790396
0.2746065
1.160313
0.8109098
0.43501413
0.268931
1.6804489
0.45133552
0
0.02793232
0.1792292
0.11321363
0.017058793
0.041141305
0
0.024241243
0
0.1487059
1.6563015
2.8301423
2.1619525
1.0202317
0.45215708
0.17526665
0
0.16386023
1.1945665
0.59142417
0.42705968
0.37034962
1.0212207
0.54955435
0.38213938
0.31586674
1.7947471
0.82472277
0.097554356
0
0.027855191
0.36421004
0.8724925
0.47745502
0.5385106
0.48403642
1.1328359
0.41142222
0.20141
0
0.0036591028
0.09353638
1.2350872
1.5301595
0.7706297
0.3023444
0.5374968
0.20984739
0.28160697
0.52604085
0.88669556
1.2013917
1.0196108
1.4237616
2.1159172
1.512966
0.3496191
0.78991884
0.6157297
0
1.2949888
0.6165267
0.50410074
0.21000525
0.45105422
0.5348926
1.2173812
1.5250847
1.00444
0.54686564
1.0875351
0.6733873
0.50027496
0.19358256
0.006720129
0
0.18292975
0.603016
0.39997584
0.19551986
0.07668969
0.047738407
2.0231407
1.3029379
0.38333926
0.49811363
0.4999418
0.5924617
0.13464352
0.35316813
1.0217676
0.9073014
0.38024732
0.2548944
1.4181126
0.4242628
0.15253767
0.17476797
0.008909587
0
0.15125042
0.19015211
0.21432224
0.08110237
0.034469966
0.06912169
0.25578636
1.6531639
0.6161425
0.043274317
0.291597
0.41292357
0.35390252
0.10156122
1.0995536
0.4758702
0.37324786
0.25871718
2.0666249
0.6329715
0.3485885
0.44422808
0.4703931
0.27241915
0.090886295
0.021606985
0.34800285
0.19857317
0.06267783
0.1120505
0.6282184
0.43948096
0.4508116
0.5266648
0.3003598
0.13214973
0
0.28455654
1.1797026
0.72665715
0.4169445
0.20759574
1.638892
0.6169486
0.34890708
0.37725973
0.30148938
0.13010955
0.13602361
0.3142601
0.10936913
0.024094883
0.06814262
0
0.14653376
2.145462
0.77507174
0.2712998
0.34350234
0.17328876
0.28247157
0.29417533
1.210028
0.70608234
0.43123832
0.26469868
1.846015
0.46288013
0.4846472
0.21261498
0.12299603
0.07173136
0.028536443
0.15548784
0.15774205
0.18972114
0.0023440158
0.03768194
1.1129673
1.260365
0.39353526
0.18604022
0.505364
0.21361884
0.14314368
0.37056062
1.2173595
0.83231914
0.46380115
0.31923857
1.6284485
0.64772725
0.51100236
0.64299023
1.2814676
0.62346065
0
0
0.076756805
0.07938093
0.49023902
0.121498674
0.16998723
1.0446217
1.0371877
0.9288481
0.31292516
1.0643481
0.62204313
0.6442429
1.2440437
0.79593885
0.5020656
0.32346377
0.4463233
1.1402663
0.37862957
0.447405
0.40499356
0.100402296
0.84527475
0.5350745
1.073091
1.335915
1.3485361
0.31412554
0.36029917
2.9603388
1.4141866
0.88763773
1.1106987
1.1101916
0.66012526
0.092186034
1.2345288
1.3656152
0.9478305
0.3170477
1.4083635
0.99918765
0.4177561
0.8327479
0.60369354
0.16077521
0.18280461
0.38942298
0.17423001
0.5550331
0.33820826
0.05886549
0.39192012
0.7460443
0.33028916
0.5689987
0.5474336
0.49380776
0.31429696
0.39400834
1.0756757
1.5532343
0.49433857
0.2962363
0.47464025
0.8726006
0.30114543
0.35638902
0.06776145
0
0.067896605
0.03943864
0.039697323
0
0
0.30170953
0.367181
3.0568955
2.2175686
1.2099173
0.13662481
0.69021076
0.120171666
0.12449667
1.2135408
0.6951048
0.37289837
0.26583514
2.1652713
0.4995719
0.51856387
0.3551361
0.1323722
0.098456115
0.06952083
0.10244858
0
0
0.011791889
0.24956754
0.3649521
0.86752844
3.526143
0.44156346
2.066665
0
0.40137628
0.07329756
0.780243
0.334909
0.47437283
0.38212362
1.6206449
0.40485427
0.23004705
0.2513057
0.18729633
0.113166004
0.12341124
0.09684315
0
0
0.0028274988
0
0
0.24857154
1.284588
1.0764045
1.1363832
1.38597
0.21356016
0.23355111
1.2724503
0.7531933
0.36841756
0.30315608
2.003776
0.45044547
0.20836088
0.5183866
0.21384028
0.036870245
0.021140222
0
0
0
0.3028644
0.05324525
0.614215
3.0895462
1.20902
0.9912103
0.48905495
0.43786618
0.19837856
0.3184666
0.87358826
0.45850196
0.44987437
0.25445464
1.4065802
0.29742175
0.60911506
0
0
0.0022127067
0
0.059224937
0
0.07318735
0.37194324
0.34073135
1.3972149
0.91414696
0.5203418
0
0.09404358
0.3301202
0.038296584
0
1.2993522
0.5334288
0.48430738
0.2851517
1.6385778
0.5202207
0.19170597
0.033092562
0.06866807
0.014515135
0.078185886
0.08384618
0.034421895
0.057057027
0.009289835
0.0812318
1.3536006
1.3131711
0.430865
0.72401327
0.16561484
0.12506753
0.23750716
0.354695
1.2187119
0.93353915
0.33970344
0.43070802
1.8974531
1.7169307
1.0903274
0.6982816
0.6283048
0.2636284
0.38523728
0.30744654
0.2565033
0.08283028
0.10534239
0.28895912
0.51704586
0.25699654
1.2474875
0.09557408
0.23063993
0.06069017
0
0.0013096964
1.2042458
0.8898723
0.10741919
0.3177125
1.39169
0.48758486
0.73083454
0.25735584
0.012785319
0.17344198
0.19026917
0.21171054
0.106292546
0.25578085
0.09110311
0.21527797
0.23575875
1.0935535
0.39031973
0.24951562
0.19784796
0.290534
0.11418337
0.39583373
1.2393467
0.58151084
0.23406771
0.16547292
0.10860655
0.51744103
0.38631296
0.32630193
0.08488333
0.15474138
0.21508819
0
0
0.14984751
0.06126139
0.046624873
0.22838828
0.45670733
2.289749
0.71079564
0.026694033
0.8524799
0.22526044
0.048944656
1.1774678
0.68072385
0.3920968
0.24571773
1.7009563
0.6586639
1.1528327
1.5036485
0.45140436
0.26853025
0.04415441
0.1399008
0.28475532
0.36661693
0.2280209
0.51943547
0.12365639
0.33803508
0.7065772
1.9938958
1.6577318
0.33361048
0.93740326
0.42069587
0.9918289
0.6943925
0.47077864
0.020708356
0.9578377
1.1610686
0.6860261
0.41862312
0.5375194
0.13913304
0.20236161
0
0
0.5639062
0.06259763
0.09123048
0.22866514
0.17584851
0.29702857
2.8398187
1.1459458
1.3124533
0.75502986
0.7481927
1.0853316
0.8672059
0.4778799
0.1246731
0
0
0.025831733
0.18048736
0.1619915
0.29031762
0.28280762
0
0
0
0
0
0.10312691
0.9479688
0.3600706
1.6738862
0.3512661
0.2921318
0
0.22457883
1.1491144
1.0146117
0.2701819
0.41167158
0.8003321
2.117093
0.9418039
0.5016462
0.263207
0.08126423
0.12807092
0
0.07547858
0.08916777
0.45448452
0.16947532
0.2785458
0.38236842
1.3050866
1.0824128
1.9572309
2.231645
2.5240023
1.1380856
2.0537624
1.5314132
0.31444484
0.61834234
0.5623481
0.8653101
0.12779084
0.41666117
0.11818871
0
0.03978369
0.10465938
0.18563539
0.2821055
0.4295936
0.8327354
0.9796213
1.0527002
0.45556346
0.24076587
0.3851264
0.13129029
0.02470437
0.114495516
1.0280377
1.3097086
0.34958252
0.49242663
1.5767612
0.6516397
0.43541646
0.20764342
0.013541523
0.011204515
0.11973187
0.22143295
0.081731945
0.15430033
0
0.08726972
0.36919507
0.860089
0.65909326
0.548035
0.6119821
0.973509
0.36641076
0.108875394
1.2479495
0.92417955
0.39116105
0.29573727
0.6472604
0.68167394
0.3154973
0.18140832
0
0
0.15772846
0.14882681
0.15583673
0
0.017928485
0.14041135
0.9786778
0.4543562
2.4557316
0.5879738
0.5727162
0.28061542
0.297146
0.2377556
1.2536312
0.71178216
0.48165402
0.2903939
0.93615186
1.0092145
0.71241623
0.47660407
0.07202792
0.098104745
0.11727974
0.0744175
0.116262734
0
0.06985062
0.10305399
0.3918482
4.3742647
2.3191798
0
0.45897666
0.693839
1.0036755
0.3372058
1.1084896
0.85409796
0.50538653
0.36799195
0.5565462
0.53506744
0.3525228
0.16897506
0.059416804
0.096416175
0.08802563
0.14673501
0.10189456
0.11056462
0.23283425
1.1155244
0.13150498
2.1148324
1.1465535
0.51430136
0.3671613
0.584314
1.0727317
0.32346615
1.0815265
1.0331563
0.47030985
0.3836476
0.9978412
1.2572051
0.6140753
0.6476349
1.1111465
0.103428066
0.10061568
0.0645926
0
0.04467127
0.010216955
0.18457806
0.5074041
0.26458803
0.9017354
0.494432
1.1629112
0.32499346
0.3490398
0.49316353
1.2050747
0.56993705
0.63475865
0.29671013
0.5035153
0.38144347
0.6476711
2.2990236
0.9261159
0.5819218
0.70779437
0.17521843
0.121768266
0.04524404
0.27023393
0.19941875
0.21337637
1.0887009
0.9659322
1.1773539
0.2822747
0.15876341
0.049365763
0.4045971
1.2134224
0.988767
0.3079739
0.43859082
1.8439609
0.85060275
1.1252588
0.5183097
0.055743102
0.32066295
0.35260016
0.3043499
0.3637171
0.47583508
0.16148105
0.48229396
3.2172105
2.54669
0.61701083
0.59207064
0.33174312
0.81924134
0
0
1.1162621
0.81845003
0.4715302
0.2982075
0.3684161
0.637155
0.3094749
0.33519238
0
0
0.052686874
0.04725099
0.09979054
0.06512639
0.05446044
0.421992
0.49632865
0.43969864
0.85040826
0.31975603
0.23504391
1.5376763
0
0
1.2415596
0.5829859
0.3281864
0.26496363
1.0835996
0.52444416
0.6635208
0.38576782
0.40668693
0.23010615
0.33496642
0.07811123
0.11273372
0.08952889
0.09537169
0.15410033
0.21708009
2.2273507
1.2396929
0.4736238
0.41512173
0.97941875
0.080014855
0.1550039
1.2391622
0.7449903
0.4404022
0.32167813
1.0545446
0.7659679
0.487951
0.25865304
0.15989679
0.20001078
0.17624852
0
0.04968399
0.014283214
0.16929537
0.14678037
0.2356318
2.4492602
0.10608876
0.16934815
0.07745272
0.8503439
0.3484004
0
1.2713075
0.50970566
0.38220823
0.23434368
0.51145345
0.5934796
0.281264
0.34506026
0.13223806
0.15386933
0.13426924
0.5557536
0.15983129
0.15699399
0.19392473
0.0685007
0.2112253
1.4970354
2.8299496
0
0.2006484
0.49323696
0.73343307
0.36873442
1.0863684
0.82954025
0.44783244
0.42493916
0.6920886
0.88752496
0.4075894
0.3228252
0.45513436
2.354881
0.29744598
0.18291268
0.85447705
0.11804336
0.3725373
0.4815768
0.8396965
0.1533269
0.9134166
0
0.23145512
0.3341586
0.0053841206
0.020685885
1.3137356
1.6743641
0.2656971
0.30616492
0.20631582
0.47733346
0.34012267
0.26303834
0.3104422
0.25542334
0.08221659
0.045480255
0.7498157
0.5204011
0.26467732
0.057162378
0.6100092
1.1769882
0.9221656
0.5989696
0.43308845
0.4133523
0.15393418
0.15789706
1.3044393
1.7608318
1.1559156
0
0.8255581
1.5268372
0.6192332
0.29002598
0.20921001
0.31398433
0.19581455
0.28853962
0.16528606
1.0217522
0.26103166
0.45861742
0.91753465
2.7304308
0.11932129
0.06956062
0.3798688
0.019035343
0.31729192
0.4104182
1.1194535
0.6424172
0.46501198
0.206626
0.7415706
0.49011296
0.5687848
0.3310439
0.081217825
0.17216256
0.2342912
0.19623864
0.38180217
0.9985651
0.76230377
0.31534514
0.28719094
0.86660135
1.9245646
0.18717107
1.1408554
1.6792316
0.20776913
0.5783873
0.73888856
0.35796905
0.532651
0.28074184
0.7571393
0.35054675
0.3896251
0.46643803
2.529232
1.3682284
0.005927417
0.071434796
0.28134552
0.15216267
0.20535794
0.2831742
0.6420559
0.32947528
0.38447127
0.5006214
0.5822763
0.8008937
0.64640987
0.07256085
0.9583675
1.3572379
0.39822108
0.31182885
1.5937188
0.71335715
0.67409194
0.25118667
0.092549205
0.7100235
0.09938523
0.107766956
0.092687786
0.25298178
0.18170932
0.09277335
1.0540787
0.18941629
1.0897449
1.8610841
0.93931264
0.7291806
1.1085413
0.052889142
0.9556922
0.35243168
0.14639315
0.43934393
1.0602926
0.9318527
0.20877653
0.36434114
0.18290466
0.09064555
0.057571325
0.04558227
0.053917263
0.21833733
0.5128996
0.43143797
0.32929674
0
0.7143044
1.7244456
0.5427769
0.24153626
0.16538915
0.049912516
1.1218798
1.113653
0.239061
0.16524097
0.021719698
0.7073447
0.2632456
0.585074
0.8737289
2.3352208
2.169569
0.3484237
0.12570348
0.22342354
0.33761296
0.35273573
1.5506437
2.0015917
0.2836568
0.5093765
0.32015547
0.087859064
0
0
1.130348
2.092505
0.40833545
0.16794002
0.6363021
0.15448022
0.29872456
0.96471965
0.85998845
0.35050392
0.6332972
0.36952907
0.57737017
0.1402516
0.17058787
0.33850154
0.5429786
1.8760363
0.55686694
0.9725545
0.55880594
0.14823565
0.17755541
0.1742143
1.5835586
2.4643238
0.4015078
0.45635375
0.9611824
0.7677506
0.8072254
0.24720621
0.09694961
0.06912613
0.4301255
0
0.0978598
0.113296956
0
0.08528793
2.1836514
0.22158337
0
0.2755889
0.21907222
0.21905142
0.18638119
0.14484745
1.1181502
0.7621255
0.46457204
0.3953317
1.839508
0.33417663
0.36197734
0.37003523
0.17057282
0.19644466
0.18308729
0.06608057
0.050540034
0.10406479
0.13406754
0.009050611
0
4.5829015
0.74733406
0.047813807
0.68676937
0.72487724
0.03629044
0.021227393
1.2095834
0.6443079
0.33854482
0.21419081
1.9156594
0.9304203
0.39424616
0.5057114
2.8102126
1.969007
2.0906553
0.118201494
0.10850868
0.35602704
0.30877364
0.1935372
0
4.680115
0.34676033
0.32752484
0.10338232
0.4551571
0.35475317
0
1.2329613
0.52116895
0.1281673
0.121822864
0.6018338
0.19834766
0.42103738
0.08454496
0.06627542
0.091059834
0.12935683
0.11348897
0.06571764
0.12242603
0.13454378
0.095541656
0.16063228
0.85998297
1.2295712
0.6292479
0.3386588
0.36672097
0.10545811
0.050018016
1.2625403
0.45390898
0.33633152
0.18979397
1.8391455
0.23061618
0.3177748
0.167373
0.078799814
0.12623787
0.12689745
0.058563028
0.17450485
0.1784893
0.13206613
0.19679663
0.38692504
2.1471503
3.0665278
0.48872313
0.36742252
0.31677026
0.033180688
0
1.2519356
0.15078273
0.31423166
0.20613196
0.4159334
0.46242833
0.229781
0.078540474
0.060060445
0.107002586
0.061016444
0.018662516
0.03253937
0.09126088
0.13591644
0.12818855
0.15586764
0.49001807
0.6089834
0.2993949
0.2902735
0.20233151
0.17636484
0.33105025
1.2979604
0.47420147
0.3322527
0.19052249
0.41540876
0.044290308
0.29377103
0.4510878
0.42191172
0.17059964
0.07125333
0.35553938
0.10238618
0.116978675
0.037239436
0.018733475
0.037699316
0.43575606
1.3521631
2.399369
1.3840477
0
0.1464428
0.20900244
1.2183232
0.42955652
0.20987895
0.60746545
0.92199993
0.45650288
0.31886306
0.07508996
0.34317592
0
0
0
0
0
0.26189256
0
0.8893088
0.50271535
0.009658013
0.4316062
0.41235152
0.56472856
0.032652263
0
1.2133659
0.437416
0.1748645
0.14794984
0.28602576
0.04636437
0.16279513
0.45527017
2.7081113
1.7027621
0.9222474
0.2488743
0.15914911
0.52439266
0.7403623
0.26472393
0.33644125
2.4440012
0.5981027
0.22989494
0.13151407
0.007859651
0.26491636
0.16968566
1.019613
0.89988595
0.17706704
0.15741509
0.8431671
0.329332
0.33342543
0.1318574
0.059920643
0.10418716
0.09539008
0.069767594
0.12942374
0.14359808
0.14565027
0.07581985
0.18687537
1.8624756
0.8876455
0.7866522
0.26096463
0.6628391
0.22414687
0.19904271
0.8762216
0.2640596
0.23935771
0.076177835
1.0422481
0.4246221
0.30660093
0.1859478
0.13376582
0.13442585
0.14089543
0
0.052769814
0.10243359
0.13005546
0.09635407
0.038852993
1.9965082
2.404566
0.9714218
0.4972246
0.94093657
0.39358425
0.19805908
1.2087461
0.47298655
0.28087112
0.13804379
0.6666373
0.42170605
0.44045615
0.15008947
0.10612926
0.12848103
0
0.20268938
0.18585902
0.23189068
0.23025593
0.6308145
0.19727191
0.12822607
0.03029931
1.1820854
1.1603408
0.96343553
1.1296648
0.1492525
1.3032817
1.0207762
0.2953843
0.30100858
0.16632202
0.6151799
0.44058645
0.13737926
0.6598892
0.3879935
0.2467188
0.25118378
0.18954352
0.16242695
0.22312936
0.48896414
0.51628613
0.075899184
0.2862191
0.10459903
0.20942062
0.16870517
0
0.062109444
1.3220059
1.2106506
0.2922435
0.34524015
0.44115937
0.362811
0.41488698
0.18496004
0.41750094
0.10048315
0.15324569
0.14454675
0
0.35618427
0.33331493
0.02876145
0.0630216
0.4007865
0.09110558
0.3791137
0.21077424
0.12766019
0.10596341
0.11658803
1.3894421
1.2675368
0.2031472
0.37318584
0.83634764
0.5784145
0.29661313
0.1544989
0.05735678
0.048924897
0.18247658
0.29490784
0.002957139
0
0.00573999
0.20563021
0.41016093
1.4857796
0.29178706
0.34192154
0.27323177
0.9291488
0.6045668
0.16461995
1.0829582
0.5485311
0.41051325
0.33395466
1.1824894
0.4985644
0.30369934
0.4198887
0.10583073
0.06356645
0.10119629
0.15543905
0.058249447
0
0.044031773
0.109524935
0.010758612
0.8288375
0.42420745
0.3540035
0.26857415
0.22149149
0.16939303
0.047766034
1.2362002
0.48110124
0.3693362
0.19400463
2.4127276
0.25491506
0.37256888
0.20633969
0.10990062
0.15134525
0.13138306
0.1224173
0.0607079
0.097230315
0.06619224
0.17262882
0.39079332
2.3249156
0.38723215
0.46126628
0.42069495
0.008395109
0.26936156
0
1.2062551
0.61071545
0.3911359
0.1826491
2.6340883
0.58824706
0.1814867
0.22876444
0.6834221
0.6057547
0.49557927
0.14602119
0.142816
0.1330496
0.2093395
0.46177697
0.19133568
0.11095339
0.4870531
0.26562247
0.3082183
0.16986829
0
0.064941496
1.3059243
1.3425105
0.42908916
0.32762933
0.67061716
0.4427271
0.48664856
0.14493251
0.12590373
0.18850958
0.15352333
0.09651476
0.16768524
0.23442271
0.19733691
0.10307777
0.25557595
2.156538
0.7327488
0.026763175
0.05596638
0.9801113
0.6216855
0.15251994
1.2310585
0.64794064
0.38475445
0.43784
2.015645
0.979695
0.5255744
0.21862915
0.112608165
0.12185624
0.040694896
0.050664995
0.08965635
0.16485775
0.21857497
0.9926854
0.06336656
0.9285821
0.48277774
0.44072792
0.20564279
0.51996994
0.09795052
0.30914262
1.2394449
0.568132
0.3256442
0.18970507
0.29059738
0.1030643
0.32642126
0.19100365
0.24866554
0.14518297
0.13015899
0.18466267
0.1667403
0.11530945
0.09989488
0.11935663
2.470791
2.2874167
0.18567422
0.44701603
0.44409743
0.29805654
0.22616932
0.4764532
1.5229218
0.73156756
0.031465713
0.29786205
0.53148943
0.8755092
0.16580474
0.32271832
0.399832
0.3401154
0.123357505
0.063559234
0.10254592
0.20547405
0.16926971
0.22832006
0.7270919
1.4514986
0
0.14407584
0
0.6825616
0.12699416
0.18739703
1.1691909
0.67781293
0.37188253
0.27557188
1.8759972
0.42778236
0.42972985
0.18886414
0.10472372
0.11709449
0.13549328
0.12416956
0.082081944
0.0041720304
0.10927406
0.12889546
0.3041345
0.2253071
0.27342975
0.43566447
0.3474724
1.1065551
0.1818175
0.2280832
1.2464384
0.5302033
0.38507348
0.3012574
2.041052
0.79540974
0.09289214
0.10845429
0.041795943
0.27026019
0.21572152
0.083691835
0.0578692
0.10621637
0.12909663
0.084943235
0.25495774
0.82679296
0.4327889
0.2524031
0.15910375
0.4637827
0
0
1.2076523
0.6054711
0.35146588
0.18042493
1.1531659
0.5899646
0.89417017
0.19400221
0.13210452
0.076687425
0.12501743
0.09866449
0.09820631
0.13907954
0.09179154
0.028736893
0.027122531
1.4636132
3.6391065
0.72767454
0.41899532
0.32384822
0
0.4150547
0.9782027
0.63869476
0.31083548
0.2102688
1.1539868
0.50348467
0.27962765
0.1747061
0.107359946
0.10055214
0.087966174
0.16299695
0.365904
0.20277569
0.18121138
0.13349178
0.8307199
0.8527833
1.5699795
0.06622648
0.25298148
0.72780025
0.2145938
0.3237505
1.2373247
0.36350292
0.3695165
0.25981414
0.6591443
0.7768458
0.1673181
0.1622464
0.4977339
2.9760122
0.2468004
0.1495812
1.553724
0.3422478
0.03727681
0.38050005
0.7341028
0.74363464
0.7176524
0.30221477
0.32157728
0.33397123
0.04854581
0.12668508
1.2738686
0.5859645
0.3984946
0.2878225
0.48805904
0.34618342
0.50187576
0.728693
0.600851
0.47137034
0
0.2458387
0.26005802
0.11340457
0.44949034
0.42227352
1.3730738
0.3350709
0
0.13608068
0.26315355
0.25838703
0.39296597
0.24418983
1.2849449
0.44656113
0.29423067
0.30073333
1.2035004
0.10541946
0.2282337
0.18540964
0.0007976328
0.16880679
0.14612925
0.038527284
0.16198453
0.15159208
0.13712683
0.078449816
0.25700635
2.9149425
0.1644536
0.16241488
0.73485494
1.1494834
0.27484164
0.0008558069
1.2134148
0.35955212
0.3641716
0.21340159
0.37618282
0.17467323
0.32040077
0.12300715
0.8012958
0.49586952
0.5663589
0.26633906
0.39787886
0.31845045
0.49271894
0.5930959
0.55329347
2.319668
0.3529308
0.573894
1.3491826
0.06651592
0
0.10079998
1.2583345
0.51876634
0.3275712
0.39288366
2.1364532
0.43726164
0.27848786
0.27217808
0.13853541
0.046057466
0.17883834
0.09336436
0.047580067
0.087182105
0.17684668
0.16714609
0.011872951
0.4911973
0.2118311
0.914366
1.3624533
0.43950066
0.35739177
0.05946115
1.2047833
0.6522495
0.23021251
0.21938151
0.5560381
0.22998503
0.15923533
0.26076716
0.2894282
0.49391186
0.19554815
0.3299787
0.14724329
0.105873555
0.18800798
0.8462297
1.9421123
0.28051683
0.49130124
0.40624017
0.28804937
0.68858457
0.27859116
0.1506733
1.1600606
0.45086426
0.38230923
0.037820432
0.5312569
0.6827996
0.33125186
0.17120099
0.11088279
0.07954505
0.078004986
0.05356789
0.12830037
0.20233086
0.14026195
0.1395354
0.17361072
0.3750678
2.4293509
0.99276906
0.614685
0.6153094
0.27270955
0
1.023254
0.31931448
0.2538535
0.17676917
0.6563067
0.3858573
0.38573727
0.43537918
0.19263661
0.27615148
0.15717945
0.09295818
0.08687377
0.025529716
0.07453734
0.17057979
0.26978165
0.57962936
0
0.2363481
0.052094106
0.18228233
0.08739704
0.1602026
1.2067119
0.5054274
0.29225075
0.17787
0.51540744
0.44501564
0.57074636
0.6470588
0.27761525
0.12364209
0.12032601
0.14638123
0.076503634
0.14457726
0.083054215
0.124724805
0.18180725
0.5686802
0
0.28203005
0.34212554
0.22215185
0.27870765
0.3021431
1.1466182
0.83998114
0.093238235
0.07299897
0.7264118
0.696519
0.25383088
0.19832954
0.25098965
0.23018962
0.1629835
0.066530704
0.24639136
0.14256814
0.057773802
0.18601573
2.6218238
4.280499
0.549823
0.7240892
0.44140562
0.4007563
0
0.009288285
1.2114631
0.32671702
0.30530778
0.27585506
0.32323065
0.23081335
0.30084267
0.16207519
0.080652416
0
0.02338085
0.05092487
0.0782024
0.0018584167
0.07407078
0.18624523
1.5228744
1.2753768
0.29682174
0.501698
0.5856607
0.33284524
0.090465635
0.20102319
0.9170619
0.67880005
0.2959498
0.29476207
0.67319965
0.020653967
0.22477615
0.08719376
0.108742714
0.09292647
0.09092891
0.14772213
0.11504391
0.053212944
0.14359742
0.3579045
0.23933265
0.6201758
0.35356182
0.3654914
0.45236835
0.21671286
0.11508456
0.35255834
1.1508644
0.5403018
0.3307394
0.30436495
2.00586
0.72401404
0.48558155
0.13992387
0.10580659
0.11575031
0.15399417
0.12873194
0.017809186
0.023112271
0.12937
0.39627665
0.36151043
1.8010702
2.296177
0.27501917
0.30387208
0.626303
0.47788593
0
0.9729575
0.5230247
0.46262756
0.34108827
1.1232696
0.3810704
0.24778154
0.17864692
0.7464089
0.54692954
0.45800483
0.19231758
0.19485891
0.14117998
0.1309863
0.11051148
0.62987137
0.66357017
0.5409361
0.48216107
0.40348703
0.53207314
0.14346379
0.092427135
1.2571694
2.8718438
0.5073355
0.303809
0.6743861
0.2827086
0.52893764
0.49434802
0.54705244
0.30353284
0
0.2981938
0.16929632
0.11611146
0.50628704
1.8944622
0.10486674
0.058057223
0.33118686
2.8099656
0.6755956
0.32608783
0.28298438
0.6328649
1.3221271
0.64201003
0.29553378
0.01623017
0.5092829
1.5794272
1.6409463
1.0009791
0.60751
0.4259704
0.37289932
0.13492838
0.20042577
0.13155442
0.107337475
0.1634379
0.12692457
1.7464802
0.21061566
0.5697145
1.1837392
0.3096459
0.2591953
0.36067194
1.5162365
2.064846
0.4147689
0.7907283
1.7491702
2.0014756
0.9792667
0.43967837
0.42599556
0.74652416
0.14281869
0.2157118
0.4130405
0.34201938
0.3072624
0.35200042
0.807235
0.48019075
1.0326817
1.3440491
0.65507823
1.0841906
0.30088922
0.23149371
1.2664012
0.75428396
0.41474417
0.2979885
1.9621912
0.41764075
0.32106683
0.1993328
0.30624393
0.28141925
0.40757415
0.14930937
0.12848678
0.3307698
0.13074419
0.4404755
1.5004916
0.0065912935
0.5659376
1.0772834
0.40251788
0.6058757
0.14185184
0
1.1781555
0.54143023
0.3482028
0.32887614
1.9437875
0.5380435
0.35662693
0.2496422
0.23138225
0.091662705
0.17051297
0.06816742
0.04934934
0.11580774
0.17958611
0.36183667
0.30077687
2.5772119
0.23483133
0.25667432
0.09246537
0.13356093
0.24230984
0
1.1692638
0.77287126
0.428518
0.40372565
1.5712134
0.8251167
0.29418945
0.25818658
0.31708208
0.71566254
0.24935806
0.15819237
0.059856657
0.09274557
0.13739073
0.8336734
0.13031161
1.5651114
0.091754526
0.38594186
0.26769188
0.20167157
0.3202313
0.12484062
0.67240155
0.66819525
0.30765775
0.039290223
0.4147574
0.1654607
0.09576321
0.1054728
0.20100072
0.27865863
0.07707468
0.017782483
0.09258714
0.06875998
0.030310724
0.06329751
0.13071853
0.36542624
0.30802077
1.4988463
0.47665918
0.39280435
0.27116987
0.02723283
0.62521267
0.4815821
0.34549227
0.13147351
0.13971317
0.16153193
0.23886877
0.19542608
0.1887199
0.29798415
0.07416603
0.044456873
0.060536537
0.08662957
0.1048578
0.061692838
0.08284134
0.2294161
0.2961647
1.4531416
0.25404122
0.13884464
0.101447135
0.07001871
0.7105013
0.24011159
0.34059358
0.2253657
0.12018779
0.3047356
0.38364178
0.35690734
0.3492912
0.26053038
0.10796681
0.007927779
0.07375628
0.08532086
0.12724972
0.068828404
0.07847431
0.17012939
0.866292
1.3070433
0.25392738
0.1502777
0.09145433
0
1.0883276
1.0347426
0.26673058
0.31393787
0.18129498
0.14192462
0.09011409
0.16775846
0.08688423
0.14766243
0.07177383
0.1849212
0.24073541
0.17489257
0.10714126
0.49419215
3.2579167
0.25263882
0.3411273
0.5338629
0
0.74905765
0.1370816
0.042813305
0.85181123
0.33723503
0.37894568
0.08484328
0.34778658
0.17168644
0.11489138
0.11759412
0.17022964
0.19035983
0.029497746
0.100951344
0.18167558
0.12637645
0.09001222
0.15089002
3.717114
0.55003154
0.2173379
0.17566797
0.0018784439
0.17535737
0.16126874
0.1455631
1.0745838
0.37167627
0.26067892
0.124825716
0
0.11638713
0.18735015
0.16658589
0.2050184
0.2506891
0.15726283
0.19647092
0
0.22304556
0.101520926
1.7651836
0.48675305
0.13741997
0.34162176
0.16377228
0.51083994
0.37068152
0.06819266
0.14375338
1.183472
0.6784825
0.352634
0.2520747
1.1128206
0.30606735
0.38714674
0.2263569
0.008615557
0.26556388
0.29137546
0
0.33537474
0.27507034
0.11578268
0.14939019
0.10860917
0.22777152
0.09557468
0.23330241
0.074884206
0.45058316
0.58116627
0.067545
1.1255286
0.46881685
0.35732552
0.04396764
1.3849235
0.7837588
0.3622696
0.46227828
0.49950767
0.300921
1.4906387
0.16939783
0.119145274
0.28054684
0.3378395
0
0.1664817
0.345365
1.46564
0.41948244
0.32101208
0.4509816
0.03288797
0
1.0837879
0.4803657
0.3788936
0.17301643
0.4740379
0.06904724
0.21820709
0.3274213
1.3386816
0.25015825
0.28779358
0.20646909
0.010731999
0.022757564
0.022212688
0.03419811
0.08518636
0.54489785
0
0.25721902
0.24114284
0.11615884
0.21936566
0.07830998
1.3643148
1.5390346
0.3419152
0.21817511
0.16418865
0.068974465
0.46529683
0.08315113
0.20577279
0.11721307
0.075284004
0
0.13235033
0.22500262
0.31080836
0.32220277
0.31312713
1.0120244
0.84788024
0.3524682
0.076254696
0.20958531
0.4870946
0.31427
1.3849704
1.2209136
0.37061957
1.5610397
2.9875178
0.2972962
0.02412266
0.178318
0.05277956
0.1438458
0.22998074
0
0.018466804
0.11670095
0.075523734
0.13589281
0.3911951
2.2075431
2.1179316
0.487414
0.37493345
0.45115316
0.104678154
0.1845361
0.9805444
0.56030595
0.17356098
0.21348032
0.8999646
0.067588836
0.1846149
0.3013988
0.3237678
0.25035703
0.07142636
0.23436084
0.2485373
0.082115084
0.12324932
0.42133248
0.308614
0.098536015
0.8893556
0.28312695
0.33065808
1.581602
0
0.075984746
1.1994439
0.2914001
0.31856716
0.05451453
1.0615819
0.18766648
0.15660757
0.046515588
0.2212874
0.2901399
0.23269683
0.1482414
0.14836419
0.065644115
0.091031194
0.05449665
0.40663007
0.17404869
1.1601353
0
0.17300007
0.027757827
0.20369422
0.49733692
1.1534724
0.4271219
0.34337512
0.13704684
0.6205992
0.12763968
0.1275276
0.5070226
0
0.12245625
0.06039906
0.06052548
0.11886528
0.104278564
0.07411674
0.25533575
0.3108293
0.37010375
2.808017
0.48115802
0.66843784
0.24702469
0.15311256
0
0.8854635
0.63085395
0.22538075
0.13466707
0.7321939
0.20951536
0.6036165
0.13774103
0.10403311
0.08393693
0.07119101
0.028230581
0.14889494
0.17247236
0.035852525
0.09708819
0.51516706
0.0831019
1.1807688
0.42519182
0.2136988
0.6091725
0.26765966
0.203733
0.9180518
0.33162716
0.385852
0.16158044
0.8218764
0.41047436
0.47005567
0.5906163
0.06971446
0.07146415
0.10935533
0.12267968
0.1303899
0.13510403
0.04087505
0.0044302973
1.2655282
0.9366026
0.026012633
0.12901047
0.3164715
0.38134828
0.25782603
0.13974631
1.0601484
0.34029707
0.13428158
0.17503566
0.7191602
0.21056908
0.13961267
0.19681415
0.802325
0.21405083
0
0.13812318
0.10982931
0.2115804
0.036912117
0.15127647
0.41420028
0.6490485
0.30666852
0.4386556
0.27107543
0.29415724
0.35007256
0.00861505
1.4902064
0.70313907
0.20671281
0.23075002
1.1364172
0.22906747
0.19120643
0.013933722
0.16006991
0.12738028
0.00011861668
0
0.021045271
0.108472705
0.11324164
0.24852633
0.4412786
1.7253228
0
0.17820415
0.4285795
0.2802138
0.19458523
0.20141405
1.0484314
0.3590411
0.33073005
0.3192018
1.0809312
0.14122477
0.2159315
0.30411425
0.25888607
0.16784877
0.32334337
0.36820278
0.290726
0.5175887
0.21606317
0.12866506
1.0431168
1.3731675
0
0
0.5721554
0.5629845
0.27878055
0.23387131
1.1606464
0.45928246
0.30706412
0.16724816
0.11867714
0.3131297
0.3632739
0.21301726
0.20134738
0.31093886
0.16352785
0.16062874
0.16576666
0.112143725
0.14984977
0.12978172
0.20909876
2.5584483
0.5748119
0.052728746
0.29952243
0.28465164
0.1434502
0.28246817
1.1449574
0.35712233
0.2937725
0.13824001
0.5287682
0.23939413
0.60899985
0.26529944
0.06557977
0.09272739
0.098148584
0.101832986
0.063523114
0.1316531
0.11035073
0.09149614
0.05794597
2.5808554
0.32965901
0.04347137
0.44648013
0.5280803
0.39512888
0.13552478
1.1414028
0.44933707
0.37049642
0.25537965
1.6465513
0.29678115
1.0622092
0.14948654
0.22082636
0.18544891
0.11647692
0.006904069
0.13074493
0.10907912
0.14450711
0.1514247
0.22340071
1.9753622
0.64054775
0.40770146
0.47920313
0.5120844
0.19506654
0.13839617
0.9605858
0.16318569
0.32859573
0.23873392
0.81602037
0
0.31307757
0.61031526
0.04645488
0.35394213
0.47724155
0.12495005
0.04236457
0.18070382
0.14794016
0.10367671
0.032950792
0.7278267
0.2925075
0.34442016
0.21913773
0
0.078484625
0.22674355
1.1478662
0.57347006
0.22718087
0.18080372
0.04208443
0.19524613
0.337871
0.44394657
0.23963705
0.18096593
0.16256523
0.2320486
0.10859802
0.18823257
0.41891992
0.119624406
0.1881952
0.45776388
0.39561635
0.3704368
0.3583938
0.10381791
0.14694056
0.3095512
1.5405279
1.377526
0.31745082
0.289498
2.8286166
0.3600373
0.079363346
0.099966496
0.21570787
0.20120865
0.11779246
0.10599011
0.33734787
0.115006775
0.16329423
0.15800115
0.21018338
1.0382601
1.8437201
0.81324095
0.51097775
1.079192
0.014636848
0.12573257
1.1501524
0.45990038
0.3722827
0.24387676
0.93717223
0.04183114
0.16761684
0.33228302
0.26348758
0.24230772
0.24532795
0.3034376
0.23852453
0.35839227
0.22986004
1.8075758
0.008146767
0.27404144
0.12021026
0.25552803
1.1286942
1.8369372
0.30372006
0.13183251
1.17317
0.31548512
0.36569533
0.13566029
0.9520796
0.4747444
0.29218948
0.20784089
0.12982854
0.13396037
0.04962388
0.12543273
0.09283754
0.047613565
0.07087809
0.05456454
0.73808074
0.56304026
0.74938816
0.72000426
0.36046377
0.36920336
0.2549504
0.26242238
1.1238338
0.46471184
0.2798435
0.21443304
0.7711261
0.2504831
0.13480702
0.26026398
0.13992065
0.107617885
0.120198905
0.10999361
0.010167215
0.09270108
0.09594357
0.086538315
0.13611665
2.6685715
0.42962885
0.16232741
0.29539976
0.58588916
0.19835418
0.018819425
1.066418
0.45787096
0.3090417
0.20909148
0.35684344
0.35061675
0.12419835
0.20069349
0.17305633
0.08411071
0.08858192
0.07387048
0.08571392
0.07285151
0
0.10034537
0.12753588
1.6528578
0.33822584
0.8196865
0.45500654
0.34030813
0.7088582
0
0.7426628
0.37273523
0.30629316
0.21666968
0.52439773
0.15013644
0.013283793
0.06764084
0.14097649
0.93824464
0.6727743
0.10080981
0.20571348
0.038209114
0.11779246
0.13508448
0.13855985
2.0430694
0.17171493
0.2634225
0.48246533
0.14575168
0
0.08460799
1.083509
0.74282897
0.18736455
0.23566276
0.108196616
0.21861032
0.22509575
0.3121941
0.5842298
0.6056916
0.5650864
0.1565843
0.1420683
0.116449445
0.14804095
0.31686774
0.27459887
0.32475588
0
0.5723193
0.10184753
0.29252392
0.38983616
0.21439329
1.426397
1.3955774
0.20588571
0.2259025
1.2442857
1.8214741
1.2838172
0.7508254
0.34907278
0.23538199
0.18292299
0.18119088
0.62859523
0.30830768
0.24429882
0.27778065
0.41219586
0.029179726
0.38880658
0.15217364
1.6528225
1.1247058
0.065294355
0.17137459
1.2776922
0.63201696
0.2903834
0.32823786
2.099997
0.27949068
0.22256345
0.33464476
0.192469
0.21074116
0.14785773
0.14740112
0.10270551
0.12619045
0.11172661
0.16538924
0.12818223
1.4552661
1.0555023
1.0943186
0.5527804
0.022594247
0.3854442
0
1.0989897
0.46791124
0.29373416
0.23104405
1.0246925
0.1824995
0.38634786
0.30053842
0.12892193
0.11864573
0.1073958
0.07599747
0.07007754
0.09528902
0.11778903
0.09026444
0.25811708
1.4195565
0.26522952
0.04023621
0.49458134
0.44616342
0.47915885
0.047960673
1.0714045
0.45329127
0.22314122
0.24477023
1.167985
0.31677854
0.16846684
0.2519554
0.108445644
0.06599209
0.111563444
0.002296332
0.08486757
0.093195826
0.092645675
0.09846595
0.02858195
1.2446504
2.6109767
0.110750675
0.37380624
0.55769
0.09511569
0.058226172
0.8808376
0.5130405
0.28572652
0.2521956
0.66992205
0.19518912
0.1259895
0.1206989
0.13466126
0.13399878
0.13660103
0.15288484
0.029122297
0.2768754
0.19240373
0.12667918
0.24304786
0.44949135
1.0488083
0
0.27794096
0.87608093
0.24241403
0.15745172
1.092366
0.4324424
0.25950798
0.1967147
0.9188629
0.8334369
0.17302567
0.7776362
0.92100817
0.77500683
1.6418107
0.04105312
0.29921496
0.086144835
0.067373335
0.060275827
0.08466253
1.5404979
0.44678614
0.263234
0.36722708
0.35250744
0.04241619
0.038021836
1.0047653
0.4256558
0.38415864
0.23445433
0.54589975
0.30063024
0.19655955
0.03578979
0.13826203
0
0.03927577
0.13283911
0.14552745
0.124801874
0.06945604
0.17119196
0.16780907
1.1064122
0.13638923
0.13081312
0.3087908
0
0.1723615
0.09238088
1.0991224
0.39401343
0.14366192
0.20308307
0.76897895
0.10167745
0.4471104
0.28808028
0.44961044
0.28061637
0.22472909
0.15162668
0.16808084
0.2883916
0.064293206
0.18730304
2.2187338
0.92639506
0.5917777
0.16025808
0.28707743
0.37216383
0
0.11142197
1.2285025
0.35388985
0.1731379
0.20777029
1.2055606
0.28995824
0.19676042
0.61473083
0
0.160489
0.1377396
0.13353732
0.17069983
0.077546656
0.14880806
0.34884718
0
0.59989023
0.6578306
0.012616519
0.4464275
0.08751875
0.5785146
0.04564837
1.0886889
0.42076445
0.2882427
0.242185
0.39507934
0.26205188
0.23951301
0.18456474
0.09513277
0.054551665
0.071578175
0.074267894
0.09778941
0.1200743
0.094474226
0.08860764
0.25459015
1.8690234
2.2778528
0.06370923
0
0.6164761
0.2308481
0.16274038
0.9701397
0.4511768
0.2886084
0.22767511
0.9306079
0.28351846
0.29255736
0.24899688
0.29170707
0.98796666
0
0.14807418
0.18036261
0.29951248
0.5757906
0.1422579
0.5819477
0.18320778
0.67912006
2.396312
1.257329
0.6329211
0.36319712
0.06860256
1.1499157
0.44948938
0.35270733
0.16311625
0.6833885
0.46574762
0.30838555
0.12562484
0.07603112
0.16456506
0.16967142
0.12202585
0.10013428
0.10921806
0.07865244
0.051756445
0.034534458
0.957602
0.33138388
0.7086187
0.6836864
0.95252055
0.77015805
0
0.9742665
0.53849727
0.37938967
0.20441154
1.1504625
1.2003407
1.3664467
2.872713
1.6649286
0.15194723
0.7178979
0.19630945
0.108140945
0.15265581
0.067843825
0.14577603
0.22237885
1.3468295
1.1839803
0.50957304
0.17307138
0.38700002
0.23683187
0.046109978
1.1872785
0.96297747
0.35930964
0.33063662
0.6861449
0.32111356
0.2310274
0.14259249
0.27432752
0.36513427
0.1938121
0.16726816
0.43774593
0.096705616
0.1620203
0.17318654
0.46130577
0.5887678
0.33571136
0.35907388
0.3054798
0.06650075
0.22945645
0.19533154
1.510522
0.78902435
0.2369053
0.28278646
0.52497166
0.55346406
0.38121697
0.27379635
0
0.0754841
0.14609638
0.07614076
0.07787123
0.15549445
0.06733984
0.22699189
0.2494885
0.39529288
1.1614674
0.35799828
0.44709304
0.7538411
0.26326066
0.10864407
1.0455443
0.45407873
0.25963515
0.30497953
0.72866374
0.37601233
0.5547911
0.24082083
0.08461389
0.0732418
0.14674738
0.11238918
0.11325574
0.13438767
0.083771676
0.14962628
0.52901506
1.5758035
0.35492432
0.2778583
0.55779994
0.68890464
0.43444318
0.22039494
1.1223406
0.43525505
0.2938545
0.29075813
0.89779836
0.28357458
0.34825814
0.19383726
0.2505952
0.34782487
0.20188898
0.17091489
0.1425741
0.103173435
0.13839152
0.5341168
0.3655668
0.3348919
0.4155573
0.27657208
0.5228897
0.27578795
0.3498906
0.3285019
0.84594357
0.51044965
0.3228497
0.2554898
0.9235276
0.1745002
0.21113187
0.24855998
0.3043297
0.15286157
0.17073429
0.11280444
0.15195966
0.6831876
0.39151746
0.12319988
0.53582966
1.1707087
0
0.46048078
0.48718178
0.10818383
0.1241743
0.17817628
1.1208241
0.6108523
0.34951717
0.2610017
0.1122008
0.14069381
0.24499461
0.37144753
0.55950075
0.75344515
0.07357529
0.18145108
0.15512627
0.14987776
0.29397744
0.81842995
0.20841795
0.000928763
0.41014892
0.32035047
0.07425603
0
0.22195518
0.07948694
1.1100714
0.7129295
0.26588392
0.3036144
0.6091809
0.4866573
0.23290151
0.11306429
0.32671732
0.22375843
0.16765457
0.18278536
0.11542243
0.19034043
0.1456866
0.16438642
0.3290369
0.12372658
0.22861975
0.12476516
0.0025107895
0.4016897
0.09346405
0.09076205
1.1364688
0.5700889
0.3872467
0.22111705
0.18516862
0.27453998
0.14079633
0.22408196
0.27829286
0.10931659
0.17837289
0.09934363
0.19156042
0.10084972
0.1705251
0.17275628
0.26764435
0.06310344
0.4489044
0.27271727
0.054249797
0.119022906
0.2301907
0.116865754
1.5035497
1.4491459
0.64440346
0
0.439036
0.48815936
0.47387218
0.13854334
0.2007784
0.17970413
0.21093681
0.21852961
0.24081936
0.1957267
0.17661613
0.14943376
0.30085927
1.9614751
0.45019528
0.5113499
0.7045242
0
0.13673624
0.2119667
1.2494363
0.6765266
0.2511858
0.29432926
0.94909084
0.61764085
0.3369999
0.33195046
0.23728701
0.17579105
0.29364264
0.109242916
0.23187572
0.39482984
0.17310804
0.05580968
0.71982235
0.9645011
0.5236253
2.33592
1.0232615
0.528147
0.31322616
0.19210207
1.0167446
0.6798057
0.32756832
0.20096293
1.0851709
0.27703097
0.3382169
0.28800684
0.17391616
0.45939413
0.45032367
0.07853168
0.21894643
0.23429528
0.15502447
0.12845087
0.1277686
0.3255847
0.8817347
0.84608537
0.3807034
0.59475523
0.21732178
0.08762497
1.2187873
0.4912662
0.30618685
0.22236845
1.4170846
0.20460647
0.27021846
0.22312051
0.3354893
0.178684
0.13000217
0.2978927
0.17483339
0.26517105
0.21195114
0.47629973
1.0178686
2.3186877
0.086967856
0.12247661
0.5050259
0.31363747
0.36993593
0
1.104015
0.54890776
0.3325265
0.33434996
0.098025054
0.041241262
0.158306
0.35166872
0.37806362
0.69636923
0.20370144
0.6219107
0.05596054
0.2028409
0.13585368
0.10318616
0.18990543
1.1768882
0.58097184
0.38835225
0.3884586
0.1385333
0.04876006
0.07103878
1.3163829
0.68163943
0.39549837
0.235562
1.2362075
0.25722492
0.30363935
0.2622571
0.5597964
0.866749
0.034175668
0.3738372
0.4008222
0.26216173
0.2720888
0.073967904
2.673168
0.08966106
0.12168226
0.8826872
0.43137938
0.3239253
0.33172756
0.057536427
1.2901324
0.52077055
0.447437
0.3273348
0.41631365
0.23404837
0.33344012
0.2458052
0.26485705
0.6248393
2.0689774
0.35369006
0.18928054
0.15476745
0.17647034
0.30101144
0.33777362
1.6094131
0.88956684
0.23020342
0.040259454
0.36329424
0.21380642
0.11737907
1.4550635
0.7871378
0.24707398
0.33740282
0.7274878
0.11211935
0.15762019
0.10591856
0.032490347
0.10810453
0.118638456
0.11042628
0.046740685
0.08295715
0.09749001
0.056864563
0.31206745
1.6386015
0.6999559
0.48288178
1.3845333
0.37134126
0.12947804
0.119377434
0.93901694
0.41340297
0.32182032
0.26311678
0.33364478
0.37593117
0.17399985
0.15067053
0.1941211
0.13789177
0.07591605
0.051461045
0.008596215
0.011558805
0.07490036
0.1664196
0.2055434
0.23512352
2.4895983
1.7357731
0.7827131
0.11422947
0.12300184
0.081628114
1.0182986
0.40383703
0.295523
0.23868701
1.7597528
0.3717212
0.16648135
0.21205816
0.14383247
0.12940729
0.14852741
0.032902513
0.025594924
0.060071502
0.11441791
0.10311541
0.2385366
2.948343
3.2796166
0.17442188
0.72576743
0.21054435
0.08178908
0.23590225
0.8340888
0.36826575
0.2860294
0.24290559
1.2056979
0.13823622
0.29126468
0.2272782
0.29657832
0.22402269
0.08159089
0.14196935
0.17626095
0.22897899
0.057936374
0.17576751
0.14644223
0.34801573
0.61599654
0.9551368
2.0287778
2.0325012
0.20315832
0.15909594
1.068575
0.4363572
0.30858606
0.17970908
0.7836439
0.20825058
0.21800643
0.17235947
0.117563516
0.20032662
0.06365085
0.12874052
0.12531152
0.14325202
0.03832603
0.014619682
0.07207766
0.18721172
2.732862
0.15233237
1.2022185
0.37782115
0.2712196
0.1223973
0.82580924
0.4615955
0.16657817
0.296833
0.8941495
0.10894731
0.19479412
0.27169088
0
0.07550621
0.9774022
0.22258663
0.5096
0.03755418
0.13633499
0.25159737
0.17898303
1.0501218
0.31775692
0.59055513
0.22772667
0.40137175
0.08932662
0.062180016
1.1076095
1.2360153
0.14337161
0.09559533
0.21049818
0.10799822
0
0.19725394
0.2977932
0.15332296
0.1209847
0.17297754
0.5835081
0.19659072
0.18316698
0.33991283
0.18533418
2.1907413
0.1544573
0.19078639
0.5660773
0.10075584
0.26992518
0.11385766
1.2429032
1.3403534
0.4607871
0.41381988
0.39197013
0.36670136
0.20951346
0.2333309
0.11811891
0.14603674
0.07598919
0.47860783
0.44806197
0.15791711
0.17471692
0.31528154
1.7016798
2.6477427
0.48598948
0.20241064
0.46780786
1.0765587
0.33730018
0.05653164
1.0313212
0.71297747
0.7026678
0.35981953
0.99164695
0.92300415
0.44371742
0.3194514
0.31629533
0.17508182
0.13964796
0.069177955
0.36869326
0.11178222
0.14976239
0.08535418
0.05493978
3.886405
1.1564314
0.043381784
0.3849396
0.30229387
0.9058486
0.0075070295
1.2296929
1.385434
0.8615651
0.20319605
0.96171516
0.29390058
0.16548526
0.3756847
1.7122644
2.4453132
1.2747929
0.18688521
0.17693412
0.19140884
0.10365111
0.115775466
1.0122703
0.11294326
0
0.3811288
0.64307666
0.44026902
0.4187121
0
1.2030237
0.86034364
0.34924313
0.23410958
1.2735943
0.8397625
0.37320772
0.20762858
0.32981753
0.79635215
0.8996
0.13390055
0.10200325
0.1360052
0.1768583
0.29802006
0.033838157
1.2300204
0.22094235
0.42717105
0.28694883
0.2148892
0.24547169
0.16249594
1.3171296
0.71851873
0.35679138
0.36389503
0.85488373
0.09288749
0.26440176
0.11427876
0.14561719
0.09033483
0.1027793
0.12535146
0.23061311
0.17146462
0.15499845
0.3374472
0.8586963
0
0.29521117
0.1644879
0.41090238
0.4907173
0.1509346
0.4150414
1.4938264
0.957442
0.45291793
0.26975706
0.0140214
0.48324117
0.31850424
0.16898021
0.10975623
0.1415726
0.07523057
0.08310488
0.16457441
0.062966704
0.11618146
0.65708023
1.0338908
0.9763082
0.2713685
0.53087336
0.17895678
0.18189195
0.14459953
0.09283158
1.1502303
0.51743466
0.28385523
0.17881167
0.9430808
0
0.4260054
0.22520459
0.22548342
0.10168314
0.18382561
0.18325299
0.14715177
0.15082395
0.33476633
0.6463856
0.3114864
0.8333332
0.38606656
0.27201223
0.08128145
0.44334197
0.2732576
0.26347187
1.1772739
0.6043621
0.22559619
0.40636688
0.8325106
1.8403735
2.5804513
2.490261
0.4113639
0.15278798
0.18600613
1.3321835
0.24704641
0.043429974
0.20345038
0.50568974
0.46808958
0.5085657
0.4709682
0.36643273
0.87603587
0.24363896
0.06593406
0.032851998
1.2930689
0.7145737
0.3458654
0.27568942
0.4645476
0.28684914
0.25761038
0.37056905
0.30772603
0.5769249
0.14405242
0.13010228
0.1908192
0.08571887
1.2384231
0.2813781
0.9758276
0.45952836
0.2621317
0.28976855
0.907187
0.17464146
0.20679691
0.25268185
1.1628883
0.6636699
0.24553764
0.19000134
1.9105269
0.40518624
0.24110162
0.22867319
0.09586534
0.17949277
0.16691777
0.08290771
0.1772983
0.10369989
0.47295544
0.25014618
0.16685075
0.2887327
0.71756
3.278018
0.025704298
0.17428607
0.14508614
0.13047177
1.2733791
0.7378717
0.27122033
0.27052912
1.5890191
0.56498516
0.64308023
0.17170346
0.2222591
0.16027385
0.14389837
0.09218502
0.18729779
0.1291638
0.24596557
0.41883013
0.41718793
0.7064789
0
0.18898448
0
0.5732302
0.27510577
0.31461346
1.3573661
0.71697026
0.2622276
0.21438828
1.2748976
0.60120744
0.58503145
0.3895138
0.23680016
0.047225628
0.06732324
0.10356292
0.16447926
0.26553974
1.7353575
0.2864945
0.3646081
1.0056138
0.111611366
0.9433945
1.007481
0.8863971
0.24512729
0.22097018
1.2973938
1.2630329
0.3336868
0.17257291
0.24009791
0.6960409
0.47119272
0.4046655
0.43220624
0.5528433
0.25097218
0.1403715
0.13150856
0.9140485
0.23253945
0.27204823
0.5781912
0.78384286
0.42868486
0.3824768
0.5312509
0.106104255
0.29131818
0.22606695
1.2480836
1.7513565
0.4983996
0.20358387
0
0.57312906
0.13314137
0.16919637
0.43271032
0.6022539
0.405934
0.3397733
0.15850255
0.44833395
0.14535639
0.07732862
0.3546005
1.8011968
0.79028624
0
0.24602708
0.27307197
0.16600576
0.08217499
1.3130001
1.9906564
0.50120646
0.6156057
2.3057714
1.0920923
0.6234854
0.33383542
0.060442958
0.2949535
0.31146953
0.22882742
0.1640332
0.08142811
0.07987344
0.16436386
0.31569603
0.49145377
0
0.12056485
0.7502266
1.344238
0.08449915
0.15218666
1.148487
0.59910285
0.20712075
0.24998006
1.2447554
0.29918218
0.22791758
0.1579465
0.094469845
0.0870927
0.07708949
0.06880963
0.12099844
0.0845947
0.123284966
0.08908242
0.3290808
0.5081395
1.452322
0.0543052
0.759991
0.088355005
0.26982084
0.05823267
1.1067492
0.5345493
0.37366316
0.26450646
1.655471
0.43507162
0.29541883
0.27375686
0.097545415
0.2244891
0.10171172
0.04943696
0.05093992
0.1591376
0.15434629
0.16081607
0.28063184
1.7764474
2.7981522
0.82582307
1.280958
0.21025899
0.28189757
0.07161757
1.1604782
0.42641646
0.32056436
0.2631641
0.87239635
0.61101377
0.28892472
0.29339007
0.17884228
0.15587592
0.034734044
0.0056149396
0.09621513
0.120525
0.15752867
0.16786817
0.12819755
0.5962249
1.8990285
1.1612244
0.4348692
0.5143082
0.15523037
0.25633013
1.0449932
0.54190886
0.31489068
0.30010596
0.41229787
0.49708647
0.22166547
0.19391578
0.18784308
0.18798086
0.14923853
0.05573437
0.076691866
0.3054521
0.19828069
0.17258376
0.53229123
0.8591041
0
0
0.71051794
0.8964781
0.11693984
0.22289309
1.365111
0.9268516
0.40151295
0.16475293
0.07177514
0.30345905
0.44827217
0.48262835
0.5884859
1.956976
0.45836145
0.06754428
0.44035438
0.31444624
0.28934133
0.26724365
2.540474
0.9482191
0
0.3598351
0.8235588
0.43676755
0.34739155
0.17048112
1.0732459
1.8277194
0.41401473
0.1652604
0.45400777
0.46092314
0.4292577
0.20981637
0.4552488
0.68470716
0.3502719
0.31369016
0.82176423
0.3485174
0.1858482
0.32219374
0.25121117
1.2875309
0.8555194
0.3830189
0.6480531
0.38993964
0.3884547
0.3172535
1.6282105
2.906298
1.2076265
0.64150023
2.7770197
0.8829546
0.3207144
0.19375065
0.19986174
0.13523889
0.15799811
0.49439433
0.10757494
0.13539636
0.2592109
0.09325218
0.9501803
1.8672047
0.6014239
0.19881043
0.5029395
0.24625516
0.03922597
0
1.1858312
0.60509115
0.3533102
0.3152766
0.94026554
0.21525005
0.3020935
0.3759546
0.44504422
0.36790413
0.7165538
0.20817643
0.21797931
0.26387066
1.1268169
0.80584264
0.049488936
0.52163947
0.13317698
0.20761266
0.4271065
0.49727383
0.04030693
0.16277751
0.8108248
0.45681202
0.38967353
0.28328696
1.5929533
0.29716024
0.27297673
0.19067109
0.11803514
0.0083791055
0.10475689
0.112840146
0.12181893
0.16973919
0.1411688
0.09456357
0.23483983
0.13594574
0.24029604
0.4905324
0.3847964
0.19529775
0.04931662
0.078866035
1.0689605
0.596617
0.27148396
0.28570244
1.3587062
0.4274472
0.24371383
0.1878039
0.2051036
0.15518981
0.1230813
0.09900388
0.0881075
0.119775414
0.14765191
0.1803248
0.23734444
0.5277481
0.96457994
0.30070797
0.42948946
0.1767464
0.06576532
0.051860277
1.0583111
0.5599925
0.35384297
0.30241916
1.0604306
0.41602096
0.18932948
0.21157488
0.20076793
0.14021584
0.119354516
0.15349367
0.10592598
0.15519205
0.10827783
0.14370468
0.24255732
0.55707157
2.0615215
0.52498764
0.38690948
0.28626823
0.2195485
0.19690293
0.952262
0.7276039
0.64892673
0.21955758
0.3483443
0.51806813
2.3714125
1.7648759
2.0536327
1.2160141
0.17626816
0.111649305
0.42188847
0.14645866
0.15203035
0.20289427
0.46607602
2.4602249
0.65161693
0.5251784
0.20075187
0
0.23096043
0.36826372
1.1571735
1.9316357
1.5426114
0.6472687
0.2039375
0.37905037
0.67814565
0.37610248
0.50115424
0.2706016
0.30158907
0.65758437
0.6732628
0.15320104
0.18152079
0.67554283
0.81489474
3.0968788
0.34680024
0.6976065
0.18841434
0.3003057
0
0.5338796
1.1272992
1.3527824
1.1044391
1.1037078
0.18062034
0.25898582
0.13758698
0.25107092
0.2562913
0.2610708
0.18713617
0.32587057
0.75832134
0.12123889
0.10563421
0.22133872
0.887516
1.9606594
0.62128663
1.792167
0.34291467
0.49960336
0
0.0033922826
1.1205794
0.9270828
0.2580443
0.24842846
1.5006229
0.5185457
0.49654946
0.1869894
0.1664204
0.17995706
0.1700755
0.14646775
0.11026546
0.19005942
0.13753107
0.096105635
2.2557383
0.2464889
1.9004289
0.09003353
0
0.27465418
0.38200212
0.104117155
1.245562
0.5239637
0.3172799
0.309893
0.3978876
1.7639085
0.6593973
0.47984868
0.26462954
0.1111145
0.14389849
0.33402815
0.45785317
0.1331436
0.12483278
0.12155712
0.25333613
0.35104528
3.780482
1.702891
0.59020925
0.09968099
0.13352975
0.004396263
1.0843463
0.62368095
0.3176728
0.31421
0.6030826
0.5921482
0.3858815
0.26751667
0.45753106
2.1740017
0.5988214
0.17354563
0.18143517
0.2146636
0.15773958
0.18917125
0.15033588
0.2763445
0.494562
0.14613265
0.27977225
0.426834
0.0756087
0
1.0697364
0.7486262
0.3806351
0.3110085
1.4481485
0.24421301
0.45100462
0.38968995
0.2944749
0.20481417
0.38123474
0.12394947
0.37590167
0.35443115
0.25072297
0.3589348
0.3110344
0.18725753
0.60932344
0.71330225
0.23330393
0.37649515
0.16259852
0.041738424
1.1130669
1.1797609
0.32021376
0.35019782
1.0479047
0.31211326
0.19669041
0.30611438
0.2181176
0.6061441
0.5663186
0.3535392
0.91160184
0.17578888
0.21864864
0.21373573
0.65809864
1.2403067
0.64764315
0.25009763
0.20905396
0.06906307
0.12118742
0
1.368967
1.1171441
0.35693583
0.3334154
0.5801155
0.42689186
0.3433022
0.41521865
0.12701645
0.11085844
0.18358192
0.24870947
0.26922864
0.4259206
0.18421611
0.10261077
0.48498908
0.1808821
0.8417513
1.4248364
0.34337366
0.046015803
0.08487919
0
0.62432295
1.2930458
0.23442721
0.26614755
0.25377563
0.26001874
0.22390747
0.26919332
0.16604212
0.16671711
0.13942054
0.18341696
0.23919544
0.21659437
0.1830183
0.1809183
2.6364253
1.2753749
0.3117582
0.3238611
0.120209694
0.18008518
0
0.10075411
1.0103672
0.52707016
0.38450572
0.21087626
0.30140767
0.25248542
0.25944424
0.26511332
0.27775005
0.2886374
0.13187382
0.05123553
0.15495336
0.09801343
0.02268878
0.16963783
0.26085857
0.3550128
0.1194222
0.67465377
0.5695854
0.8796978
0.5957601
0.37192702
1.1820469
0.53438914
0.38335145
0.20743877
0.45803013
0.94685525
0.6195245
0.4880453
0.81954193
0.384644
0.15301439
0.14475226
0.2656123
0.19143733
0.9362875
0.2505438
0.40711173
2.2501512
1.3399749
3.254339
0.13859001
0.81383044
0.40976083
0.71489924
1.6470984
0.6738747
0.46322095
0.4231211
0.6452909
1.7016634
1.2648038
0.47798422
0.4901163
1.495885
1.0583023
0.17585701
0.1483199
0.014132265
0.4693471
0.63561153
1.5591722
1.0532917
1.7453249
2.7684765
2.4310687
1.7951962
1.6549472
1.0739686
1.2298814
2.2467048
1.1216987
0.39772713
0.7110146
0.62419546
0.68530005
0.49319354
0.39815027
0.58067614
1.2467415
0.3214698
0.21097347
0.22587296
1.6028384
2.0156412
1.8092061
1.5197327
2.6027164
0.44207138
1.33931
0.6457943
0.4157544
0.40698642
0.7362416
1.5714673
0.23535609
0.21591923
0.4163586
0.36895376
0.42646807
0.38006526
0.10902381
0.6414745
0.2724111
0.579274
0.11623782
0.23283228
0.1648989
0.3777118
0.46819735
0.7660403
0.17293441
1.4736447
1.7074851
0.43047827
0.6292004
1.954421
1.5151867
1.0497007
1.5560808
0.13597104
0.9135939
1.2928036
0.50569123
0.15235147
0.47634816
1.3150908
1.0201383
0.60403115
0.5995556
0.14989376
1.3457638
0.4909413
3.3899002
2.4672914
1.3332887
1.9172294
1.5235982
0.3251767
0
0.23247561
1.5263498
2.229524
0.581338
0.40096244
1.7253194
0.87288207
0.39234537
0
0.20180696
0.18071523
0.12409657
0.082681954
0.18131164
0.1423994
0.17253119
0.20292267
0.27308702
1.2595321
0.32578966
0.45306233
0.6436319
0.4213237
0.1299445
0.047827695
1.0163016
0.66167617
0.32635793
0.30010152
0.3160628
0.7692012
0.63342834
0.198446
0.08957955
0.18694243
0.14591417
0.08640605
0.058720443
0.09038949
0.11847776
0.16400042
0.07166585
0.14237672
3.0592897
1.5612793
0.58420485
0.17062524
0.20679584
0.12504673
1.1449687
0.5308455
0.42343554
0.3270287
0.36147517
0.6135655
0.45789242
0.26800787
0.3208852
0.24872306
0.14103073
0.13859183
0.16801679
0.058004204
0.12028304
0.1706895
0.1950818
0.2021446
1.443055
0.2384708
0.37689847
0.20553106
0.10284984
0.14066523
1.0994676
0.56201303
0.3430833
0.33416688
1.6332102
0.50582606
0.68139267
0.32730287
0.2507964
0.15466785
0.16033646
0.09430081
0.016375277
0.05296204
0.1760315
0.13662103
0.2191951
1.0881369
0.45036387
0.72017384
0.53802204
0.17035642
0.21055692
0.09215805
1.0929482
0.6687718
0.23093644
0.34572524
0.86562127
0.6509111
0.66809255
0.15335757
0.26849622
0.18778804
0.14874545
0.09906182
0.14118826
0.22059894
0.20851189
0.23326066
0.44032368
0.12486091
0.24869776
1.6952455
0.4118288
0.9779599
0.49765888
0.2324991
1.0669109
0.73743844
0.39185584
0.15305018
0.097144455
0.24626127
0.34995863
0.36981714
0.8247072
0.15861917
0.2865099
0.26151568
0.30162534
0.3053215
0.15067366
0.57423985
0.27882782
0.56148213
0.47158772
0.7368542
0.5587827
0.29494572
0.10526371
0.13081226
1.6175375
1.1626742
0.3073983
0.14665997
0.29630226
0.21669811
0.35370833
0.36488694
0.35395086
0.28507087
0.24426174
0.28664637
0.23790616
0.2652895
0.9521512
0.7756197
0.24348664
0.470403
0
0.53166246
0.48453408
0.21088272
0.23504719
0.08749649
1.5160167
1.2040936
0.29590347
0.26912448
0.77149916
1.4267044
0.48214725
0.37891138
0.30704644
0.28733525
0.22692698
0.10223168
0.09598443
0.19165856
0.17962617
0.20431602
0.18337202
0.2579675
0.48152706
1.2865465
1.4444854
0.5902536
0.13956195
0.093452185
1.1197194
0.682774
0.41607192
0.32932195
0.33465
1.563703
0.654378
0.21538019
0.21457759
0.25907198
0.15754318
0.047655616
0.083899915
0.05316097
0.090759575
0.14921927
0.16260701
0.85127336
2.1028776
2.3972847
0.22390944
0.16948658
0.26742396
0.037220392
1.143779
0.52108335
0.37618405
0.30756477
0.45453382
1.1617808
0.37266862
0.29747507
0.32988688
0.49513012
0.5187819
0.14996406
0.08306244
0.0793376
0.7686058
0.5000869
0.15001628
0.33827472
1.2172366
1.8699477
0.41169116
0.28404215
0.01933584
0.25408566
1.3214065
0.96660733
0.40882045
0.30938137
0.7038825
1.0608531
0.96511847
0.40842712
0.1482504
0.115345925
0.1518504
0.09162679
0.12898415
0.25480476
0.2225798
0.16915745
0.027086768
2.1342685
1.4497752
0.7370148
0.86017704
0.39338234
0.4337657
0.37641767
1.2138617
0.84732014
0.2805353
0.2883633
1.4476316
0.39322814
0.29449102
0.60956454
0.28880957
0.16798002
0.0982492
0.14830828
0.10508478
0.05048478
0.092458546
0.1715613
0.37560293
0.288298
1.0037799
0.30886096
0
0.22589508
0.04776204
0.111910105
1.2005268
0.5798283
0.3848246
0.34023136
0.28486204
0.47873425
1.3792073
0.5363481
0.108552665
0.106187195
0.17465541
0.015791897
0.068212956
0.1066294
0.077984124
1.8312962
0.61432743
1.6145425
0.3825682
0.6807067
0.18977195
0.15965512
0.11574355
0.25210467
1.093126
0.5873285
0.31448337
0.2668166
0.82256943
0.43388972
0.3232316
0.2974118
0.27252203
0.5334045
0.3083744
0.71997553
0.37863684
0.20304024
0.03480092
0.13913146
0.19964537
0.2396178
0.16317093
0.32825094
0.2670073
0.21669957
0.50187814
0.046229724
1.3183695
0.81807667
0.4180146
0.13622457
0.4706552
0.4441468
0.3078038
0.26279083
0.11048859
0.2598172
0.21859899
0.40700728
0.73360246
0.14934686
0.0063562426
0.75535536
0.56017363
0.18515787
0.89192766
0.104768455
2.9827921
2.869647
0.28223014
0.16959673
1.3008159
0.87740856
0.29858637
0.23865908
0.3826103
0.21902052
0.4031507
0.5933181
0.48413894
0.1779046
0.7817297
0.5087003
0.18272248
0.1684866
0.9535724
0.9563695
1.1800189
1.630623
0.5210328
2.5682995
1.5152386
0.3250875
0.24411729
0.15158117
1.3012683
0.9409735
1.0749248
0.83148056
0.5697318
0.57787406
0.040212933
0.28440937
0.31523508
0.30119175
0.20823291
0.14008564
0.15457988
0.16838512
0.19441372
0.4040014
0.4864071
2.1306512
0.09773809
4.334284
2.8694394
3.770114
1.2929047
0.32605496
1.1784948
1.5117433
0.12949964
0.4351698
0.9770362
1.0037154
0.7521261
0.49017054
0.46790352
0.35172564
0.72464305
0.19428408
0.17990601
0.17102438
0.5949241
0.7033694
0.19835675
0.22629634
1.3818526
1.5246524
2.6626983
1.2609718
0.23997068
0.066010565
1.4470156
0.8156594
0.41775808
0.26517636
0.21350673
0.27196664
0.38610545
0.22400844
0.27241123
0.2691918
0.35307798
0.065035224
0.19738984
0.11348155
0.09246653
1.6063632
0.15830079
1.0530162
1.2655137
0.8044375
0.29392335
0.39864868
0.26101363
0.06279591
1.1058352
0.94048154
0.33916223
0.098392636
0.28562203
0.18179113
0.2827424
0.3231747
0.4327027
1.036442
0.22604775
0.13339925
0.16225696
0.1330142
0.17293936
0.08063343
0.6133141
1.5035328
0.64336205
1.2286103
0.22141585
0.17590594
1.088493
0.006631348
1.1863595
0.80838996
0.12947688
0.25950727
0.32967588
0.25413108
0.29156226
0.5371801
0.38796094
0.302408
0.6175123
0.32086354
0.33500385
0.24259904
0.23210058
0.1267319
0.20163122
0.5849006
2.3950977
0.9628734
2.0720394
2.0923078
0.5091729
0.28488523
1.3611742
1.6654704
0.5659045
0.31214845
2.491338
2.7475681
0.8808371
0.87569755
0.20177737
0.14012372
0.111214906
0.16890824
0.060571346
0.08683023
0.14677697
0.122246206
0.18513423
1.5309405
1.7860104
1.4752243
1.7164798
0
0.35925323
0.12842134
1.2710309
0.42734236
0.35363147
0.27158734
0.22410282
0.81442636
0.24060905
0.08185959
0.24765867
0.16430956
0.10471296
0.005828175
0
0.08245441
0.048277292
0.13304976
0.6315285
1.7224844
0.69297445
4.2627296
1.5300263
2.4363048
0.30442208
0.11169505
1.3148506
0.6386203
0.15856594
0.21638104
0.78968936
0.83300424
0.69346374
0.37882033
0.1549376
0.096904874
0.07613388
0.052133296
0.071738124
0.09834248
0.07433921
0.17017075
0.09379834
2.9177284
1.3337939
3.589724
1.3552905
1.2516985
0.044246975
0.061239216
1.2245436
0.5631212
0.24662358
0.27471316
0.6327826
1.9257842
0.40201542
0.2893681
0.6642221
0.62959987
0.15066785
0.113542706
0.13978004
0.1788199
0.17465854
0.22550109
0.6445569
1.8114672
7.054615
4.060897
2.4215057
3.8930686
0.505122
0.3045518
1.2307501
2.4985952
0.5368661
0.45418358
0.21371299
1.3724017
0.70734125
0.22592852
0.112024635
0.7828513
0.007862333
0.015918467
0.2940854
0.31630996
0.107831
0.081005454
1.4537737
2.3824694
2.478504
3.513072
1.4583722
2.5964918
0.04144508
0.2662929
1.4176297
0.727335
0.28282544
0.27136052
2.1874757
0.2354371
0.8864115
0.17126837
0.079741985
0.1693283
0.15203434
0.1693643
0.1505391
0.13473278
0.14204553
0.14754939
1.0185758
1.0103763
0.23476923
0.936999
0.26525792
0.78832453
0
0.3073665
1.2990826
0.5496941
0.25515702
0.27465376
1.0028858
0.10488704
0.7579803
0.5110742
0.28577587
0.2954196
0.5304666
0.29014733
0.12570095
0.07441896
0.44626543
0.07453856
0.19273418
0.1418528
0.17317042
0.23022938
0.7099575
0.6894578
0.092265934
0.28588653
0.94514
0.83185387
0.35367545
0.4295544
0.48742855
0.3249497
0.26779687
0
0.16386664
0.15024579
0.0069353315
0.059366558
0.05651653
0.015282456
0.16026446
0.16488472
0.3081089
2.1555028
0.71303844
0.30203897
2.3545487
0.72933924
0.1663011
0.039146576
1.0939707
0.5186786
0.33875892
0.24121496
0.7188517
0.72621375
0.5051143
0.17963877
0.11314297
0.18839055
0.16221595
0.113579124
0.06678364
0.056230072
0.08771932
0.16792554
0.12417728
0.57511836
1.7681637
0.48512816
1.141399
0.21526742
0.13677013
0.12646449
1.2282603
0.67091
0.36635274
0.3263289
0.51403975
0.41901734
0.23162466
0.18843469
0.13531074
0.14243683
0.1323528
0.121023476
0.079202235
0.055423174
0.100417346
0.20091006
0.076983124
0.09816632
3.262496
2.1123047
1.591308
1.4870261
0.22202978
0.23170784
1.2848506
0.54574764
0.3886172
0.32156566
2.4310029
0.66466427
0.28134966
0.3280824
0.22995311
0.8896619
0.4015714
0.6592042
0.0765267
0.1078299
0.19068128
0.016431633
0.10693148
0.42005077
0.15579596
0.763135
1.4093387
0.31401008
1.5247468
0.07820609
1.3660152
1.3666862
0.31064528
0.3032743
1.158563
0.34688503
0.28194875
0.44606644
0.2460792
0.5750359
0.7083461
0.17297098
0.30117923
0.23527199
0.20790493
0.20207095
0.66196114
0.4205344
1.0624459
1.5468888
5.345671
3.6188447
0.20924011
0.1472893
1.5098451
1.4722164
1.093124
1.0801983
0.83458346
0.5910605
1.1175734
0.8530907
0.40360874
0.87473774
0.488866
0.5698878
0.19275147
0.8615912
1.3565984
0.30886713
0.33878285
0.69934607
2.3770566
4.31319
0.47631252
0.2729041
0.25837874
0.29708913
1.4442358
2.3683636
0.5293945
0.18374914
0.12814587
0.69913185
0.40892953
0.48762405
0.23062477
0.37784523
0.24273485
0.31336176
0.2549563
0.50861233
0.85018444
0.5213929
0.27918866
1.6880785
1.8760507
0.4802085
0.62418884
0.20461082
0.2845588
0.2146231
1.6209182
1.5895493
0.2545557
0.4030903
0.90098226
2.7963772
0.57150435
0.23280278
0.16091925
0.23343813
0.18868399
0.06824812
0.4079956
0.24353898
0.17791528
0.27154228
0.75174344
0.6138698
0.18089315
1.5255501
0.5773472
0.16443926
0.16664761
0.16908076
1.2111769
0.8166634
0.36005408
0.35883686
0.72867036
1.7044196
0.55416816
0.16623327
0.098662466
0.20026249
0.15474492
0.08010101
0.067789495
0
0.07346028
0.12930885
0.16413972
0.9390923
0.4020692
1.333929
2.105599
0.13571584
0.3388892
0.16839477
1.1619931
0.75493217
0.23467943
0.33440274
0.5768799
0.3886702
0.28612086
0.20691949
0.118178725
0.105041385
0.08764583
0.050125603
0.07808164
0.072247356
0.025537644
0.059687916
0.15636036
0.69047534
0.7820015
1.4950608
1.7196566
0.9201729
0.24981946
0.14919388
1.1977547
0.9370714
0.039071236
0.4195685
0.74576634
0.44109604
0.4925109
0.087754965
0.118944675
0.11151838
0.08363849
0.06857684
0.05160952
0.061799202
0.10629451
0.10028154
0.32615188
0.64504474
1.997139
2.2998173
0.74419594
0.59531176
0.19990245
0.27728656
1.3615061
0.36338317
0.35031736
0.26899266
0.62725204
0.6217859
0.4357565
0.29217434
0.112271965
0.13481721
0.11277974
0.08572924
0.10433933
0.09212795
0.12097505
0.09081641
0.5721761
0.2694049
1.873067
0.8850572
0.14382106
0.38121605
0.38763013
0.18973893
0.99445117
1.2208923
0.320076
0.13373041
0
0.07080749
0.19522184
0.38260317
0.17486152
0.11673722
0.23974168
0.24847871
0.1069991
0.07274827
0.028998557
0.008798931
0.14469135
2.8098242
0.56414205
1.0174382
0.3428678
1.0925053
0.08074415
0.225456
1.576927
1.043218
0.30014843
0.20753115
0.21917814
0.14473721
0.29767448
0.21624863
0.27026027
0.5056473
0.31536013
0.253995
0.17955783
0.030317131
2.0115435
0.9411823
2.1420326
0.47272462
1.2994626
1.4041556
1.7747298
0.25639957
0.33682817
0.31093153
1.5359899
2.6632805
1.5077975
0.5798197
0.20703429
0.21246529
0.32233313
0.22419873
0.38770887
0.17354885
0.07487142
0.312488
0.2450284
0.04950646
0
0.026055876
0.57245845
0.2607501
0.44076777
1.3567257
0.90436333
0.56468254
0.21320513
0
1.0840124
2.3808882
0.31436437
0.28266227
1.5358576
0.4076233
0.41290858
0.34884042
0.10168815
0.14667714
0.14006323
0.08866173
0
0.077466846
0.06281221
0.092716485
0.107299745
0.5463273
0.34513682
0.41977987
0.31566375
0.02293757
0.105957836
0.096612185
1.2744547
1.0523758
0.4459382
0.31449437
3.1557062
0.43384153
0.398045
0.5131411
0.54520357
0
0.12184882
0.16480961
0.14731556
0.08287689
0.034372184
0.11455533
0.21814814
0.5102181
0.63743854
0.2712438
0.14230314
0.19568744
0.2371898
0.06389725
1.2899555
0.80508757
0.30423293
0.34150988
0.4463681
0.22785324
0.24569133
0.17865193
1.1785583
0.6566972
0.26653412
0.09645796
0.19778585
0.25387213
0.13262683
0
1.4253328
0.31351605
0.6013919
1.3211116
0.19862029
0.2523876
0.106737584
0.022013787
1.2420256
1.1451244
0.38475132
0.33474168
0.46576825
0.24506935
0.33964446
0.33784816
0.49865928
0.16926178
0.16086152
0.52822274
0.4672608
0.12722209
0.1128805
0.039128844
0.27175203
0.048015866
1.7937644
0.80172956
0.2526879
0.40636477
0.3552775
0.13699335
1.3155813
1.1715726
0.40494135
0.17703867
0.76970774
0.25808233
0.25641817
0.34298986
0.39781734
0.23515448
0.29554102
0.42677423
0.69953847
0.18986386
0.20502526
0.12027949
0.32958654
0.83015954
0.46091005
0.19140285
2.335832
0.5293961
0.0043833884
0.05217648
1.4985185
1.4679424
0.4259718
0.29333597
0.052885506
0.21214196
0.2616163
0.43955395
0.34069884
0.3664599
0.27936396
0.39871004
1.2565684
0.29918298
0.72986466
0.603761
0.85984766
1.3761932
1.4069535
0.31174704
1.4429164
0.26196826
0.34058803
0.41696095
1.6375092
2.1319098
0.5307772
0.14387488
1.7843637
0.82953495
0.13778496
0.45954993
0.49826413
0.4698547
0.5489458
0.5815115
0.16690782
0.13753274
0.17265028
0.38322088
2.0736058
0.1787684
0.28148547
1.3121192
0.45954436
1.4548211
0.14568427
0.14162073
1.4732113
1.1767915
0.3605633
0.30561185
0.30765688
0.7273054
0.6681288
0.34102637
0.33495668
0.6212964
0.33562455
0.13609332
0.31548488
0.27220637
1.0762305
0.019218717
0.337507
0.99138916
2.755904
0.7767356
0.22133487
0.22187239
0.19049951
0.1966143
1.3852738
2.1666224
0.49786833
0.1830942
0.94274384
0.67190635
0.27614245
0.38567585
0.2117615
1.9650549
0.37145415
0.3449649
0.07426885
0.21314406
0.16128802
0.19396761
0.31847852
0.12156898
0.57931215
0.09473187
1.6570302
0.38067052
0.16790184
0.035754893
1.5393665
1.0630957
0.30990013
0.35695967
0.5236573
0.28321084
0.39776218
0.3352062
0.2618282
0.7699676
0.3571776
0.13970399
0.11898178
0.23286653
0.12703878
0.18642622
0.19874513
0.8490341
0.23040175
0.5337709
1.3422348
0.879202
0.29400158
0
1.2781743
0.8624968
0.29990298
0.3277612
1.2625542
0.19228092
0.45450756
0.16377184
0.33553794
0.960711
0.42424446
0
0.23482478
0.1020132
0.060561392
0.13311577
0.13781658
1.2382866
0.5463031
0.6540074
0.099306405
0.3495818
0.04187185
0.06184623
1.48625
2.080521
0.35247546
0.04151443
0.014976803
0.2571064
0.21048117
0.3626708
0.22040316
0.42029956
0.31758782
0.503462
0.4207054
0.17065445
0.16495511
0.21441641
0.35558322
3.1090076
1.1959636
0.3992862
0.43869445
0.28621188
0.2668174
0.234076
1.7388659
2.245647
0.5973516
0.051559065
0.08154136
0.24567926
0.2453337
0.22483677
0.21156797
0.66575575
0.20878255
0.3820733
0.27123502
0.39060515
0.3116928
0.55713075
1.4079621
2.382234
1.1342208
0.60265124
0.44275844
0.33201742
0.11332023
0.3732603
1.3639121
2.2647655
0.2785319
0.53358126
1.340485
1.6773014
0.7720206
0.4438853
0.52536535
0.056473915
0.11202106
0
0.11288494
0.22054929
0.14502266
0.21630958
0.3585392
0.82512385
1.0565304
0.4880949
0.75971293
0.4268109
0.096921176
0.15116945
1.2938545
0.6623702
0.31238496
0.3218316
0.22314239
0.8508514
0.8757712
0.39104393
0.09758127
0.123063564
0.108029336
0.095666945
0.058081273
0.08776441
0.100898296
0.12050828
0.17038995
2.757146
0.008635048
1.7335668
0.66606086
0.2945625
0.21349835
0.029839907
1.268321
0.29616374
0.33841467
0.2915022
0.5682503
0.32726267
0.34287426
0.5177881
0.07300806
0.10657516
0.091797054
0.14308238
0.087491274
0.11357352
0.03778002
0.11706874
0.13029909
1.5784953
0.09340808
0.81604064
0.2503449
0.15750569
0.062526464
0.12232807
1.242279
0.39468682
0.3065312
0.3423674
0.3364342
0.28252196
0.77525425
0.21971858
0.20569041
0.12909451
0.14033282
0.10086411
0.079826266
0.08963278
0.11208844
0.1621859
0.15183434
0.217392
2.8610768
2.4247804
1.9237672
0.7276593
0.22967848
0.29197937
1.2517797
0.95059705
0.0143720545
0.044820312
0.14106178
0
0.57225627
0.32038796
0.06444007
0.10057241
0.09554282
0.13916054
0.061534766
0.07717979
0.17783341
0.23717889
0.2648755
0.24559435
0.31646916
0.24585724
1.3635273
0.48929763
0.13526392
0.0011192595
1.100121
1.4040706
0.16744226
0.09296718
0
0.14109588
0.17182574
0.18415576
0.17911565
0.12793276
0.38696504
0.21130994
0.15705657
0.05758587
0.09501368
0.02597532
0.2001239
2.1569479
0.7295862
1.3954996
0.34121177
0.5868054
0.28515068
0.17566362
1.4515274
2.3138928
0.5340193
0.15083441
0.18740708
0.1179162
0.22542292
0.30743498
0.3417751
0.7521869
0.27776515
0.283337
0.523269
0.33310312
0.093355566
0.26385888
0.29342467
1.5542895
0.09089494
0.9078982
0.6195747
0.21595943
0
0.11095077
1.6542592
2.8801825
0.23821747
0.005433831
0.9145522
0.9034324
0.4916322
0
0
0
0.13745728
0
0.00453243
0.24085712
0.1309717
0.17099151
0.35184205
0.27356616
0.38768053
0.41237494
0.9212467
0.601607
0.22761849
0.15727302
1.4917669
0.701098
0.31375217
0.3020034
0.29347417
0.7215194
0.43771982
0.56646997
0
0.07601935
0.066494405
0.061985258
0.07532653
0.08000925
0
0.14600113
0.24781695
2.2776139
0.13739431
2.1720934
1.0834348
0.22392854
0.2854431
0.05264092
1.3178775
0.20601302
0.3665183
0.27384192
0.27152213
0.4682217
0.30030116
0.56300074
0.0062802765
0.0903106
0.08107796
0.11379886
0.08609119
0.090654224
0.008745257
0.101255685
0.109013826
0.4883561
0.9204501
2.3036375
0.9509685
1.1702676
0.20776099
0.197305
1.3967626
0.24138734
0.32188648
0.27338505
0.7549302
0.31726435
0.21611711
0.78547674
0.3228909
0.03577945
0.060268555
0.118086606
0.09105474
0.09165618
0.04372174
0.13518634
0.16945127
1.2101154
0.54905427
0.86551076
0.02345306
0.40997726
0.23285985
0.3153386
1.2569567
0.3125288
0.3115093
0.29602706
0.90237683
0.39046296
0.48657972
0.7115591
0.3474394
0.021436367
0.09651685
0.13062736
0.061274353
0.04724199
0.14036343
0.15937594
0.24825013
2.8408985
0.48956645
1.4785767
2.2536566
0.47854376
0.2564115
0.34436834
1.5177046
0.5131652
0.2866649
0.2031523
0.31193623
0.26438025
0.3789726
0.28315812
0.22619411
0.16281271
1.3882363
0.21947187
0.22471994
0.65262955
0.06435341
0.17555514
0.43609363
0.8285455
1.0925343
1.694769
0.47990853
0.57639927
0.9333689
0.18358663
1.4409475
2.2239943
1.7401469
0.25832704
0.50247186
0.7547087
0.28616244
0.15817711
0.19518375
0.18922716
0.18940291
1.1223102
0.53442097
0.27464932
0.6591092
0.587813
0.35854813
0.8555282
1.340115
1.7478782
1.9893966
1.4020773
0.39070332
0.22026959
1.1864933
1.4418252
0.76220936
0.2328141
0.79400104
0.6167597
0.32865018
0.35802642
0.28680995
0.18407872
0.1666319
0.029204462
0.21808496
0.55442435
0.19490173
0.16255039
0.16976455
0.30191144
2.0079346
0.6666553
0.51155955
0.19666207
0.016677532
0.19450715
1.2319032
0.8448525
0.39700016
0.28632566
0.046950284
0.25594667
0.15974694
0.18666571
0.09108472
0.13038126
0.015153918
0.07241443
0.080922574
0.002941284
0
0.0018081104
0.2599541
0.13056514
0.9113334
0.1726937
0
0
0.12286502
0.067263275
1.2453208
0.47045526
0.18545124
0.20876774
0.20656449
0.32547426
0.16047567
0.18229648
0.12096974
0.055661593
0.068296105
0.032178435
0.09818494
0.06819782
0.0060409936
0.008324239
3.5809808
0.07994956
0.74556494
0.011255387
0
0.094738126
0.21039757
0.11579865
1.1954447
0.66702753
0.20635551
0.049388174
0
0.20044193
0.2067565
0.25290987
0.21735775
0.07960728
0.009926353
0.0584257
0.09915125
0.13661426
0
0.017753486
0.14587411
0.1063841
0
0
1.1836331
0.34079883
1.6799022
0
1.4132696
0.4314677
0.2646953
0.38269487
0.1034551
1.2060865
0.23353478
0.6734952
0.33566323
0.05614114
0.13323674
0.07831648
0.04320023
0.1030595
0.0529545
0.09970307
0.12106243
0.77499247
0.5354837
0.16323942
0.84910476
2.3472347
0.5416798
0.34876633
1.5349103
0.45338
0.3236136
0.36030447
0.3731807
0.35324672
0.37307388
0.3285971
0.25523394
0.32367453
0.52195424
0.10975361
0.052186135
0.06049079
0.18562537
0.06049517
1.9925872
0.106980056
0.15683484
2.640611
0.8694486
0.6508122
0.41913766
0
1.5170398
1.2383288
0.5429735
0.11941421
0.5301956
0.15983158
0.26041156
0.18745098
0.2038936
1.3079395
0.7177804
0.7041415
0.39286533
0.101711184
0.7603175
2.4683309
4.8936324
3.687742
3.3983011
1.2125293
3.7908518
1.2619264
0.042255525
0.37801963
1.9281557
1.8741745
0.62301743
0.2038334
0.07675287
0
0.057791118
0.97358084
0.33492637
0.5536799
0.28064728
0.21348521
0.2680059
0.24810979
0.25892395
0.1838209
0.12154889
0
3.173292
2.4236617
0
1.6924325
0.18118149
0.29683888
1.7469573
0.33337322
0.25900203
0.309234
0.15055114
0.7598189
0.9064779
0.16067803
0.028147552
0.093321174
0.12123665
0.06422675
0.13180241
0.054696713
0.009443525
0.13719815
0.18257466
0.17312875
0.27881888
1.7836783
0.16456243
0.3191879
0.19504598
0.14402056
1.4180532
0.33105707
0.32799372
0.29769993
0.32130167
0.16714194
0.5388741
0.5139473
0.047138307
0.107642174
0.08301589
0.15812454
0.12109354
0.1252687
0.0878689
0.12364122
0.07463345
0.2582094
0.3163069
0.7791218
0.36375207
0.33871365
0.10390535
0.21783072
1.3240279
0.16768366
0.2222274
0.32073137
0.21405622
0.29426506
1.2809201
0
0.17693087
0.10250282
0.13281128
0.13917828
0.112341404
0.0909169
0.098728985
0.086520135
0.22309774
0.3561483
0.78882605
0.7955697
1.3063973
0.93934923
1.5238737
0.39935434
1.1732867
0.95083517
0.35822883
0.3795093
0.415625
0.16857946
0.52869934
0.8359215
0.30272517
0.11032835
0.1500023
0.014211211
0.038372103
0.06909159
0.08665231
0.013702724
0.123049974
0.15604249
0.18889534
3.564945
1.8494873
0.72135407
1.0342586
0.18301815
1.1172862
1.114442
0.048234705
0.3186363
0
0.13919389
0.5664146
0.15829846
0.85699856
0.67494494
0.670495
0.031327013
0.34032035
0.18501472
0.7407865
0.3106264
0.2462902
0.35930318
0.22240537
0.19195506
0.24989259
2.0875616
1.1827335
0.34303153
2.010812
0.8479529
0.034474406
0.17459631
0.22814986
0.094454646
0.0866614
0.11953062
0.27694926
0.17926884
0.39874622
1.001466
0.39400762
0.122561604
0.24688596
0.7047579
3.5936556
3.492699
0.47623292
0.92257667
1.0802697
0.36064103
0.20377997
0.21501899
1.7856134
1.2230057
0.10878196
0.107857764
0.46899447
0
0.32426983
0
0.3197899
0.25690508
0.43718377
0
0.056594167
0.21831593
0.19450685
0.21347523
0.32051587
0.32935438
2.0306869
0.3623698
0.32844064
0.9608839
0.12197867
0.17736119
1.5398452
0.56838804
0.2587249
0.31714284
0.17777148
0.4509386
0.6287854
0.31159103
0.4115378
0.5179131
0
0.25367785
0.09891105
1.4144089
0.06936538
0.06393403
0.21714431
0.9984665
0.05709294
0.899341
0.64890456
0.64445734
0.48578104
0.32554066
1.4146698
1.7988205
0.3747139
0.114969015
0.49408403
0.71272206
0.3606478
0.17865774
0.5084405
0.07887158
0.12868986
0.1598976
0.05129603
0.09304184
0.11861098
0
0.04601008
0.41074708
0.6357299
0
0.45315808
0.30899873
0.07978168
0
1.472244
0.49678743
0.2543809
0.2932975
0.40787485
0.2373744
1.3590733
0.32535088
0.4255842
0.062922984
0.13373521
0.11912194
0.110014975
0.07766074
0
0.11096123
0.12932682
0.18353
0.7035131
0.6577021
1.5294214
0.9156104
0.92700964
0
1.496305
0.22235012
0.35805273
0.23956558
0.8600066
0.49268895
1.8472432
0.68617535
0.41815287
0
0.10457933
0.10396862
0.06195313
0.14153355
0.021837387
0.07980612
0.33612236
0.25813562
0.06196839
0.62760234
1.7326148
1.3236179
0.31943902
0.30860636
1.5410454
0.19989249
0.32826585
0.3372138
0.34481686
0.6169251
0.31307042
0.4675201
0.8666328
0.4034097
0.44612992
0.91440785
0.08443844
0.049282078
0.0513728
0.11449316
0.080608785
0.4052017
0.3476419
0.55512387
1.0702056
0.47009718
0.2817377
0.085911006
2.036722
0.65586644
0.36118042
0.37385118
0.43895495
0.040456865
0.10759732
0.2865494
0.2520851
0.27827796
0.411484
0.33804002
0.3439699
0.18143988
0.8249712
0.92324585
0.54386455
0.41001427
1.4338982
1.4427328
1.7652203
0.6955796
0.19828185
0.37335598
2.201021
1.0420126
0.36735767
0.15656874
0
0.38158995
0.7812222
0.026897524
0.17723623
0.25085723
0.12390688
0.05603275
0.14286035
0.20339453
0.12062192
0.06180552
0.40077165
0.16371688
2.2049494
1.2082403
0.020568851
0.91511697
0
0.08638489
1.4797771
0.18935919
0.24389312
0.2406078
0.62128097
0.813506
0.62197083
0.78932756
0
0.0936802
0.08001727
0.09284592
0.12932944
0
0.055845384
0.15970719
0.10042244
0
1.1598654
0.1601645
1.4913813
2.7430768
0.6589174
0.37935027
1.2796102
0.4054258
0.30696875
0.26135948
0.40722227
0.2254368
1.1300709
0.6382576
0.1551229
0.11888397
0.0868071
0.072558075
0.106321216
0.15915331
0.055700842
0.09961575
0.21112287
0.11998072
1.6712792
0.10516983
2.0499504
2.140629
1.4785417
0.11426553
0.6750845
0.43377608
0.28254908
0.2920509
0.46923825
0.72445196
0.8344349
0.8982689
0.03516722
0.03130031
0.09838414
0.074554116
0.11498532
0.073613614
0.058023933
0.07740721
0.13212028
0.1167945
0.45777434
0.999378
2.4608076
1.2214525
0.16511637
0.24538192
1.6837898
0.27844313
0.13424116
0.3010776
0.84473544
0.30909258
0.620423
0.48336136
0
0.1339033
0.14807853
0.10429004
0.08999354
0.11391625
0.13719305
0.13096347
0.16360629
0.33007511
0.6918668
1.0331175
0.77866334
0.50577587
0.17416036
0.13833126
2.072565
0.6062326
0.2653124
0.34258938
0.111926556
0.2744768
0.41186666
0.18429595
0.67839944
0.34379274
0.32965037
0.3862354
0.2053234
0.40733445
0.15557376
0.30017105
0.024646346
0.2952127
1.0960158
0.18623042
0.23398387
0.26136023
0.081781596
0.19851574
2.363982
1.8788719
0.96909034
0.68312585
0.46436477
0.19336024
0.27787837
0.4881351
0.32029754
0.3139993
0.25859204
0.8146102
0.1778881
1.9352214
2.2154114
1.4441451
0.110780716
2.2172868
3.750606
3.9693792
5.474553
1.4629601
0.4719168
0.2336106
1.9986159
1.6842144
0.35319304
0.16266549
0.5604655
0.8731489
1.2029437
0.08138156
0
0.16123888
0.11433411
0.11676732
0.20153889
0.3139962
0.21705422
0.20933637
0.116995186
1.2618358
1.928616
0.6509638
0.9202045
0.34593245
0.35484737
0.24705559
1.468731
0.2918916
0.20802993
0.38722008
0.05329809
0.53572613
1.3031586
0.26393595
0.022678826
0.14868039
0.09630123
0.08891025
0.07765886
0.08538741
0.04454318
0.37376195
0.23115295
0.29431537
0.7090425
2.314353
0.80178726
0.2978018
0.21212831
0.07979506
1.4664528
0.17924783
0.30423975
0.3291959
0.26755396
0.25726366
1.4985319
0.39776596
0.045585755
0.10882619
0.09333944
0.08884308
0.12440547
0.11966547
0.028054122
0.112783074
0.074139506
0
0.41360286
0.6974604
1.8059846
1.3806248
0.39610937
0.24575022
1.4730444
0.5807864
0.313611
0.27166137
0.25302488
0.31779924
1.6109707
0.1165292
0.16948804
0.061038647
0.051952098
0.09545109
0.54648465
0.022262279
0.017913077
0.16023329
0.10565516
0.04406709
3.4286342
2.3193967
0.7166377
0.2728091
1.6751631
0.122206956
1.6495832
0.14175972
0
1.2998459
1.6132671
0.9277051
0.4964285
0.5862481
0
0.44891152
0.6689184
0.1611895
1.6768796
0
0.5624909
0.02350584
0.70921844
0.36122406
0.003897134
0.86372083
0.6434949
1.299563
0
0.5965848
1.0613409
1.5369743
0.054546658
0.08393505
0.1777088
0.4613494
0
1.5665152
0.9400614
0.54560053
2.0523899
0.95311147
0.25464708
0.103051215
0.1407176
0
0.00544751
0.236363
0.55512166
0.5016924
0.6777828
1.6721035
3.1081705
1.1058146
2.2797463
1.0386906
0.83345014
0.75753385
0.26127538
0.47519717
0.13228074
0.72860074
0.47619787
0.5249618
1.7232327
0.3448535
0.84105104
0.17424855
1.1947547
3.2235913
0.62007
2.1529331
1.096844
2.4290156
1.4336461
1.273455
0.1386905
0.22660947
2.3461006
0.90579975
0.5848705
0.5092162
0.2941147
0
0.2557503
0.26512975
0.06229395
0.17421868
0.11944577
0.0813508
0.14709729
0.5231501
0.22142756
0.21478909
0.093991876
2.004001
0.41008195
0.2783906
0.9358436
0.97539794
0
0.1196183
1.4822551
1.4120775
0.4210629
0.09667826
0.30389354
0.5175318
0.31262657
0.6774357
0.19837484
0.1037665
0.06770247
0.0869025
0.0772464
0.3049705
0.0591113
0.10249925
0.013471309
0
0.3449649
0
2.709312
2.11901
0.17788446
0.25569308
1.6697422
1.2231072
0.25020224
0.21625796
0.34125468
0.15758958
1.0672458
0.6002497
0.2021302
0.13303143
0.0840984
0.1260913
0.09948656
0.061569605
0
0.12030101
0.14173633
0.0008147989
0.3956804
0.92923933
1.1150548
2.4283032
0.053909395
0.16919446
2.4689536
0.62463576
0.34979323
0.28313333
0.8337705
0.121756405
0.6328164
0.29348814
0.13246658
0.65685403
0.10836479
0.101732284
0.025107447
0.0062740776
0.046388064
0.31509665
0.27412963
0
0.9639073
0.90769243
1.5998125
1.4607642
0.4801861
0.2669079
1.2901944
1.8759397
0.4002303
0.19187328
0.2090939
0
1.1793815
0.62316
0.17371702
0
0.075609505
0.08356765
0.108653665
0.117209435
0.15763226
0.107329994
0.14916685
0.1216453
0.60365856
0.5741945
2.5483456
0.99265826
1.1628883
0.3613976
1.8489593
1.3637186
0.5402696
0.5073047
0.055704925
0.2787978
0.71478367
0.1561996
0.09154579
0.3212342
0.29798102
0.15868887
