0.5790678
0.4031553
0.2996804
0.33335507
0.34171787
0.38107383
0.5804428
1.6373167
0.38140914
0.5965356
0.4125897
0.406036
0.37625822
0.36558098
0.40218118
0.29666978
0.3356452
0.304159
0.24775928
0.15172172
0.18312213
0.28007567
0.58109355
0.44395784
0.4118487
0.44911364
1.0232452
0.8857399
0.34452924
0.46302575
0.38190928
1.5965807
0.70369166
0.55808604
0.3684865
0.5133517
0.44893217
0.39754835
0.4038814
0.3090369
0.34067973
0.31118178
0.26942822
0.15626991
0.12736416
0.20441952
0.6662241
0.50839114
0.6464785
0.40507534
0.25548747
0.2704589
0.34232357
0.37058577
0.64155567
1.8602839
0.52773553
0.6129787
0.50016123
0.50093794
0.4685962
0.44009075
0.43085515
0.32609874
0.3402999
0.3133212
0.30214673
0.23283353
0.16549698
0.20822549
0.35224804
0.40225062
0.36487618
0.34866783
0.23755863
0.69287515
0.5113084
0.6022093
0.64477164
1.4131082
0.5276375
0.5234304
0.52064776
0.5206343
0.48174316
0.45614037
0.4231749
0.33940864
0.34953636
0.3232719
0.30183715
0.24269035
0.16985333
0.17459697
1.3636373
0.5040816
0.86593777
0.41037643
0.37300044
0.2722611
0.29914784
0.3059449
0.29731816
0.3452568
0.6020011
0.40638724
0.6298776
0.5190034
0.47402042
0.3771535
0.4018969
0.35290042
0.3480445
0.3140659
0.295266
0.25433552
0.20653728
0.20860851
0.30562237
0.44371647
0.5416656
0.51503086
0.98269117
1.1970577
0.47587216
0.456295
0.4201274
0.48943308
0.82040244
0.56245923
0.54942685
0.55895174
0.6652395
0.48000783
0.37557
0.35255775
0.3414104
0.32747015
0.3009758
0.19006285
0.21101555
0.2619593
1.0671068
0.7549137
0.57096785
0.49469337
0.28663284
0.24730468
0.35066372
0.47489905
0.32358104
0.6547604
0.36749297
0.44267336
0.53777605
0.50700676
0.41621456
0.28945708
0.29842445
0.20832032
0.24560773
0.21605766
0.17782652
0.11628893
0.3085197
0.39207497
0.3949958
0.36647895
0.31936246
0.5916825
0.46965542
0.55056715
0.49130386
0.592761
0.5207568
0.57774305
0.47173035
0.4702047
0.46102744
0.38832638
0.4211561
0.36686915
0.2997391
0.22067586
0.24906915
0.21655488
0.1549378
0.12103349
0.31266242
0.3779345
0.7092499
0.3808134
0.39891046
0.34712327
0.29193065
0.37567323
0.37349534
0.35332045
0.35004196
0.5115462
0.5415695
0.5191619
0.46889567
0.46542844
0.39870086
0.32738867
0.3245786
0.2343359
0.25323063
0.22193381
0.1836454
0.12753603
0.22509038
0.3599105
0.40752572
0.34992495
0.3601787
0.32143536
0.2683793
0.36950412
0.33197024
0.3685959
0.81574297
1.4062607
0.50075364
0.47890323
0.49511993
0.5048383
0.40578744
0.36089084
0.30890268
0.23924357
0.24581727
0.22010994
0.1919198
0.15617648
0.18571356
0.26662275
0.6524101
0.6365882
0.43955722
0.48687243
0.35030442
0.26622477
0.6123968
0.34214896
0.22689912
0.7665405
0.4638058
0.65699804
0.65188044
0.46001244
0.40696198
0.38277736
0.32069042
0.258817
0.25131813
0.22707143
0.2229375
0.212078
0.23957998
0.32030916
0.9474886
0.5373544
0.74360526
0.51540923
0.5016125
0.96189374
0.7328608
0.3155376
0.314721
0.36561355
0.45318657
0.55133057
0.47686553
0.44166043
0.49015766
0.3594601
0.31635562
0.28352624
0.26233375
0.23588678
0.23137528
0.22872004
0.23957199
0.28658408
0.41071194
0.5426611
0.62158453
0.49118987
1.0232284
1.4243524
0.48451576
0.46302503
0.3836479
0.35370758
0.7131266
0.52528226
0.4107041
0.41027537
0.33698034
0.28889886
0.25177863
0.26316753
0.24994683
0.23431757
0.2148841
0.15379211
0.25183403
0.4244572
0.7557649
0.58010054
0.5582457
0.23753929
0.35016525
0.4252787
0.39031187
0.59420985
0.69862217
0.5789543
0.51245004
0.44345844
0.67262554
0.53156996
0.41776747
0.25089318
0.20349467
0.134166
0.16304901
0.13158381
0.0860759
0
0.19409862
0.5817595
0.5691273
0.47086343
0.41451502
0.296382
0.54121405
0.5777031
0.47787744
0.5624555
0.7121678
0.5513024
0.3974369
0.61232865
0.5875789
0.54524416
0.3666692
0.29491243
0.21643367
0.14523241
0.16873905
0.12924603
0.08952388
0
0.1755158
0.62699974
0.5063465
0.36694035
0.27547786
0.31940797
0.4005083
0.47153515
0.46047956
0.57143575
0.63243854
0.5660865
0.3711182
0.4441698
0.52320194
0.5066058
0.352589
0.27783182
0.21746755
0.15990108
0.16993845
0.1327076
0.084503025
0
0.18060029
0.48288926
0.54918027
0.33223155
0.3386871
0.53160083
0.39567155
0.40596396
0.4194791
0.4207336
0.7277437
0.82756424
0.2588335
0.62304795
0.4907871
0.48852843
0.3636287
0.31058958
0.228784
0.16954067
0.16721427
0.13605574
0.11252171
0.053924147
0.19883725
0.5324889
0.82071555
0.5583662
0.42088434
0.32537046
0.31585345
0.33814144
0.41008452
0.6778405
1.376898
0.60719013
0.5481331
0.55266523
0.5338506
0.4871687
0.35099396
0.27630708
0.22063929
0.16840997
0.17079675
0.1395157
0.11325902
0.09130725
0.24930063
0.5091987
0.9494389
0.6201475
0.5398982
0.46544996
0.50482637
0.92106575
0.71005464
0.37463638
0.49252778
0.6240218
0.32931077
0.3751882
0.47913
0.37966982
0.31199598
0.13069308
0.20453426
0.22229195
0.19169557
0.1633671
0.1525903
0.1935263
0.2581682
0.4302445
0.537496
1.0367926
0.9634902
1.1482836
1.1998652
1.0379299
0.39952716
0.49877417
0.6253043
0.4991606
0.38795295
0.27991584
0.7034821
0.55143344
0.28735104
0.19491589
0.16119081
0.20756432
0.17364663
0.15494776
0.13435757
0.064412504
0.18671992
0.5534113
0.70364785
0.28056183
0.27446333
0.6532349
0.7973961
1.5011535
0.6522569
0.51890033
0.89851594
0.5116605
0.59064066
0.32597774
0.5371271
0.55377316
0.31384742
0.17774573
0.11055073
0.022797022
0.10055089
0.06804448
0.032820288
0
0.48124215
0.5049048
0.6253195
0.35729384
0.47391108
0.8468334
0.87178594
0.5485261
0.5142106
0.8176942
0.68771446
0.52778256
0.64693403
0.31731763
0.3478189
0.3956306
0.39105535
0.19317448
0.14745021
0.044358287
0.11656156
0.08909571
0.060804967
0.0206624
0.08216539
0.7165996
0.49646264
0.36972407
0.34995842
0.51084507
0.3093587
0.2985993
0.4555625
0.3898899
1.3043783
0.8082069
0.4786343
0.6351431
0.36596754
0.3980037
0.40486887
0.21912915
0.15021366
0.07822332
0.12427041
0.09951857
0.06765464
0.018481705
0.081724524
0.7491166
0.65974444
0.42100298
0.5271307
0.31060174
0.2988243
0.34535438
0.31972876
0.35088867
2.068282
0.5766284
0.44365692
0.62993705
0.34109086
0.42538956
0.36176744
0.22220871
0.14480507
0.077880025
0.121607155
0.096413255
0.073638916
0.05483863
0.12554157
0.80473304
0.55991834
0.3722534
0.34122458
0.3486788
0.3890878
0.353369
0.47563404
0.4888751
2.16115
0.5628302
0.69069564
0.45829448
0.30385572
0.47691575
0.39123297
0.20521086
0.14641729
0.07640025
0.12949383
0.104565084
0.09098184
0.05199224
0.16772416
0.68514663
0.9729823
0.7654133
0.74342155
0.5459756
0.6040526
1.1576791
0.86225545
0.4782957
0.6759318
0.50284433
0.3857942
0.27669007
0.3402147
0.4305165
0.27262723
0.16940278
0.14149806
0.11794832
0.16365695
0.13393405
0.13860601
0.1967288
0.27534497
0.5391982
0.57732403
0.8519504
1.0000066
0.8866509
1.3764004
0.91091305
0.18403566
0.24487951
0.5401685
0.4841742
0.5180484
0.3942144
0.3700348
0.34146136
0.33290908
0.24861473
0.103909284
0.11887613
0.13406557
0.11257157
0.06453073
0.040079657
0.07131016
0.58219993
0.6974667
0.42410144
0.32828206
0.94631356
0.5285234
0.7041183
0.83608925
0.46384522
1.3627412
0.7284909
0.5358555
0.21894985
0.61217576
0.5249135
0.29663453
0.09586418
0.09913874
0.05196986
0.10464746
0.11139768
0.09918854
0.06451452
0.0843246
0.6339948
0.3327116
0.21468636
0.35119075
0.1945734
0.26771885
0.5736621
0.10911897
0.34902525
1.1270692
0.5479444
0.5177686
0.44955453
0.4094015
0.417289
0.3539262
0.13965696
0.12850228
0.06394696
0.11376867
0.106753945
0.08824375
0.05238876
0.052083705
0.9911217
0.41383952
0.23302597
0.347383
0.34400076
0.422941
0.33384508
0.4088366
0.38697034
2.0432436
0.7284367
0.46440244
0.39751026
0.40679213
0.35309556
0.42797184
0.21080428
0.10998204
0.07059547
0.11172444
0.10342273
0.08978742
0.06670526
0.10314444
0.7443407
0.5384943
0.41234395
0.46756938
0.17460647
0.32375145
0.3655646
0.37005058
0.47642434
2.3453748
0.48003736
0.36041355
0.3585301
0.447369
0.51363397
0.42351836
0.17457813
0.10640481
0.054503027
0.11155319
0.10775161
0.099057615
0.21182942
0.15451983
0.7665591
0.4364616
0.35372874
0.20891744
0.32299423
0.35987726
0.4427983
0.5226762
1.1274531
1.9117534
0.38850167
0.38450027
0.31184754
0.3718943
0.43654492
0.401873
0.15600818
0.09587589
0.070078105
0.12048885
0.10814449
0.096772045
0.050779823
0.1389161
1.0895047
0.6334554
0.37257928
0.6065029
0.5951481
0.48526317
0.53973407
0.95612216
0.18790525
0.5896718
0.6340309
0.46577162
0.32877073
0.420995
0.35478887
0.2363196
0.081550896
0.12901855
0.079651564
0.13770142
0.1107339
0.108774185
0.10572001
0.18378535
0.5170735
0.92317206
0.97100395
1.0942659
0.5718406
1.56606
0.8947419
0.11152652
0.17773986
0.5043971
0.6054146
0.34812117
0.34051687
0.44228542
0.4317373
0.19704646
0.13841698
0.064044625
0.08840299
0.13397557
0.10069588
0.06396523
0.052498195
0.07597348
1.1167661
0.6669706
0.39232245
0.2528781
0.29080024
0.39915127
0.63801616
0.65939003
0.9209157
1.4382862
0.6493157
0.35720032
0.35048357
0.42886806
0.3463519
0.35641032
0.099597365
0.11078143
0.059425805
0.09932116
0.098854035
0.08956191
0.045332972
0.11238307
0.89940107
0.3054916
0.16846749
0.26134458
0.33339438
0.43892965
0.38612646
0.21358001
0.4756863
2.1864064
0.8416552
0.3442698
0.3441961
0.3351676
0.32707015
0.23808953
0.10918957
0.120648384
0.04453749
0.09017387
0.086755335
0.07160464
0.04155842
0.26387116
0.97908264
0.21580085
0.25773507
0.3163874
0.23743117
0.09871256
0.37905976
0.371434
0.47865131
1.7344316
0.897522
0.44072312
0.4988313
0.36836463
0.31919095
0.2497437
0.15179592
0.10614279
0.07305816
0.11123112
0.087738395
0.07021758
0.037823204
0.15840837
1.2418913
0.43306634
0.40936568
0.28279266
0.24123788
0.5263087
0.2410337
0.25174448
1.0188885
2.1719651
0.6458388
0.3916868
0.31770277
0.3902113
0.36544538
0.29317963
0.16317877
0.11100364
0.059570942
0.10144198
0.09315935
0.08090818
0.071718335
0.18073863
0.86621404
0.3093654
0.3022816
0.27085745
0.2603745
0.54247046
0.6627126
0.4562106
0.5312456
1.9929076
0.2205714
0.46832305
0.6465447
0.33167237
0.26390287
0.32376185
0.1800574
0.09372476
0.08649796
0.11219278
0.10229778
0.09861025
0.059796695
0.5868181
1.156775
0.39712703
0.5208636
0.4401614
0.42887324
0.68740255
1.2584993
0.52389693
0.25084686
0.49645436
0.5615564
0.2480269
0.37023118
0.4400066
0.4273964
0.28237343
0.09991413
0.16136137
0.098374546
0.13352779
0.12095097
0.12101191
0.10526219
0.29938915
0.53475934
0.863931
0.74195176
0.41207606
0.55365294
1.9899479
0.27213466
0.16488472
0.32511955
0.46030578
0.73026645
0.43266305
0.5010072
0.43058136
0.44198522
0.2971467
0.16548637
0.13881132
0.1162945
0.1358223
0.096809715
0.065948844
0.03489739
0.07161111
1.2539914
0.6595014
0.48371914
0.45670986
0.119213104
0.5018318
0.62038285
0.49402857
0.6514595
1.2566975
0.8138771
0.5018579
0.39944065
0.33744282
0.30639902
0.30959308
0.1578564
0.121747166
0.066703945
0.09791666
0.09141609
0.092950016
0.064524114
0.10495472
0.85077083
0.39850762
0.4550724
0.26036024
0.23254395
0.26375672
0.24242413
0.3188728
0.24293569
1.9426626
0.45765626
0.43346906
0.33232796
0.3190355
0.35032877
0.27672905
0.13391471
0.1744011
0.07129097
0.10093674
0.083403796
0.075776815
0.058379
0.119740665
0.83870685
0.38528082
0.3567018
0.22821227
0.24024835
0.40164652
0.25380507
0.28233287
0.3537803
1.8532038
0.5432674
0.37508875
0.39991933
0.29007435
0.27513695
0.2524466
0.1544531
0.13526106
0.08226937
0.11093202
0.08355507
0.07106516
0.0611389
0.094845235
1.3607712
0.43171737
0.46899846
0.3637776
0.12727553
0.34164518
0.24995056
0.18523371
0.6630963
2.2420123
0.37793508
0.4712074
0.34986687
0.41603673
0.38535398
0.33463648
0.15268803
0.10356575
0.08681634
0.09817046
0.094071776
0.080959946
0.07845497
0.10242814
0.65905863
0.59115386
0.5910132
0.34332785
0.16149858
0.4333632
0.37336493
0.23847342
0.5678216
1.6207193
0.570099
0.41090512
0.32082617
0.30309793
0.29056865
0.29844975
0.19254681
0.107651055
0.08228877
0.100836486
0.095115036
0.09725374
0.09756586
0.11320484
0.65525115
0.6104885
0.64440113
0.4258951
0.20162767
0.31146225
1.0190653
0.61571676
0.28455204
1.0253332
0.55257154
0.4093128
0.3317906
0.3844357
0.28966573
0.27999032
0.13945907
0.1504589
0.09888849
0.12378487
0.10639885
0.116209954
0.10112947
0.31971645
0.5680874
0.67244464
1.2463732
0.41916007
1.3492533
2.0258424
0.5653974
0.041035745
0.22827667
0.37090895
0.65313816
0.4480894
0.50330055
0.31208622
0.30490828
0.30144164
0.14755833
0.12580672
0.14178735
0.13120908
0.103339344
0.07566112
0.07120183
0.083728254
0.8729196
0.64465916
0.53646255
0.8109583
0.11629939
0.4350712
0.55587804
0.64712065
0.6397622
1.1498207
0.4096181
0.44397944
0.3348187
0.31655875
0.31578234
0.4302955
0.13431647
0.1159454
0.085293084
0.10347873
0.1101982
0.10741526
0.09807536
0.12115121
0.7445677
0.34970337
0.63886213
0.33736882
0.22298977
0.36218587
0.43771613
0.23208234
0.21159706
1.8489693
0.6214444
0.41229257
0.51757234
0.35458297
0.3453153
0.40918
0.15268847
0.12118226
0.06289101
0.09993827
0.09474641
0.09000155
0.078024626
0.21835941
0.7635881
0.4588967
0.51355565
0.2272434
0.2711272
0.2538908
0.24904698
0.26034045
0.37755796
1.5275974
0.668759
0.4543303
0.4295129
0.38580364
0.32236096
0.25852886
0.14297217
0.10037255
0.082059115
0.10546148
0.08923617
0.08795658
0.085122466
0.09020004
0.809952
0.61473393
0.71958804
0.37001947
0.07692635
0.2865536
0.2632563
0.228645
1.173125
2.0885286
0.47396168
0.4197241
0.4375486
0.3887743
0.31367642
0.31622744
0.15252414
0.08860117
0.079158604
0.09791505
0.09554458
0.09747633
0.07392129
0.10997754
0.6992166
0.61358225
0.63188213
0.299042
0.14360383
0.6621072
0.571053
0.21792907
0.33231252
2.0870998
0.36341864
0.397118
0.4452597
0.3878586
0.36842403
0.29072505
0.16948667
0.09968978
0.07650444
0.09909999
0.09853116
0.10621476
0.08479297
0.1115503
1.2411624
0.5913609
0.5717001
0.4138371
0.37041506
1.1817032
1.2245433
0.4262009
0.1645684
0.6113327
0.7077871
0.42187726
0.4603015
0.37796766
0.34121227
0.33878437
0.18971065
0.14739025
0.10786569
0.12649074
0.1066488
0.11065239
0.09381914
0.10146567
0.6382812
0.6456714
1.443105
0.4532492
1.4809798
1.9562529
0.4980564
0.12562197
0.28843775
0.32282656
0.74026006
0.42735696
0.45525053
0.3134956
0.347694
0.3860553
0.1365327
0.11899951
0.1294187
0.116256714
0.10273793
0.06570572
0.061031286
0.04918066
0.7917302
1.1474212
0.54565036
0.30884838
0.23360702
0.44069716
0.6114043
0.54434025
0.7548858
1.3692212
0.42013547
0.42090744
0.34723735
0.41750616
0.37674564
0.31549746
0.085311115
0.086909115
0.07807931
0.09513837
0.10095012
0.100620985
0.079779446
0.14587608
0.69893706
0.3057773
0.3590554
0.28617257
0.26616696
0.27702612
0.40147528
0.29065016
0.31968433
1.7016765
0.531546
0.50680554
0.41864166
0.37599728
0.38178873
0.28116223
0.1283986
0.11264327
0.087714255
0.10436624
0.10071048
0.08449471
0.07724771
0.09430924
0.7878689
0.31053796
0.5402617
0.2050328
0.17367193
0.22070575
0.25625852
0.2792213
0.3100643
2.0275218
0.33159086
0.46912724
0.41505718
0.37723848
0.33882678
0.26942408
0.1404765
0.101909816
0.093667924
0.104730934
0.08959904
0.08612934
0.08747497
0.11114758
0.83754206
0.61030006
0.53204894
0.3324333
0.09249765
0.30021065
0.27535528
0.2709967
1.1060684
3.2812726
0.78616935
0.3998854
0.3884291
0.41971233
0.36990228
0.29355496
0.15120149
0.08288598
0.08834955
0.10055563
0.093497485
0.08587545
0.07552984
0.13505176
0.72314876
0.5691323
0.6196311
0.30778334
0.16167283
0.25075924
0.3538181
0.19109032
0.30690336
2.050737
0.603067
0.38759947
0.36687106
0.38121328
0.41435352
0.31336248
0.16251701
0.101937085
0.07651156
0.09841919
0.10121971
0.106949955
0.09933373
0.121107936
0.861987
0.47594458
0.55903476
0.3602357
0.33345938
0.964628
1.4171385
0.3108557
0.11055517
0.24262363
0.6348686
0.3013865
0.36072972
0.31970236
0.2850094
0.27499336
0.14948922
0.14466146
0.11548874
0.11726934
0.0996775
0.112483025
0.094457775
0.10916084
0.6393646
0.53979146
0.9066038
0.5166978
1.8080138
1.788843
0.34911335
0.2509399
0.1129258
0.32799342
0.8232864
0.0648281
0.2698266
0.2517907
0.44990215
0.232746
0.057731364
0.1343407
0.13215765
0.10674
0.08695644
0.05659971
0.023369942
0.16161883
1.4613463
0.65494174
0.63914406
0.3402109
0.25940076
0.33894128
0.6576069
0.8408576
1.0342025
2.1284823
0.76951736
0.3927219
0.47924444
0.34695897
0.36818781
0.3663393
0.08662832
0.10553861
0.08467516
0.10332066
0.10178092
0.109086245
0.105186075
0.14245486
0.57292694
0.32844427
0.5087543
0.31837863
0.2564056
0.5356365
0.32073376
0.34063494
0.65055627
1.5126666
0.6022401
0.4577359
0.388855
0.37640637
0.3361859
0.28529233
0.137624
0.10842267
0.10236409
0.10862523
0.10143006
0.09021813
0.09254107
0.07342532
0.8147119
0.4906977
0.6228692
0.29159263
0.11685935
0.17470065
0.29994944
0.33827552
0.26544806
1.7538055
0.6492506
0.38085267
0.42097455
0.41574997
0.44604897
0.33894935
0.17239726
0.09713644
0.096666545
0.11395916
0.099564284
0.09188372
0.10128805
0.13341087
0.8414119
1.0367149
0.7649977
0.5055652
0.26079342
0.47973365
0.3169135
0.36206228
0.6546051
2.9656723
0.5368016
0.45153916
0.42587385
0.43439132
0.40258825
0.33409634
0.17728996
0.09154266
0.092948556
0.096468866
0.09710279
0.089915246
0.100559026
0.15500224
0.8651258
0.45996517
0.6343736
0.31328136
0.19300252
0.3136091
0.68100053
0.39707255
0.8875289
1.5788981
0.40276173
0.45426023
0.39050934
0.35403216
0.35297123
0.33255923
0.17753345
0.090910226
0.09224543
0.11116466
0.090749234
0.09499419
0.07615918
0.14810827
0.78706604
0.4470835
0.6470954
0.44696012
0.34994423
0.953049
0.7229238
0.5096611
0.41148
0.65555847
0.61317265
0.46723044
0.45877135
0.37187606
0.36206365
0.37528563
0.19654682
0.14715567
0.12620085
0.12499344
0.10346672
0.10764137
0.09628013
0.08618635
0.6747317
0.52463883
0.6598619
0.3742273
2.0153165
0.96876776
1.0154126
0.11720237
0.11057371
0.112196565
0.7909317
0.56708133
0.52090245
0.37098673
0.33994445
0.37377346
0.18517837
0.06715095
0.11348787
0.09841418
0.08190352
0.079563946
0.05182639
0.0779928
0.8771022
0.4198016
0.85427535
0.400361
0.20339802
0.30475646
0.6917835
0.6637334
0.4547373
1.8925014
0.6984038
0.3956527
0.44081882
0.36776707
0.33373597
0.28096542
0.07571858
0.122093976
0.05616835
0.089710504
0.08671999
0.09255567
0.09703112
0.18276712
0.5608924
0.3130239
0.5000455
0.23200667
0.20587268
0.4311153
0.45163462
0.23046371
0.4377173
1.7069002
0.49605164
0.3962167
0.3691964
0.39648306
0.3391708
0.27462605
0.12591505
0.12140459
0.07898304
0.09676027
0.08226988
0.07527152
0.08497834
0.13149655
0.7225763
0.5019568
0.5961533
0.19654581
0.25063092
0.42001587
0.20059076
0.42317927
0.37357095
1.9282134
0.6964085
0.34360552
0.40133694
0.40363994
0.34381315
0.3159726
0.13555422
0.08904052
0.07442021
0.10015386
0.07830927
0.07890713
0.084982514
0.16788402
0.8479048
0.35661644
0.694212
0.3110586
0.14982998
0.45729122
0.10916135
0.25332916
0.977408
2.4339464
0.5492358
0.4473326
0.3999063
0.389038
0.34754568
0.3040888
0.15989381
0.08509201
0.06980744
0.07994142
0.084091276
0.07757598
0.08452636
0.14983684
0.95777017
0.7563882
0.74533856
0.21841475
0.1539936
0.2843628
0.474683
0.32983673
0.27542087
2.3802512
0.63174564
0.40639815
0.41415635
0.36283106
0.44232896
0.29477364
0.15173021
0.09935185
0.06606582
0.07997429
0.07712594
0.100851595
0.107666105
0.15799984
1.2690718
0.769054
0.606065
0.379599
0.24470037
0.98925436
0.66828877
1.0041155
0.32673186
0.90686893
0.24379018
0.30976817
0.41358912
0.28625727
0.31607205
0.2943046
0.15727606
0.11908835
0.09308416
0.11944416
0.1012142
0.10416362
0.121638775
0.17590615
1.4383203
0.6323385
0.25479648
0.37560794
0.9097398
0.96789277
1.5840566
0.6774624
0.70541584
0.49841398
0.32887068
0.47464153
0.43264365
0.49293014
0.44965544
0.442408
0.14125916
0.14611483
0.12050328
0.12455663
0.09664023
0.111797065
0.42881244
0.57808346
0.8862191
0.4909961
0.5859845
0.8850222
0.30946776
0.29995975
0.5182688
0.82101357
0.8664743
1.6203051
0.76733285
0.42997086
0.3825965
0.3854916
0.3440446
0.31789303
0.09244284
0.099481404
0.086491555
0.109309584
0.106393546
0.10046816
0.097477645
0.088456124
0.50739413
0.3486479
0.49376303
0.2719942
0.29424304
0.4897003
0.32256693
0.3702431
0.47338644
1.7203944
0.34672275
0.46727827
0.35499272
0.3414352
0.30926383
0.2786472
0.1307958
0.09511408
0.093420714
0.11279333
0.09536615
0.07621813
0.066348344
0.041836355
0.900309
0.41401115
0.46373573
0.26751515
0.048335407
0.20951709
0.19799897
0.31529507
0.2803544
1.9870714
0.66621745
0.37344417
0.38835016
0.35658824
0.32899675
0.28670004
0.16258043
0.0935052
0.09384066
0.117067814
0.09536055
0.08384845
0.089505404
0.12170777
0.9429565
0.9482514
0.7587781
0.34475112
0.17272255
0.22766042
0.21938303
0.42684978
0.7621579
2.6554313
0.61873335
0.50585073
0.43493262
0.37989536
0.35050225
0.26213542
0.14608774
0.08861753
0.086502045
0.09603417
0.09127796
0.09780526
0.09261188
0.11760989
1.0151031
0.57985675
0.7459892
0.18571028
0.12283543
0.66294646
0.49886408
0.2361778
0.5920962
2.217311
0.2842442
0.42424133
0.3190661
0.32877412
0.34434682
0.31219617
0.14505321
0.1192233
0.06760934
0.10050765
0.08183685
0.11416301
0.09350926
0.1377235
1.346491
0.4572862
0.6130882
0.37207142
0.42560077
1.0883515
0.51096183
0.27415812
0.3573
0.19549754
0.6506229
0.24129173
0.32248238
0.23808727
0.32570285
0.33907834
0.1256009
0.13521215
0.11538112
0.11892745
0.079392135
0.112698585
0.1087119
0.06851524
0.7056207
1.0730104
1.2628546
0.6813676
2.0120132
2.3089547
0.39935106
0.15038562
0.27628577
0.31369773
0.43714517
0.44111958
0.3783881
0.3168093
0.3818128
0.30868238
0.14213476
0.084848344
0.12736982
0.092585474
0.073902905
0.056814615
0.10099003
0.40102482
0.7917856
1.0262669
0.55779934
0.18379399
0.17161837
0.58833176
0.6781419
0.9002532
1.126862
1.5181135
0.5874598
0.3805803
0.35410005
0.3708288
0.314381
0.30289122
0.09238431
0.09664881
0.07937142
0.10326767
0.10198492
0.098946005
0.097810864
0.12486839
0.5530243
0.35808212
0.32268333
0.2493977
0.106586635
0.6673143
0.3223151
0.45356277
0.26872322
1.6310967
0.3890601
0.4765874
0.34619877
0.36368454
0.3704115
0.31585038
0.11295387
0.16177571
0.09092215
0.11122769
0.095112205
0.0762057
0.06716484
0.11069703
0.81445307
0.30728698
0.3735783
0.27791342
0.3187324
0.46901956
0.12609378
0.23128027
0.3078401
1.3977565
0.64488566
0.48969322
0.3309627
0.36675224
0.32372412
0.32657066
0.15160611
0.0965879
0.08473414
0.11040163
0.089883685
0.077824116
0.07798624
0.054699276
1.3143166
0.36456725
0.70908463
0.3109622
0.27023953
0.4905364
0.18381551
0.40548426
1.0401431
1.1220273
0.46563697
0.53564054
0.42934537
0.4173561
0.39578277
0.3172482
0.15052477
0.070493996
0.084812164
0.090197474
0.0821926
0.07018122
0.08243826
0.0069902274
1.0095288
0.56277734
0.6113957
0.1825139
0.1637179
0.34415305
1.214969
0.30056554
1.0047396
1.4539922
0.65413034
0.5811048
0.4284083
0.43200266
0.3884022
0.33201802
0.14568675
0.107649386
0.06970623
0.10526255
0.08915329
0.09773576
0.09888509
0.09186512
0.6097064
0.74963254
1.2245281
0.77397364
1.5805842
0.5080188
0.805421
0.5204817
0.4235638
0.36415675
0.8144633
0.35490948
0.74923134
0.4828388
0.35682896
0.22446257
0.12626883
0.12571934
0.09174159
0.111548126
0.07512304
0.0821068
0.09851965
0.11234596
0.5897281
0.47333917
0.5766119
1.3231275
1.4511771
2.154039
0.5921306
0.25417137
0.21120924
0.4286986
1.0984094
0.52799237
0.64004064
0.3862625
0.39155862
0.32552814
0.14703244
0.13503677
0.12039405
0.104162365
0.08957434
0.072224796
0.093684494
0.008533899
0.93731827
0.55509466
0.609955
0.18289298
0.114583194
0.20319629
0.53988045
0.7261614
1.0554186
1.7008775
0.33731487
0.45230213
0.45542154
0.32336146
0.31771585
0.29929405
0.09799597
0.08821759
0.083133966
0.10672742
0.09919524
0.08571136
0.083239466
0.07292408
0.7792468
0.32302803
0.47560337
0.19129789
0.24818018
0.39883703
0.39750078
0.39989802
0.47751123
1.8331333
0.509496
0.3916554
0.37207273
0.3474956
0.368011
0.2718586
0.11284095
0.099515855
0.07722038
0.09963387
0.08513439
0.07064441
0.061798606
0.040606502
0.78443086
0.39664927
0.4295132
0.23527816
0.09839091
0.43285224
0.25630847
0.25236
0.27691895
1.6985135
0.7624525
0.43156433
0.3702418
0.36340535
0.3424855
0.25928152
0.14522412
0.08695781
0.08786148
0.10586649
0.092880875
0.074689
0.08710644
0.039535824
1.1266907
0.4856314
0.5966976
0.2516809
0.5215762
0.28455377
0.15537527
0.48119366
0.9378089
2.027964
0.8390947
0.64376754
0.4685125
0.36962032
0.39936662
0.340366
0.18562639
0.1222263
0.09729174
0.08703184
0.07594925
0.066788495
0.088469505
0.10370308
0.8545707
0.6263436
0.529257
0.21870309
0.12998602
0.33747998
0.7197635
0.20166
0.90037435
1.4979168
0.7060388
0.3554877
0.38144106
0.293298
0.38251048
0.32737398
0.16773695
0.05751643
0.08304149
0.079242945
0.08096939
0.095853865
0.09673861
0.079704344
1.4234571
0.556644
0.68334943
0.47578302
0.40045
1.5164902
1.2434746
0.22905105
0.48565242
0.34462112
0.6820273
0.2459543
0.3586462
0.30009747
0.28270984
0.25155443
0.1952073
0.110168666
0.06654778
0.100042194
0.08533409
0.09411439
0.07828578
0.02351049
0.6276963
0.7033384
0.3856975
0.2745665
2.0649064
1.564822
0.35608372
0.39714462
0.19441903
0.31004575
0.5768219
0.40637314
0.38404194
0.42923653
0.40786228
0.3360045
0.14628866
0.10426533
0.11551657
0.10247961
0.08426157
0.059397016
0.055545334
0.043333802
1.2440903
0.44927165
0.677124
0.26022863
0.116497666
0.39433768
0.47164923
0.6861596
0.8977198
1.601348
0.72231203
0.35985154
0.32163078
0.3213199
0.326268
0.24888533
0.12947753
0.08175382
0.07330811
0.09990069
0.0945659
0.08114943
0.0868617
0.069145024
0.8097206
0.3151889
0.40230864
0.2275585
0.25292158
0.24824402
0.24864906
0.49963754
0.18650189
1.5770121
0.5290896
0.44286466
0.32652405
0.32666218
0.3544696
0.32573906
0.088232934
0.10077649
0.071097225
0.09461373
0.093248695
0.08031687
0.07205418
0.050963257
0.90755075
0.3273694
0.35639447
0.19303378
0.1866928
0.2949148
0.21674326
0.31740242
0.28593153
1.6469795
0.40664744
0.3555873
0.3775581
0.35544255
0.29356223
0.2909708
0.12268913
0.07823861
0.08012587
0.10441902
0.09127498
0.083082944
0.081205755
0.07521865
1.0533844
0.45599744
0.67282397
0.31333348
0.26622027
0.3549203
0.12230575
0.096773
0.6765686
1.9527451
0.4780419
0.45639557
0.39736316
0.29194403
0.33544764
0.30734417
0.1481846
0.05872408
0.08338198
0.08192903
0.085491955
0.08150035
0.075883836
0.0013038551
1.6570692
0.7542239
0.91097695
0.19746044
0.033604864
0.7523486
0.22965074
0.33187455
0.918141
1.5957432
0
0.434271
0.31973204
0.26660553
0.4040851
0.33619413
0.17009121
0.09887767
0.06325212
0.08887687
0.09368965
0.081608415
0.108080655
0.18612427
0.96316695
0.8529043
0.769767
0.3930317
0.27439246
1.0972579
0.7593219
0.101567894
0.17924085
0.4720713
0.3677393
0.29472667
0.26423788
0.29803467
0.41634318
0.3538253
0.23838449
0.13273674
0.07526779
0.100601286
0.1054773
0.11250281
0.11833987
0.04296643
0.576755
1.0493329
0.3435742
0.2987146
1.4578896
1.6681747
0.2116909
0.18170068
0.21790972
0.5419921
0.37603587
0.24725974
0.32354483
0.3421925
0.38837603
0.29791316
0.16740724
0.110600114
0.12653413
0.084299296
0.06949058
0.05427939
0.07293898
0.0602122
1.3404994
0.3181342
0.6290716
0.19632855
0.024241451
0.12436223
0.1747851
0.8304586
0.57422614
1.9527994
0.6299328
0.33533737
0.3844978
0.3356355
0.37181464
0.26071745
0.13796845
0.11295298
0.08920056
0.10118264
0.089413226
0.067502916
0.06460124
0.03922561
0.5826302
0.35288042
0.36776662
0.22570467
0.33167535
0.2792368
0.43132302
0.3417178
0.5982078
1.9404196
0.57891995
0.33609727
0.3806064
0.327034
0.26244688
0.25995514
0.10272297
0.07264483
0.07538748
0.09466368
0.07671121
0.059689675
0.044132594
0.12315482
0.3715054
0.3770506
0.22376147
0.25018683
0.15418437
0.33182424
0.20228252
0.40460494
0.46932304
1.8457913
0.46587127
0.5098965
0.3583058
0.31885222
0.2630549
0.22661689
0.122692764
0.06319913
0.079176426
0.08873445
0.0764007
0.063108474
0.06475669
0.06974375
0.9301026
0.5290035
0.54856896
0.23558664
0.20809871
0.19900411
0.118661284
0.18504807
0.6209922
1.8290402
0.5727389
0.3791486
0.34736118
0.2284311
0.3526381
0.2768802
0.11190146
0.13337612
0.08257568
0.101428896
0.06811428
0.057497386
0.06580785
0.06684965
1.2337831
0.4754556
0.82603633
0.1683377
0.10785943
0.65942603
0.50895727
0.020442847
1.4580332
0.82868534
0.044484798
0.35148862
0.32461745
0.27158982
0.31018803
0.30062988
0.12014714
0.11997819
0.07796997
0.07181898
0.0833734
0.06746894
0.061518554
0.062493835
1.638971
0.6717357
0.50444347
0.31282148
0.3582638
0.8824667
1.7836101
1.4651232
0.43714392
0.27315146
0.2542592
0.31332228
0.33945087
0.29486662
0.3120748
0.2621932
0.1635029
0.12358299
0.061730508
0.08613518
0.085647166
0.09936756
0.0822922
0.04428071
0.56216276
0.20311928
0.4730126
0.45281056
1.2307794
2.7960103
0.1484909
0.0511829
0.24639657
0.46010455
0.7372134
0.45706838
0.55442697
0.39892378
0.3497912
0.3381637
0.19314364
0.07771984
0.0797787
0.06485027
0.06004462
0.037296448
0.03763205
0.15924892
0.81392974
0.3021806
0.22254658
0.15936437
0.29646337
0.9418547
0.6725388
0.92826873
0.5985945
1.6723087
0.14917514
0.33352366
0.46557495
0.27751854
0.22626603
0.2741012
0.074690074
0.08742154
0.060078118
0.09144691
0.08474243
0.08282608
0.073874116
0.6129136
0.32508087
0.3028692
0.10032639
0.19782665
0.27536422
0.45132664
0.29482678
0.2832458
1.0688623
1.3845671
0.6258281
0.62897944
0.32588702
0.27849033
0.42241368
0.21523035
0.06052736
0.08843541
0.07082945
0.09295532
0.08136347
0.0847846
0.05400348
0.2078129
0.40232244
0.37680984
0.15155056
0.17510378
0.34417254
0.20944238
0.46687242
0.28486386
1.1932375
1.3296657
0.18771702
0.35201997
0.36661485
0.2785783
0.37392882
0.24790609
0.096090585
0.07894653
0.09377393
0.08696741
0.083946824
0.07598838
0.07334614
0.22315976
0.9797203
0.2189092
0.24635303
0.1802899
0
0.2836486
0.039650057
0.40923277
1.5456102
1.1708518
0.4575152
0.30366343
0.27796403
0.30630624
0.3248432
0.27014124
0.13169518
0.10613537
0.06398523
0.08593771
0.097528994
0.09196699
0.047945324
0.40098402
1.0715804
0.6517885
0.40629724
0.17671114
0.12511262
0.264891
0.2813605
0.23505256
1.065322
0.19051456
0.441032
0.34783497
0.2353662
0.24950987
0.35862616
0.29448152
0.108513266
0.08006081
0.07517502
0.0829021
0.09719294
0.089736104
0.08483693
0.6474678
0.7577568
0.4143131
0.23996583
0.24943703
0.31426802
0.627248
0.7409031
0.88567114
0.6764272
0.477446
0.46761656
0.6132592
0.49392858
0.27382585
0.3190918
0.29725236
0.11383346
0.06425175
0.087218106
0.103012115
0.10517007
0.11672652
0.070926875
0.38163802
0.44552085
0.17057878
0.29798952
1.1294566
1.6212382
0.53360456
0.099449575
0.10292238
0.24614924
0.48157018
0.42971066
0.339539
0.33076864
0.5074894
0.36056796
0.28195223
0.16326529
0.024860177
0.08255336
0.06906852
0.062304948
0.046324525
0.0047647986
0.6681603
0.3969222
0.37599283
0.45166487
0.039741967
0.2842341
0.47026965
0.70828545
0.7754036
0.68321073
1.4107425
0.35804373
0.33962825
0.5126112
0.2854037
0.18996999
0.09854075
0.11461744
0.10028291
0.051342044
0.08772436
0.05716637
0.08619326
0.104429424
0.8560726
0.36728328
0.4277053
0.121956706
0.13535479
0.44985175
0.34550413
0.3978699
0.42328593
0.761942
0.46911967
0.5566346
0.39628392
0.2737759
0.22526282
0.3463222
0.18446594
0.06038532
0.083251536
0.06378129
0.085998476
0.07543516
0.048198286
0.05679709
0.6068163
0.6734464
0.02503008
0.19194278
0.1649591
0.03607071
0.34908
0.23295844
0.23099801
1.3320447
0.7641795
0.46683514
0.4234269
0.3444904
0.24627835
0.33132216
0.22658467
0.0941349
0.08729473
0.056096796
0.09361571
0.08943525
0.08196363
0.09473151
1.1503063
0.3304121
0.39732936
0.4598982
0.22974655
0
0.26876602
0.13378894
0.40512568
1.7598534
0.7344627
0.4016674
0.23699072
0.27338526
0.38222706
0.37719327
0.24495274
0.10283193
0.12710503
0.041329388
0.09090477
0.09276855
0.0862824
0.06263691
1.29247
0.8901976
0.7784175
0.20827493
0.17351228
0.08721346
0.3327572
0.62389374
0.10411075
0.6882267
0
0.39782783
0.15672651
0.3279607
0.334702
0.3387595
0.20331696
0.09675315
0.07142177
0.03802145
0.08651489
0.07344058
0.09075701
0.10413054
1.204608
0.5409574
0.46102732
0.4289764
0.2585897
0.32431796
1.2696426
1.263574
0.042538706
0.43932095
0.50233346
0.2939746
0.32298303
0.2622462
0.32054785
0.35570195
0.28097007
0.17955923
0.060322408
0.041004393
0.090540946
0.086087674
0.11997506
0.09313834
0.2709576
0.6121169
0.7786507
0.3810745
1.6714505
1.900713
0.29770067
0.16072658
0.0963583
0.34976175
0.3060871
0.5080848
0.46942896
0.47790506
0.42318493
0.3429679
0.32451978
0.18946585
0.05528346
0.05475286
0.06875053
0.06966168
0.10687268
0.14477488
0.7854516
1.0982802
1.0032823
0.26709026
0.17081353
0.6724719
0.49743116
0.4535619
0.33542243
0.86208725
0.34681866
0.62592196
0.7220179
0.3461961
0.25537768
0.28989223
0.1470592
0.06916553
0.13664022
0.08309826
0.07282701
0.094448626
0.09694472
0.08522147
0.68506396
0.4149474
0.32017073
0.32138482
0.29540122
0.6111998
0.37665126
0.5049578
0.36996427
0.5153293
0.3861413
0.35351208
0.27129638
0.31192824
0.2235288
0.3061561
0.17499372
0.07851341
0.11701742
0.083076686
0.094367325
0.08693215
0.073725015
0.085282326
0.47268316
0.40025967
0.28789312
0.31594118
0.33746943
0.20672247
0.5184864
0.075336576
0.33475113
1.7438228
0.9015623
0.035472427
0.24306756
0.3235004
0.34894207
0.3496599
0.16493955
0.11492452
0.14032272
0.07190862
0.109348565
0.09186375
0.08447945
0.053604905
0.26117104
0.15599057
0.4677656
0.34197104
0.26576325
0.11946708
0.37483856
0.23835468
0.37770134
1.5840591
0.6594356
0.26488322
0.22734249
0.26773143
0.29782796
0.3338133
0.2308785
0.116196066
0.16340774
0.062919736
0.08471298
0.09270799
0.09539452
0.07337347
0.99805695
0.60266125
0.62682563
0.23382574
0.14254016
0.016170923
0.39000702
0.5663866
0.71927726
2.5623982
0.010181252
0.23124748
0.323107
0.283972
0.292386
0.3127791
0.22423884
0.106186986
0.08106813
0.06080896
0.08541414
0.099422365
0.10067907
0.09759486
1.1611288
0.5852516
0.37511137
0.45277268
0.2913258
0.58055544
1.6592995
0.7119878
0.14890242
0.452734
0.32431585
0.16091576
0.14515287
0.16913092
0.31797278
0.35212016
0.1510342
0.1720826
0.07775569
0.06946951
0.09009817
0.10155785
0.11151931
0.066111416
0.3638679
0.49863878
0.19364035
1.4745121
1.6963599
2.2212296
0.20687276
0.17496136
0.13993731
0.30618528
0.595701
0.37694463
0.26543266
0.39263174
0.48909253
0.34333003
0.25426778
0.075668246
0.061359975
0.062768996
0.07338256
0.07500687
0.065496475
0.04674307
1.3793463
0.082223475
0.31397903
0.3870797
0.20829427
0.5362753
0.4948004
0.7882454
1.2870688
1.137788
1.1532878
0.2236282
0.26977468
0.37943658
0.2746166
0.2569681
0.09243214
0.13829455
0.13578048
0.08071479
0.100617945
0.081701756
0.11235222
0.133463
0.48176613
0.31314728
0.31453645
0.33069283
0.3382875
0.60670066
0.27288425
0.3877887
0.41973
1.93729
0.3042303
0.36002058
0.24977809
0.25331038
0.24553719
0.31450176
0.18668598
0.08738437
0.118043154
0.084012836
0.10739797
0.09453288
0.08587772
0.091831386
0.5323368
0.17967665
0.3550569
0.28871867
0.16548136
0.06319034
0.22148958
0.18873882
0.18303627
1.7482696
0.5578303
0.37022945
0.43233857
0.35239053
0.32162416
0.34670436
0.19190052
0.12150857
0.11094031
0.098321974
0.10695353
0.10099608
0.100984305
0.11662918
0.6407806
0.6245261
0.62667924
0.40781555
0.3480478
0.13862506
0.24138233
0.1487051
0.48613372
2.042999
0
0.38539213
0.19152123
0.31298414
0.3375329
0.32191136
0.2173422
0.12025854
0.13731164
0.0660893
0.101343006
0.10466039
0.114696175
0.0779371
1.2157162
0.76222605
0.7060602
0.23512971
0.16854668
0.15773761
0.5277127
0.21230549
0.22698683
1.8576537
0.31889448
0.28766257
0.36696708
0.32941407
0.2824648
0.31558502
0.18134427
0.12560752
0.11868274
0.07087067
0.10054502
0.1039263
0.109754264
0.14015332
0.8426769
0.44067907
0.5479704
0.29875553
0.27026448
0.29246715
0.8208499
0
0.13616937
0.35117543
0.49090296
0.32456028
0.35550448
0.5780231
0.31812656
0.3024765
0.17469081
0.15404093
0.08558443
0.08001739
0.11166051
0.12003133
0.12530696
0.12634104
0.37429547
0.7326992
0.11921856
0.7473143
1.433255
2.484422
0.2877461
0.12755471
0.09487358
0.14560911
0.54882264
0.119237185
0.22289506
0.33420572
0.35879096
0.28103232
0.21332183
0.1407412
0.050379846
0.09511277
0.076649696
0.070524246
0.06717247
0.09312102
1.4119166
0.14030957
0.3035598
0.23905614
0.13269538
0.47090656
0.72446734
0.96313
0.686064
1.2764851
0.6886862
0.28592178
0.3246679
0.3978372
0.3235019
0.2599757
0.18423823
0.11243984
0.10810262
0.083661884
0.089138985
0.085220814
0.11405572
0.12395117
0.62966436
0.24333978
0.3267927
0.22629634
0.27672744
0.2960398
0.32076487
0.29995334
0.31633678
1.7474449
0.7528122
0.28335866
0.3678053
0.2543311
0.28401655
0.25988162
0.13523751
0.10662082
0.12339032
0.06823599
0.09710804
0.0905754
0.08822799
0.146348
0.5115043
0.2805313
0.3906464
0.21562237
0.29593748
0.25458565
0.20102698
0.28116775
0.39608312
1.9731588
0.30223468
0.2788719
0.28137672
0.30875117
0.24034709
0.31502342
0.15474355
0.096274674
0.09013772
0.098383784
0.09690234
0.10272637
0.0974879
0.09199482
0.68839306
0.719413
0.41523442
0.31932285
0.35088605
0.16665947
0.21127576
0.068181604
0.6279233
2.4070907
0.21227619
0.2401531
0.16650954
0.30564907
0.311134
0.27685052
0.150103
0.08708599
0.10972431
0.075897366
0.09560704
0.10496068
0.11157343
0.08072707
1.2076648
0.46860754
0.51013273
0.23166087
0.13212386
0.16844058
0.44596174
0.09538114
0.79301226
2.1097844
0.549787
0.19275388
0.3419509
0.22100967
0.34040046
0.28665692
0.17291981
0.09222713
0.11218965
0.072032124
0.09917939
0.11577466
0.11923811
0.106450826
0.7736161
0.43492717
0.28518143
0.3292676
0.24479708
0.9476985
0.6047579
0.49957514
0.2579212
0.7572409
0.6040391
0.19249678
0.36312333
0.31316602
0.3261614
0.31023028
0.14154008
0.13528317
0.10113901
0.115189254
0.11631778
0.123462945
0.13548696
0.1261318
0.30212876
0.34799507
0.20678383
0.6450518
1.7658172
2.5049458
0.2955166
0.27622855
0.24556926
0.16215575
0.51751846
0.4403518
0.24080962
0.27916518
0.36432493
0.24238029
0.22458196
0.08220625
0.07573733
0.0950115
0.08527908
0.091608316
0.07612091
0.107910395
0.9322778
0.59271467
0.3883881
0.34193295
0.31803662
1.1019691
0.28459617
0.87617123
1.0251521
1.3430105
0.2726913
0.19932073
0.24479684
0.32179838
0.2951893
0.23208982
0.10871518
0.12651923
0.12233579
0.07586348
0.09052205
0.077081054
0.120471776
0.11227968
0.56203777
0.28122678
0.27358934
0.29357967
0.30730304
0.31821883
0.38409713
0.28782615
0.3694187
1.8828518
0.42794088
0.30459622
0.22223473
0.27814665
0.29209766
0.24456659
0.11194697
0.09419292
0.11370078
0.08326456
0.10515028
0.07763836
0.11124182
0.17550084
0.5881447
0.30818975
0.33900627
0.33335942
0.19512695
0.1463536
0.54924816
0.20814937
0.12595621
1.5601097
0.8056684
0.12590414
0.36932442
0.38830158
0.2885881
0.31138483
0.15448412
0.12117034
0.0945366
0.10849291
0.10439438
0.106744915
0.113155544
0.07421422
0.8223713
0.776207
0.5842804
0.5271718
0.31047952
0.23157936
0.37271973
0.25654164
0.61795527
2.423182
0.3420364
0.37215662
0.22421783
0.30303416
0.2959005
0.2672324
0.14629441
0.11381143
0.14004332
0.07616672
0.0924544
0.10608673
0.10413271
0.08838138
1.1934865
0.5717359
0.47927752
0.37407118
0.1515047
0.108584136
0.22641185
0.002266798
0.21114329
1.7139294
0.35123524
0.31383348
0.3435451
0.19064587
0.27839231
0.28085643
0.1520046
0.108434826
0.11649075
0.07601711
0.091670424
0.113174826
0.116473645
0.121230245
0.78080845
0.43678296
0.4249929
0.39264128
0.2764913
0.77292573
1.2228771
0.49621183
0.11070117
0.24562046
0.3680156
0.03225175
0.39865637
0.3483331
0.30595508
0.30072004
0.16971481
0.13558388
0.103010714
0.10919675
0.10641289
0.12875819
0.13517287
0.11933693
0.4292388
0.3662407
0.25259048
1.1946712
1.4601216
2.3081362
0.31326288
0.21745998
0.4552121
1.1393923
0.25525016
0.4712242
0.3612162
0.45159602
0.30276477
0.26260895
0.16158617
0.10749605
0.08847976
0.09084079
0.067074805
0.0815267
0.08311275
0.090260506
0.34495798
0.36057502
0.6419299
0.21530849
0
0.34371603
1.2726127
0.60659313
0.22199488
0.5747426
0.16397154
0.35904902
0.38960868
0.26762012
0.29728386
0.30045974
0.14923963
0.11437851
0.12327695
0.099273026
0.089717925
0.09828955
0.11631283
0.11709741
0.99914324
0.58136743
0.4662319
0.34496364
0.41339564
0.6473919
0.3772971
0.41750383
0.4943062
0.83463967
0.16125172
0.3091812
0.14651546
0.18918136
0.28128985
0.29097944
0.18416661
0.10526663
0.10038179
0.09554893
0.094861865
0.09299022
0.10128057
0.08913723
0.7949375
0.674179
0.4054356
0.13689926
0.1719513
0.20848316
0.27529967
0.2975703
0.49232006
1.5450511
0.03994662
0.40049204
0.21427426
0.24214223
0.31586522
0.32225272
0.14845005
0.104516506
0.121599734
0.0818969
0.10145295
0.101537436
0.0721409
0.18607265
0.7541061
0.4972235
0.4215556
0.3024268
0.25864017
0.16180044
0.17169565
0.5470312
0.6602496
2.5553668
0.35598826
0.19649535
0.24184778
0.3273108
0.3388919
0.29709858
0.16656727
0.10792938
0.12534156
0.070307136
0.08699271
0.10317758
0.1253497
0.08183336
1.1692666
0.6980761
0.6018716
0.2110562
0.19952396
0.19214329
0.20441669
0.15827358
0.2581924
1.6747515
0.4436559
0.2729598
0.23416165
0.23579547
0.31476563
0.29033753
0.18273693
0.09330794
0.116652876
0.06619173
0.08828288
0.10378969
0.101668745
0.17258623
0.71187204
0.64616644
0.38801336
0.44823217
0.7988641
1.3553212
1.0342072
0.82683283
0.060708556
0.35812283
0.30895656
0.35773268
0.21777225
0.25401577
0.30563185
0.27392438
0.10183945
0.083527684
0.0922474
0.0851703
0.09176776
0.117785126
0.13741452
0.10544577
0.36538264
0.3677393
0.33370245
0.553453
1.8252786
1.9694471
0.5256413
0.23065084
0.12863153
0.32454145
0.5929527
0.27932075
0.3788165
0.29248422
0.3011026
0.23339868
0.10946345
0.060568962
0.07192838
0.084608436
0.0695585
0.0777674
0.093119144
0.115338445
1.1845145
0.74389726
0.27267733
0.18873525
0.36157617
1.1043607
0.44433445
0.73421496
0.8700847
1.2937322
0.2640697
0.11234671
0.2643506
0.36017326
0.29918355
0.20078167
0.061276082
0.11177829
0.09564412
0.075218946
0.07912198
0.07237959
0.08768806
0.038448904
0.7685504
0.21024242
0.25435567
0.3150885
0.23815474
0.3287217
0.448044
0.3203493
0.38240877
1.6189516
0.4955273
0.16512167
0.17769396
0.2301108
0.267129
0.26512852
0.13909212
0.084255606
0.0824219
0.09209058
0.09679264
0.08975434
0.07553092
0.12375501
0.76712227
0.31505442
0.42944694
0.29413214
0.29161358
0.30664957
0.31218132
0.6883633
0.29299337
1.2910799
0.57343805
0.25925243
0.31170422
0.29862526
0.267755
0.30102372
0.1504528
0.09577972
0.07529354
0.09813425
0.102975905
0.095912606
0.09626886
0.08776274
0.76285714
0.6009334
0.5565684
0.6437584
0.36026305
0.6235783
0.25884703
0.2712212
1.2756866
1.4529128
0.12911794
0.39212078
0.19402903
0.25472838
0.30505973
0.29460284
0.17751831
0.10347009
0.14194906
0.06752929
0.08926067
0.0890497
0.074760675
0.09485403
0.86509395
0.39660937
0.40893438
0.23626542
0.16773382
0.4205251
0.33223045
0.38005945
0.72104615
1.8111602
0.4121433
0.4004316
0.301361
0.13888177
0.2540829
0.28055063
0.21083531
0.07946092
0.07633999
0.07163954
0.08504945
0.07204217
0.053726677
0.10316238
0.46879205
0.35737658
0.6140703
0.3886292
0.26405647
0.96408147
1.1179373
0.48025313
0.11709964
0.22829556
0.2721738
0.39159024
0.23016876
0.34244937
0.29974425
0.27461174
0.14008206
0.093548596
0.07821977
0.0817866
0.08691034
0.11356962
0.12270942
0.12995645
0.63448757
0.48170018
0.2341367
0.58118594
1.8211446
2.1351657
0.8988404
0.20592469
0.23334625
0.11727792
0.4767966
0.14113623
0.37260953
0.38376063
0.3343072
0.28997517
0.12727362
0.075612724
0.031613175
0.08163762
0.07228458
0.082289666
0.095814824
0.10084441
1.0797894
0.661086
0.55189
0.16052365
0.19558123
0.2967792
0.29971525
1.0239335
0.7818145
1.265076
0.48041904
0.2524775
0.27445853
0.26189977
0.23964214
0.19826207
0.065874964
0.064805925
0.098814934
0.07599157
0.09413737
0.07496521
0.074899346
0.102808386
0.23232248
0.19256681
0.3545967
0.42090708
0.30463758
0.43871444
0.56136686
0.31667966
0.45092314
1.6509418
0.7216807
0.28410286
0.34065586
0.19909027
0.2619875
0.20213807
0.08739266
0.06396675
0.08815521
0.08682135
0.09032756
0.07169354
0.0739283
0.06972745
0.6458798
0.47046778
0.4201668
0.16306588
0.02872089
0.37723705
0.16593707
0.8472505
0.18993205
1.1252719
0.027531002
0.19748262
0.3428778
0.24020597
0.28286222
0.27185562
0.1746456
0.07952365
0.06635758
0.08881894
0.10804343
0.09208754
0.07348013
0.08718255
0.8202788
0.42693064
0.5417261
0.34028465
0.19260141
0.32331434
0.4255587
0.17452782
1.142251
2.526904
0.18881348
0.20402205
0.24949336
0.30995205
0.25968167
0.25289705
0.088802844
0.10616204
0.090230495
0.083868444
0.0889194
0.07995844
0.09545159
0.059488777
1.2610197
0.4466731
0.5014433
0.28420037
0.11791694
0.09071201
0.31863514
0.10748768
0.8802153
2.230632
0.17066157
0.26342344
0.29406446
0.1222817
0.23226345
0.25237316
0.10568604
0.068021655
0.07121661
0.06354979
0.07664549
0.07836416
0.09015635
0.08517626
0.76281977
0.44725168
0.454907
0.30143565
0.2409733
1.338923
0.89891183
0.47925773
0.1642935
0.30873975
0.37464824
0.26256117
0.21302766
0.20888239
0.2523224
0.24332988
0.08345634
0.050563667
0.08156064
0.09552947
0.079806566
0.102760255
0.1252147
0.06319034
0.5749688
0.27847964
0.51963747
0.95047987
1.3268906
1.1354171
0.13880777
0.49924144
0.33176428
0.042281184
0.237715
0.13994429
0.33243316
0.26776358
0.26438263
0.20389816
0.07712564
0.09175992
0.020039562
0.08806744
0.064374685
0.069184065
0.09090236
0.11152935
1.1934917
0.28396246
0.6040082
0.28228414
1.1670189
0.9198229
0.5699917
0.86470777
0.70310885
1.1667598
0.29493582
0.15724438
0.2509295
0.24383932
0.22554171
0.1951372
0.046288524
0.05687127
0.07919735
0.07673645
0.081410855
0.0691981
0.083981276
0.073522866
0.3717143
0.24609303
0.22994256
0.19093981
0.229175
0.45817924
0.40514538
0.28998354
0.3741523
1.3706263
0
0.529873
0.23013917
0.15746975
0.21852678
0.15902048
0.07474381
0.05652896
0.071029246
0.077917695
0.079821885
0.069720626
0.05757672
0.2095994
0.6549404
0.31793383
0.2560201
0.15659606
0.10738
0.32791898
0.20893198
0.13667294
0.29794756
1.0513748
0.8423331
0.27388018
0.25540453
0.2171382
0.2639025
0.25378975
0.08774021
0.059873167
0.05792207
0.089603424
0.09747642
0.08592519
0.066654295
0.13275239
0.6857789
0.31276995
0.4839597
0.29486263
0.14081588
0.46640575
0.42144337
0.24148005
0.85420513
2.21624
0.2909401
0.26280794
0.27634677
0.30976075
0.278156
0.19431943
0.12567216
0.10816762
0.06739551
0.07819775
0.07390365
0.08720291
0.093616515
0.036589894
1.5330321
0.49096295
0.5924043
0.38573363
0.16578555
0.20609444
0.40313676
0.12748376
0.5466477
1.599984
0.28985208
0.09262824
0.23192596
0.15132684
0.20443925
0.2609165
0.12177399
0.052229974
0.039338354
0.06736529
0.07227978
0.06558749
0.05718896
0.13924474
0.76348287
0.47739452
0.32633692
0.2001785
0.37900826
1.6406235
1.0107441
0.32717136
0.36789837
0.48515514
0.45296863
0.4384151
0.27742863
0.30196482
0.30362874
0.29496267
0.14421463
0.11711258
0.10453287
0.07441506
0.06470412
0.088859946
0.1226764
0.101881534
0.5185812
0.39313188
1.4351947
0.9638475
1.9963553
2.3810651
0.14627725
0.22151634
0.2763779
0
0.69425184
0.25273362
0.35051635
0.27043882
0.2621029
0.25483626
0.17948025
0.06812802
0.038702194
0.06900558
0.056556884
0.07056022
0.07923001
0.09726623
1.0817899
0.32154152
0.3697431
0.88169557
0.18240446
1.2360083
0.13979074
0.5995712
0.24553445
0.43750978
0.49944696
0.12219095
0.010492209
0.03211889
0.081397474
0.13195008
0.048211936
0.07183403
0.082648754
0.041356716
0.031247113
0.04800314
0.14941943
0.15775833
0.40189224
0.30314657
0.17157438
0.029933546
0.22401404
0.4695543
0.49781445
0.43137616
0.47064865
0.59119326
0.25710472
0.2580394
0.24737105
0.18221614
0.28565258
0.23675728
0.14199945
0.061825816
0.07323018
0.08071777
0.08945683
0.065336734
0.042450223
0.08762488
0.57836944
0.44544742
0.28572485
0.16201776
0
0.14640647
0.15892887
0.73804384
0.14572588
1.9450078
0.44196334
0.33379537
0.30310455
0.25269663
0.24353892
0.24743757
0.097071886
0.05678538
0.055807505
0.075605065
0.10025084
0.07779068
0.065018505
0.106645405
0.58122927
0.40006867
0.45989275
0.2888733
0.18045124
0.2561907
0.2847373
0.27397498
1.29918
2.1365356
0.51133347
0.29294008
0.16853496
0.28051785
0.24807286
0.20097333
0.096615314
0.080727726
0.102491915
0.07227832
0.07949445
0.06748924
0.048130367
0.045540456
0.5506162
0.9669385
0.6330322
0.31359172
0.2055256
0.1575112
0.6392743
0.17805022
1.3012779
1.6295155
0.49802327
0.18815601
0.3635815
0.23455149
0.22371653
0.22527003
0.10945362
0.08655912
0.09319934
0.057816926
0.07228741
0.080485255
0.07139763
0.044257674
0.72025865
0.3660649
0.6127188
0.27658844
0.23017988
1.3638632
1.8032181
0.4436564
1.1629207
0.48867258
0.37014845
0.18733239
0.24176797
0.19903108
0.23765823
0.22095513
0.10516533
0.04155049
0.06211299
0.055600885
0.07142869
0.10101941
0.1155754
0.06773716
0.4027738
0.1662643
0.37379214
0.18667567
1.7237412
0.9973685
0.43538585
0.1658752
0.1006479
0.054450247
0.35535195
0.23308966
0.30758354
0.24446133
0.22686109
0.17427939
0.05362511
0.05144972
0.042477403
0.074361235
0.057711218
0.06189445
0.07500091
0.08675271
1.2090268
0.4326043
0.3873215
0.25408798
0.14631855
0.31318858
0.3975956
0.84329116
0.5600031
1.833613
0.4366072
0.17012551
0.6600219
0.27464467
0.29143298
0.22269335
0.15750232
0.0808613
0.088724494
0.061723236
0.085210055
0.07835296
0.07040638
0.16336948
0.51518494
0.25207716
0.18690613
0.2506632
0.1683433
0.6361283
0.046990786
0.26113388
0.36415437
1.5793146
0.5442994
0.26854065
0.4194285
0.18410045
0.19594905
0.25123024
0.19815645
0.09686375
0.06092382
0.07373926
0.089135855
0.07394442
0.06869614
0.10419646
0.50101036
0.35045397
0.27646667
0.23754045
0.15511805
0.25582227
0.19992754
0.11707342
0.20623657
1.767577
0.35691208
0.18346661
0.16925722
0.2047675
0.24162182
0.21802461
0.06494078
0.04089323
0.06043345
0.079628706
0.08173302
0.07402715
0.056639317
0.044202182
0.8111512
0.4342433
0.36573178
0.36758843
0.19745716
0.30131644
0.25098813
0.12649691
0.7888279
1.6909087
0.1679377
0.32738853
0.2873775
0.21897617
0.20987102
0.21340537
0.09797102
0.05270103
0.10048574
0.07426208
0.08266255
0.074712545
0.06467301
0.053503934
0.69435257
0.5071381
0.55998456
0.24949011
0.08930284
0.17794561
0.28120294
0.35408273
0.24164203
1.7544692
0.19525513
0.24353665
0.2727094
0.10469028
0.21705866
0.2085667
0.07991946
0.04815248
0.068978965
0.05145851
0.07255685
0.09454858
0.056219105
0.036214087
0.50054246
0.29615727
0.51637447
0.269135
0.283447
0.9446072
0.98133737
0.22247517
0.2957814
0.330094
0.33787447
0.23121825
0.17966878
0.19938356
0.17366081
0.22218007
0.08899072
0.08224851
0.061370764
0.07444477
0.08650464
0.08941853
0.10514584
0.089737326
0.3902159
0.2461397
0.17013106
0.15143168
1.2694577
0.9466745
0.8843158
0.16784972
0
0
0.15578294
0.11518359
0.22015655
0.19819641
0.2239945
0.2322937
0.12431556
0.12235963
0.06832373
0.07865119
0.062534094
0.07705343
0.096012294
0.18997261
1.2655965
0.3555828
0.48710865
0.23094225
0.0725559
0.15676722
0.10398206
0.80771506
0.50516593
1.6079013
0.26313815
0.19405478
0.15883502
0.28080234
0.26955488
0.18095428
0.041316155
0.08195129
0.07747468
0.062406067
0.07812074
0.07751149
0.08955231
0.08343491
0.46789888
0.19066846
0.29374346
0.40082276
0.32586768
0.4700899
0.38009834
0.31533912
0.5468271
1.4282029
0.36979446
0.27933893
0.2614024
0.22703218
0.26032236
0.22606689
0.09470424
0.04756001
0.064110786
0.0771873
0.07857826
0.06875554
0.06373614
0.06251904
0.41016978
0.44954675
0.31168124
0.2079863
0.05998892
0.2666982
0.3533295
0.12682831
0.24514759
1.6722146
0.3799621
0.25413203
0.15523213
0.18070796
0.23742986
0.25014365
0.09253082
0.05637047
0.050269637
0.07969758
0.08405894
0.07259408
0.044901017
0.056598965
0.66845393
0.38886273
0.50118035
0.1915972
0.096000075
0.33754084
0.27518815
0.31061926
0.50058556
2.0689378
0.09303638
0.16516349
0.10875261
0.20914245
0.24432921
0.20632789
0.14121291
0.10396898
0.03841153
0.07345751
0.0731563
0.07711291
0.076428175
0.052218203
1.3918886
0.5430885
0.46947992
0.17472252
0.03893027
0.43896076
0.20687938
0.19141239
0.64771485
1.8329266
0.0724166
0.24961108
0.16826543
0.13015833
0.22400394
0.24438548
0.1151239
0.062655956
0.07564318
0.0599258
0.07192823
0.06630677
0.06374216
0.06481421
0.4026148
0.37221676
0.4094684
0.23404145
0.24092779
0.7460829
0.66258687
0.49017715
0.17021132
0.25647867
0.36976436
0.14301005
0.18211189
0.24134248
0.2424902
0.2430371
0.11437744
0.088514715
0.0736821
0.060611133
0.083049715
0.08794442
0.09279966
0.086713165
0.29778987
0.25105277
0.12620574
0.27374902
1.8609241
1.8669527
0.13231653
0.2780392
0.21055207
0.063131005
0.2960153
0.17836177
0.24497229
0.17348036
0.20681524
0.16716796
0.08347088
0.13727725
0.059050594
0.089515
0.075051636
0.07735816
0.08142418
0.09508994
0.92897934
0.23501241
0.3456005
0.5217132
0.32895255
0.2831073
0.29986086
0.6124169
0.5899735
1.6049647
0.23857343
0.22539043
0.26775762
0.2852429
0.2707218
0.220097
0.06090522
0.11278251
0.09334335
0.07526067
0.0828737
0.09271622
0.10887474
0.085268825
0.48777485
0.30528808
0.26726255
0.21215993
0.3470236
0.35856217
0.2628439
0.30057868
0.36902735
1.6603582
0.17635226
0.18597355
0.17387581
0.16033399
0.23088488
0.19399902
0.12320337
0.061453912
0.07462704
0.077754885
0.08950949
0.07880351
0.07837659
0.09604871
0.3666251
0.33996707
0.306561
0.19648764
0.16786724
0.2114906
0.3054676
0.040582214
0.1468328
1.459121
0.23550427
0.2999591
0.13300192
0.21246332
0.21181256
0.24327514
0.09902352
0.10383317
0.06126127
0.08195129
0.094581306
0.081427366
0.07297686
0.058661107
0.7795066
0.36318475
0.5810818
0.34752634
0.11343357
0.27003685
0.15781105
0.2315228
0.6303479
2.3745716
0.36180118
0.168648
0.21458596
0.17220911
0.20032829
0.22934237
0.14043397
0.12834406
0.08627978
0.07981542
0.08559403
0.08331916
0.08370885
0.065888494
1.132432
0.5680255
0.4656379
0.19440225
0.0828675
0.09935948
0.17628378
0.13282436
0.6483921
1.5590447
0.49237007
0.36764368
0.1944223
0.17416567
0.24240151
0.2703755
0.18606195
0.09168452
0.089358896
0.09595144
0.083470464
0.07678595
0.07375795
0.05547226
0.65170133
0.6156875
0.3261276
0.2747708
0.2972014
1.5279671
0.6037647
0.022491667
0.25519565
0.29889745
0.38795805
0.35138154
0.2652892
0.20172358
0.232218
0.23981473
0.16553167
0.12157515
0.11992511
0.117228925
0.088774145
0.093001366
0.10819328
0.0912821
0.41521895
0.23251086
0.19926447
0.71500945
1.7289193
1.921817
0.2844628
0.3227748
0.2054182
0
0.30542266
0.25440562
0.21233639
0.15504977
0.20648909
0.1853269
0.14398205
0.07171559
0.08222428
0.081959784
0.072773725
0.08284351
0.08369386
0.075075924
0.80941725
0.3201668
0.695882
0.24748474
0.0128153
0.26680285
0.22041515
0.7381285
0.5730486
1.5234791
0.61469823
0.3267216
0.12901106
0.30696982
0.2988979
0.22867632
0.20817134
0.10766485
0.11938238
0.07266685
0.09866899
0.09175855
0.09070003
0.05846191
0.68563473
0.28946078
0.34886843
0.41928098
0.36458135
0.40617356
0.24812353
0.37188742
0.39591962
1.7478609
0.24849978
0.24808967
0.35291052
0.18301547
0.23603693
0.21002647
0.10773334
0.09197244
0.08850354
0.08898449
0.096515626
0.09231421
0.0943006
0.07896674
0.5202859
0.3015205
0.2760633
0.17764896
0.07985759
0.24279842
0.23564598
0.297662
0.19342574
1.3178138
0
0.25635558
0.2405282
0.21219438
0.2526079
0.22964156
0.13708755
0.09623039
0.075666726
0.101091176
0.109373
0.09682703
0.066346765
0.089834034
0.5460779
0.28520268
0.47544459
0.24791479
0.08197558
0.30963352
0.2737323
0.3061031
0.83716667
2.1046984
0.58114064
0.20617247
0.2093381
0.27674446
0.26712123
0.22993341
0.20951441
0.12448466
0.10464209
0.08619508
0.10181925
0.09110069
0.08167595
0.08370602
0.9598165
0.4637426
0.37920132
0.24014518
0.021345679
0.27188304
0.2379559
0.30924156
0.69143057
2.0206745
0.32176763
0.10021058
0.26450238
0.33935708
0.25396198
0.2603393
0.13611165
0.09822616
0.12071288
0.09656912
0.09331834
0.09594634
0.097920865
0.12976
0.60558605
0.36742732
0.48192245
0.26067534
0.4364358
1.0940254
1.1133466
0.18310562
0.27561542
0.28803578
0.24539027
0.1384542
0.211395
0.24001592
0.227929
0.23061371
0.13988045
0.13736886
0.10593951
0.102395505
0.09324506
0.101540565
0.12218508
0.10479164
0.42554617
0.23490438
0.16799155
0.69050324
2.0547187
1.6080358
0.22174188
0.32205632
0.24115703
0.15220535
0.29205802
0.18720698
0.23124644
0.13087806
0.21535894
0.2410801
0.17400295
0.10704854
0.07162696
0.08580357
0.08085874
0.09155437
0.09854454
0.09287825
0.85459524
0.2721298
0.3374913
0.22607234
0.14011988
0.52290326
0.2020567
0.70459163
0.90466076
1.5206012
0.1972911
0.09109858
0.31903625
0.26415843
0.26034272
0.1996232
0.20756504
0.13605195
0.17188442
0.086557865
0.10762489
0.105700016
0.1109097
0.0957779
0.3726479
0.45311883
0.26830465
0.28367856
0.3549621
0.3194554
0.2892242
0.31604487
0.5053712
1.8610942
0.1956028
0.16095358
0.24320069
0.12825668
0.21638489
0.19066405
0.12774816
0.09294647
0.118703604
0.09383601
0.11095172
0.10106799
0.110063404
0.2946141
0.4654987
0.22353637
0.4183683
0.2759834
0.1713719
0.3380075
0.40747803
0.5933618
0.25655034
1.6215417
0.20043778
0.19239137
0.18777445
0.21856132
0.23662314
0.24474886
0.13064867
0.08207494
0.10850912
0.10257819
0.11985293
0.10247046
0.11004734
0.07967496
0.602438
0.42502213
0.5183587
0.29062632
0.22623584
0.34307638
0.24910578
0.45024008
0.64010185
1.7979337
0.15626541
0.21306512
0.18002832
0.1670014
0.2837877
0.23305702
0.14175436
0.12892663
0.14366004
0.11246559
0.11053556
0.09868616
0.085030645
0.08828962
0.86178374
0.6369059
0.55946547
0.2850187
0.1411176
0.4711712
0.52478224
0.30616972
1.0288029
1.6991185
0.3990891
0.23648643
0.27446958
0.11790007
0.21899754
0.27472195
0.09679589
0.08320674
0.12927657
0.08650771
0.09349707
0.0976035
0.10284677
0.10258496
0.5357751
0.38036022
0.6004287
0.27025837
0.45761824
0.9233412
1.4466795
0.42734867
0.09704077
0.43212458
0.40016827
0.24440992
0.24235964
0.36645517
0.24822503
0.23309731
0.14095372
0.10307777
0.10060194
0.098062485
0.10748586
0.11056566
0.13318688
0.115558654
0.36323377
0.2878583
0.33331093
0.17558023
2.0478618
1.0511295
0.020815317
0.08123216
0.26837713
0.26020762
0.41858873
0.081154644
0.22636816
0.18669048
0.26634336
0.24901628
0.13441843
0.08906627
0.081946045
0.09525105
0.098060906
0.10412681
0.11501193
0.09152523
0.782639
0.6404567
0.42995217
0.22310925
0.05450741
0.15449321
0.25503364
0.6405607
0.8604202
1.699809
0.28603798
0.068160295
0.3039626
0.22801015
0.2555606
0.20442122
0.1116752
0.15125617
0.1306105
0.11587399
0.12264407
0.10217127
0.09750369
0.11177632
0.31218708
0.29158494
0.3683673
0.41823468
0.30418196
0.68534327
0.40889242
0.43546155
0.61141676
2.128699
0.14404994
0.2901229
0.27927357
0.12428975
0.22087371
0.22942686
0.16018108
0.10400459
0.111330956
0.10286182
0.12003714
0.11108875
0.119844556
0.07403785
0.41026366
0.27581093
0.32794508
0.19481522
0.12814745
0.74629515
0.40159547
0.45436573
0.262133
1.5536128
0.01572958
0.22759163
0.305832
0.1742138
0.2941893
0.23294449
0.13950449
0.14355606
0.10575956
0.11565551
0.12282729
0.11210859
0.102712214
0.14016837
0.50344115
0.34910828
0.4701155
0.31361514
0.11826867
0.5082928
0.33346033
0.30447778
0.89497846
2.0049558
0.109437495
0.25275493
0.20034531
0.24243197
0.27969235
0.21954066
0.13861495
0.12036592
0.12723807
0.11566895
0.11085147
0.10947558
0.12462354
0.085531056
1.2853862
0.41407514
0.57031536
0.22461283
0.21001577
0.312443
0.3769012
0.28207308
0.67122513
2.3911524
0.2819495
0.16616374
0.337777
0.20043558
0.2512555
0.22968265
0.15432999
0.103259385
0.08547327
0.103909224
0.11906189
0.10394767
0.09998307
0.105755925
0.5834458
0.3499092
0.45074326
0.33194616
0.46760383
1.3186642
1.3694382
0.1120646
0.2567348
0.094557524
0.5170953
0.22788507
0.24530497
0.24545941
0.27133265
0.24382892
0.14501983
0.09425616
0.104421794
0.12733483
0.11672065
0.11712983
0.12465638
0.14596733
0.4465843
0.38711482
0.22041872
0.5788514
1.5710431
2.201729
0.60480136
0.2920811
0.3802306
0.3302254
0.40701854
0.25779912
0.28883487
0.21221504
0.2580664
0.22199619
0.17417628
0.14933392
0.06852013
0.11904153
0.11262524
0.11628005
0.12232226
0.1343098
0.8401953
0.53533715
0.67392427
0.19252092
0.19329312
0.29927653
0.19487992
0.61240023
0.45719868
1.4791895
0.29010385
0.2601723
0.35402793
0.17864525
0.27920452
0.21272549
0.20616287
0.123365164
0.14891332
0.1049422
0.123331636
0.11137152
0.11176601
0.09441817
0.61412954
0.31853873
0.30067074
0.35845238
0.5385117
0.3365754
0.2254307
0.26132888
0.25744236
1.5726535
0.3658835
0.27517578
0.2736366
0.17963883
0.25064334
0.21879941
0.14625603
0.08696967
0.10807544
0.10964468
0.11791745
0.11209145
0.10491669
0.12710857
0.5704744
0.34621388
0.36403054
0.3121475
0.120701164
0.34891966
0.23006296
0.071822315
0.35568094
1.4881537
0.1574809
0.27352777
0.22759193
0.25052005
0.23374373
0.23783135
0.18156072
0.09807783
0.098155856
0.10889691
0.11791968
0.10735172
0.116541564
0.11046764
0.8546072
0.56843764
0.44951114
0.34725407
0.1007376
0.41089875
0.20485365
0.6062189
0.5833385
1.9739901
0.38711002
0.18433246
0.23056847
0.21353719
0.2405237
0.23066184
0.13587725
0.1289579
0.12922633
0.11302489
0.11909801
0.116279244
0.106869996
0.10035145
1.3363892
0.7351982
0.52883434
0.22267541
0.17397162
0.3636457
0.23320737
0.47641483
0.6491684
1.9456229
0.25899643
0.3099833
0.30695456
0.16895142
0.23236147
0.2676122
0.13673496
0.12604666
0.1257216
0.10952988
0.12350619
0.11956501
0.11105955
0.11421153
0.592743
0.32082748
0.5308583
0.29679033
0.38034
1.5086759
0.94123775
0.17204887
0.09108281
0.21847305
0.276442
0.17934403
0.2226589
0.25678745
0.23233303
0.25364184
0.22282699
0.12960178
0.114359826
0.112287074
0.117153734
0.120721966
0.14089477
0.13798001
0.45332915
0.2958392
0.35012832
0.7275583
1.6279541
1.3515742
0.47836033
0.2572082
0.30030844
0.09452546
0.24740806
0.23261607
0.2960606
0.2748917
0.22996727
0.2290698
0.13043323
0.107155204
0.10841808
0.104589164
0.10027513
0.12036702
0.12972763
0.11678228
1.1970403
0.22678694
0.55306864
0.4027959
0.7091868
0.37636
0.35887408
0.4099779
0.63771194
1.5146859
0.15497017
0.32900876
0.33748797
0.2404382
0.2964015
0.19448593
0.17770329
0.11910412
0.11909658
0.102110416
0.11489996
0.11160222
0.12667534
0.099387616
0.5687146
0.30026394
0.31610462
0.2824289
0.43085474
0.47654548
0.30212316
0.8907547
0.6674234
1.8780433
0.28594527
0.28495336
0.15914351
0.1444552
0.22141922
0.22221786
0.16037107
0.11013022
0.091774374
0.099589676
0.10982022
0.104863554
0.08236709
0.0972085
0.4306651
0.2837605
0.24324134
0.25289264
0.22110105
0.18731496
0.11638525
0.33212066
0.2701563
1.6810162
0.177805
0.29167196
0.21483818
0.16376588
0.24652833
0.2484523
0.16834491
0.09608114
0.08542541
0.10417408
0.11122951
0.10640162
0.09132579
0.08718845
0.612518
0.3954391
0.40690795
0.24323353
0.11120081
0.33507934
0.2233142
0.47557247
0.37462693
2.1367357
0.41437906
0.2527913
0.42770326
0.2105914
0.2396929
0.2585946
0.13710219
0.1205053
0.12835613
0.10571718
0.12917784
0.10645315
0.1037114
0.10203859
0.7906547
0.70265454
0.28589454
0.24828276
0.09027943
0.25448996
0.3200968
0.39857602
0.41145208
1.5378107
0.51750565
0.25359112
0.27831867
0.22930697
0.24514446
0.26380986
0.16031915
0.10582188
0.089684755
0.09771323
0.11018729
0.10619491
0.11704409
0.142385
0.6350022
0.4801155
0.2157208
0.38346976
0.913561
1.4535244
1.1821196
0.42316064
0.6492004
0.27803615
0.4694267
0.29323336
0.27714878
0.22117054
0.24798757
0.2544728
0.14790848
0.11709586
0.11120081
0.113336086
0.11029336
0.11543107
0.13025913
0.13156307
0.279392
0.1930998
0.19294122
0.67193204
2.165147
1.4961259
0.20459104
0.24015361
0.22684634
0.20351377
0.43421516
0.13462323
0.2617614
0.16251114
0.23450574
0.21174538
0.14703304
0.1072911
0.109131545
0.098644584
0.0944359
0.10376075
0.12317124
0.10121164
1.091192
0.60672903
0.4034616
0.17150053
0.33595645
0.19062811
0.37432113
0.7199495
0.55163175
1.7276506
0.14749819
0.25968257
0.31775647
0.20943123
0.2529644
0.24081975
0.14737067
0.14926848
0.10795081
0.114313096
0.117771745
0.10860023
0.10048917
0.11922264
0.5777476
0.34669578
0.48866895
0.35827753
0.43547237
0.4463316
0.2565776
0.37820897
0.44847116
1.8196461
0.29015118
0.21222603
0.1513781
0.2337758
0.24305892
0.2430616
0.16275725
0.1468144
0.11792034
0.11208409
0.11188218
0.102078944
0.09746587
0.10745248
0.39701957
0.4716913
0.35347885
0.2582435
0.2061702
0.21126953
0.24268302
0.22100493
0.30538377
1.6432133
0.16658291
0.12025446
0.20737937
0.26292273
0.24841028
0.25169358
0.19496235
0.15351412
0.10218319
0.11178303
0.11139813
0.09542483
0.09063771
0.07421279
0.49608058
0.39773455
0.534303
0.27599987
0.070218086
0.3825118
0.1735439
0.25494924
0.54397976
2.0102649
0.51895756
0.2096101
0.2628823
0.2660662
0.24777165
0.26818794
0.17249614
0.12899047
0.12793452
0.11076203
0.110307336
0.103820145
0.08141741
0.07235879
0.9585921
0.51593304
0.58964974
0.120140016
0.038758967
0.25315836
0.27047628
0.26254523
0.52461797
1.54352
0
0.039414052
0.3493596
0.19942957
0.22607857
0.3085276
0.119300365
0.098136306
0.110566676
0.11318651
0.10661253
0.10681254
0.10384205
0.08269897
0.4923785
0.34830683
0.46324497
0.14310253
0.14091113
0.62571
0.735447
0.4822142
1.0843415
0.6988118
0.53080183
0.33548284
0.1100235
0.45075184
0.27417958
0.24861911
0.13419494
0.09830743
0.11974713
0.1153644
0.11372846
0.11217883
0.11145434
0.103172064
0.13590705
0.09740344
0.18840995
0.16995475
1.6043395
2.0620458
0.3482929
0.12414795
0.25815982
0.53505063
0.43211943
0.22296774
0.30491757
0.29247367
0.22051767
0.19451705
0.12482819
0.12875992
0.13161418
0.12301245
0.112068474
0.11717993
0.11725837
0.10821292
0.60772383
0.5289793
0.7003673
0.96429944
1.1855998
0.31789172
0.6014227
0.20453042
0.64609945
0.88733494
0.32639697
0.035647575
0.3061413
0.22934115
0.22478035
0.18489534
0.19862014
0.08064601
0.09110746
0.08658624
0.102571875
0.09667477
0.09389955
0.039288405
0.69160926
0.20759761
0.20119289
0.20517254
0.21911752
0.2967073
0.2661563
0.2022599
0.41404104
1.3937358
0.13772207
0.122091204
0.20056087
0.11018279
0.21113282
0.23236051
0.10924083
0.11201829
0.08001077
0.08413193
0.09945887
0.10191041
0.073551685
0.08597019
0.29241115
0.32112613
0.31556603
0.21131742
0.17065096
0.3590312
0.4341684
0.10811165
0.1776345
1.5193943
0.2225126
0.12057242
0.22876024
0.19572997
0.23121119
0.23522276
0.1000765
0.10644472
0.069064885
0.09502837
0.094453126
0.09071252
0.07002896
0.14079785
0.37794802
0.2848699
0.39015535
0.25801608
0.08185831
0.46158838
0.22195998
0.16802871
0.8328569
1.9476681
0.33036628
0.080724746
0.19978103
0.2231996
0.22714385
0.24042037
0.122635186
0.09570968
0.07575041
0.098183036
0.097931266
0.08975369
0.09327385
0.09918812
1.2796459
0.29272312
0.35858965
0.10303667
0.05678642
0.3432825
0.4021893
0.14872307
0.37926355
2.4257839
0.21377274
0.09478611
0.23756364
0.21993908
0.19731793
0.21247569
0.12524289
0.09879297
0.072518826
0.10206613
0.10751742
0.09085974
0.07693586
0.15647939
0.46172252
0.43378678
0.49720883
0.24731049
0.21111742
0.82220757
0.338278
0.2636551
0.8350508
0.427761
0.4240531
0.55019873
0.24433103
0.14099705
0.2145749
0.25362375
0.15144011
0.04386637
0.07114646
0.11026174
0.08957797
0.093025625
0.115279704
0.12380159
0.35358238
0.2229439
0.20532268
0.3355744
1.8457829
2.0521402
0.496434
0.19382474
0.18410763
0.20968404
0.43523934
0.14348334
0.20705822
0.13476625
0.21767154
0.3392105
0.122635275
0.112897515
0.10828483
0.06452331
0.070789605
0.07436198
0.06984648
0.16172323
1.0944589
0.22788304
0.45615587
0.22048363
0
0.67405176
0.54354286
0.7243134
0.7535365
1.3838006
0.3406412
0.30666533
0.3597408
0.33789295
0.25047016
0.22052231
0.16609839
0.13736415
0.07914531
0.1015237
0.09933549
0.093726665
0.0825277
0.1028142
0.487789
0.28498012
0.270017
0.19081739
0.27145097
0.32050437
0.22065109
0.2826449
0.5048937
1.4384335
0
0.32681525
0.37502992
0.18795803
0.31026605
0.23606446
0.21994692
0.10469204
0.108246654
0.090400904
0.10499811
0.097667694
0.09603736
0.11704746
0.5404689
0.36581182
0.39731634
0.22262254
0.11250019
0.22231653
0.23118755
0.2551452
0.2080577
1.6197265
0.28233612
0.2106708
0.21781695
0.21679053
0.22263846
0.25457975
0.19814175
0.11031759
0.063586295
0.09579286
0.09570539
0.08457106
0.07284337
0.0731768
0.459244
0.28232262
0.3573344
0.2121521
0.14064765
0.2756866
0.1531164
0.2743276
0.5226221
1.7559863
0.42016935
0.06597078
0.20655954
0.13590387
0.20879602
0.25429118
0.098315865
0.08664009
0.07175848
0.09182352
0.094617665
0.08628377
0.07186216
0.060559783
0.93928033
0.34108722
0.08879754
0.11637086
0.25606045
0.41756994
0.18957585
0.0747734
1.0125741
1.8442407
0.11441764
0.2257266
0.12784022
0.16275337
0.21696311
0.22611064
0.13363358
0.1000568
0.121034235
0.10398191
0.10037008
0.07358235
0.042258505
0.19935507
0.33332795
0.19283262
0.20346907
0.13532579
0.32377908
0.80801964
0.2545511
0.25263533
0.10282999
0.04307503
0.33308336
0.110511035
0.1931467
0.17070404
0.22311315
0.22254017
0.12902743
0.10306555
0.100907445
0.09402126
0.10035315
0.097372085
0.10205153
0.094929695
0.36710843
0.41706586
0.4887117
0.23129785
1.9751562
0.8919051
0.2713366
0.13330874
0.13428363
0.09862915
0.2124362
0.2164121
0.21093303
0.21436071
0.24083224
0.20806438
0.12537596
0.07438442
0.09319824
0.08418819
0.08127475
0.08719236
0.084543645
0.08928868
0.45469058
0.61177754
0.23729566
0.0654335
0
0.070869505
0.6211468
0.6166238
0
0.8998544
0.35440904
0.23393342
0.71644604
0.46859962
0.18366808
0.19149855
0.11367816
0.09320143
0.09105089
0.09019494
0.07920092
0.083259106
0.08885077
0.15102962
0.40472442
0.33393088
0.32954305
0.50280875
0.20964986
0.24366316
0.491764
0.17514783
0.6501458
1.0709372
0.33698043
0.22295278
0.15967432
0.14125618
0.2034117
0.20481992
0.1279478
0.09632391
0.0701994
0.08357158
0.10036048
0.0832628
0.104355484
0.09283173
0.35994604
0.1919289
0.3193867
0.15665713
0.05849454
0.44636133
0.23183507
0.30602175
0.2812486
2.1874437
0.43116212
0.23122633
0.20008531
0.13929737
0.20008937
0.24271488
0.10771197
0.10870063
0.10087457
0.09222552
0.09907892
0.084258646
0.069805115
0.10054189
0.4872092
0.32916057
0.40603548
0.21469122
0.1038557
0.24917966
0.059743408
0.2522649
0.37747303
1.5401233
0.21430364
0.14557603
0.22084513
0.18693122
0.24309155
0.21946076
0.15110692
0.13231811
0.08441934
0.09220159
0.08925173
0.116926104
0.09488478
0.06294817
0.79013455
0.28075522
0.389375
0.56809855
0.09724906
0.06796813
0.18231097
0.27196097
0.3540645
2.170236
0.64514345
0.14814252
0.17247725
0.1692082
0.22675279
0.1931459
0.14912003
0.100738466
0.07081562
0.06960043
0.09282017
0.092318654
0.06452325
0.2623479
0.19343686
0.9797
0.62839997
0.17113519
0.040067468
0.7001582
0.4648574
0.15543562
0.46696448
0.42587852
0.3152328
0.17658043
0.15392584
0.14324611
0.20742139
0.1897755
0.13275346
0.04536474
0.07410917
0.10822579
0.090222925
0.07657939
0.09083772
0.061508004
0.22783768
0.14550069
0.17806774
0.6295556
1.6639148
1.0627439
0.25716862
0.029458407
0.13737062
0.1300391
0.36886105
0.3029579
0.16952854
0.25613934
0.23885003
0.2103695
0.066263944
0.090301245
0.08920869
0.083860874
0.072454035
0.08053252
0.07996097
0.07201293
0.72134155
0.36554754
0.55875003
0.14445105
0.1706765
0.20961517
0.117291
0.5807379
0.19377276
1.5953665
0.23795742
0.26723662
0.2988254
0.14997295
0.21466511
0.19954371
0.13999614
0.070963085
0.10856968
0.08251831
0.098989844
0.08146301
0.08662245
0.09686956
0.63046473
0.29497874
0.3429575
0.3109223
0.30696467
0.32722333
0.28095713
0.4117642
0.5451316
1.6284897
0.26562494
0.23858085
0.19664663
0.14472464
0.24041861
0.21501338
0.1387816
0.1019443
0.09294391
0.08304846
0.094605
0.09436843
0.09792581
0.1404126
0.3043062
0.21439844
0.4011373
0.21582702
0.1025798
0.33063522
0.0831193
0.006124172
0.34180483
1.7423562
0.28528723
0.13113818
0.21124166
0.16688144
0.20879084
0.21343902
0.13669714
0.118450075
0.060597245
0.096716285
0.09383798
0.07444188
0.062455717
0.06997961
0.42642337
0.61175716
0.43839976
0.17510802
0.073557645
0.30898878
0.08798173
0.03721196
0.51690847
1.9756715
0.18995327
0.19613436
0.19003674
0.18539533
0.23230845
0.23968169
0.123318106
0.1123912
0.078761786
0.099031955
0.09217811
0.09181517
0.074732035
0.06636697
0.6118368
0.75112647
0.21398678
0.17352536
0.16527545
0.14422822
0.065304965
0.4387636
0.5892023
2.2666576
0.10639724
0.20801029
0.1720064
0.14199254
0.19596112
0.1912534
0.122929215
0.0994806
0.08820304
0.10466725
0.07945153
0.088565916
0.09163356
0.04453278
0.7204261
0.38248432
0.26892656
0.03639773
0.25822502
0.7999148
0.27774394
0.2626742
0.14237264
0.40091938
0.32602108
0.077426404
0.16290033
0.2675233
0.2161923
0.1905778
0.15018785
0.07850164
0.106051624
0.108947754
0.09496069
0.100200385
0.10590628
0.09548059
0.28933296
0.39784214
0.2645468
0.577943
1.8377641
1.5981977
0.3468874
0.1787898
0.239541
0.035326276
0.22362506
0.23658642
0.22216973
0.22326103
0.232779
0.2172615
0.07550156
0.07864523
0.10695097
0.09796384
0.09371263
0.1026054
0.0904969
0.08407092
0.20018017
0.386495
0.5726936
0.1551179
0
0.27376842
0.2574279
0.4461129
0.60049844
1.5357821
0.28187752
0.22769126
0.2928374
0.17407182
0.23763171
0.21717411
0.12732074
0.091730535
0.086631596
0.092191935
0.101377994
0.09576255
0.099405795
0.116390556
0.26766142
0.24210131
0.31953588
0.25574014
0.20060223
0.3699965
0.2206625
0.24400806
0.6666565
1.8253268
0.27640805
0.18820778
0.11446649
0.16846132
0.1959126
0.18910816
0.12571731
0.1026746
0.061470572
0.09316808
0.089515656
0.090919584
0.073895425
0.07514173
0.40464166
0.25717512
0.33222485
0.2404696
0.14119613
0.3306255
0.13682815
0.32692146
0.13063863
1.6509029
0.3078676
0.22184512
0.19505927
0.16530213
0.19986406
0.23321632
0.13829955
0.10238379
0.07019517
0.09085649
0.09190336
0.08687109
0.07565597
0.06979957
0.5497241
0.39670244
0.3368324
0.18607023
0.099479675
0.21366942
0.2034407
0.14055973
0.49326444
1.880393
0.2028422
0.20739609
0.26106447
0.23130643
0.22382808
0.26936948
0.123080224
0.10825807
0.08502838
0.09765789
0.095265895
0.11463916
0.08561453
0.052073155
0.45746782
0.433645
0.219369
0.19766894
0.093423545
0.2238208
0.00356001
0.31005883
0.42845654
1.1664999
0.52606636
0.19964203
0.3630621
0.16200918
0.18522528
0.14638612
0.12193504
0.10384014
0.105072945
0.115418494
0.09912363
0.10364756
0.09233713
0.059648577
0.32778776
0.41678935
0.35995135
0.116582274
0.21037161
0.9765192
1.3898537
0.036518637
0.094807714
0.1874187
0.4028689
0.15462118
0.15878224
0.21402809
0.20957315
0.18205991
0.14365232
0.085262775
0.09614831
0.1099579
0.106850356
0.1064001
0.11264944
0.07351795
0.34585813
0.13978478
0.40807495
0.40390015
2.0189893
1.3151801
0.15729383
0.07134333
0.11066607
0.11377719
0.39919496
0.21345568
0.23392498
0.16470209
0.19914544
0.18674552
0.12907192
0.1167213
0.084530205
0.1024805
0.09867489
0.096983105
0.099408925
0.08113983
0.92569673
0.18915331
0.4069033
0.13864434
0.059514675
0.3794836
0.16702661
0.4178555
0.6504853
1.3139068
0.24725434
0.22821006
0.31974912
0.16237038
0.23618558
0.24401855
0.13907918
0.14023745
0.12687251
0.1189622
0.1131663
0.12510616
0.13790163
0.12999201
0.298916
0.2819459
0.4217035
0.28630137
0.24051541
0.21347496
0.26314214
0.25189808
0.52304184
1.0156052
0.24628535
0.29227462
0.119194716
0.18365163
0.31330985
0.2647213
0.17440283
0.114418715
0.101338804
0.10067943
0.11484811
0.10692611
0.10581249
0.15370867
0.59149057
0.5426321
0.467593
0.37265655
0.26421994
0.38644645
0.38974914
0.48133427
0.36751726
1.5604208
0.2099351
0.19844836
0.22854736
0.21090621
0.23189199
0.23973376
0.20040572
0.10947791
0.08603656
0.108542204
0.107948065
0.093890905
0.09783399
0.08177453
0.39121684
0.37501967
0.38430658
0.21276754
0.2744615
0.6568435
0.4255259
0.3159274
0.36318338
1.6417003
0.40267855
0.15482855
0.23705587
0.19996446
0.28313202
0.26076564
0.16917309
0.1190635
0.11482027
0.10994831
0.13823399
0.11388281
0.10712308
0.09780961
0.35875005
0.37488577
0.20572066
0.12151685
0.24457517
0.11880341
0.41438892
0.35691664
0.67976165
1.7522848
0.3016968
0.116646916
0.17358941
0.25339067
0.22793904
0.22762734
0.13221785
0.13284552
0.13819247
0.1248042
0.12774149
0.11694291
0.10463968
0.12840942
0.69561386
0.28866887
0.43545195
0.5925046
0.35324323
0.64316595
0.8270398
0.24543622
0.20302397
0.30756056
0.52757543
0.23133427
0.15799055
0.18051645
0.28059536
0.2179639
0.16243246
0.12231761
0.11150995
0.12909031
0.112178326
0.112618834
0.12641811
0.10835919
0.57104754
0.33337665
0.31534478
0.22289416
2.1033087
1.581377
0.2947642
0.28806013
0.22120088
0.22733304
0.33796027
0.18125042
0.23545069
0.2928822
0.3622076
0.3301787
0.1222471
0.1423091
0.08902779
0.118315846
0.110583246
0.11264813
0.11685988
0.08390415
0.23853928
0.120800346
0.28027356
0.26401004
0.09885773
0.18514231
0.24867588
0.82737184
0.37590343
1.5040983
1.2044395
0.29258317
0.26869193
0.25142586
0.28026068
0.29562885
0.17502686
0.10194951
0.11594823
0.11293918
0.11680141
0.10638633
0.10765344
0.09895131
0.30720845
0.2775109
0.25987393
0.30498433
0.5239714
0.2893737
0.510188
0.32920367
0.4937106
1.6131618
0.3041651
0.17434242
0.16072187
0.2382766
0.30403355
0.27606764
0.13968286
0.101201326
0.0678612
0.105991274
0.106745064
0.1042023
0.097284615
0.08323264
0.6678716
0.5717837
0.36111876
0.17848077
0.22797945
0.27751708
0.26144856
0.88518673
0.5292392
1.6061176
0.38992748
0.16048965
0.25302532
0.30544367
0.24376145
0.30319557
0.14913166
0.104474366
0.07802382
0.100201756
0.10698596
0.09491539
0.108741045
0.07587752
0.9006521
0.4604853
0.5830866
0.31725648
0.19657591
0.24202111
0.20454147
0.25745568
0.6258011
1.8370056
0.26386753
0.28533462
0.17228493
0.29387254
0.2604794
0.293888
0.15307757
0.09768486
0.09827408
0.111720145
0.10882357
0.115389615
0.11899695
0.09495747
1.3969859
0.6504428
0.2574015
0.2660331
0.1274125
0.21009845
0.32861543
0.2581103
1.4617059
1.5118334
0.4851275
0.23915958
0.24980456
0.17189428
0.25343567
0.31309596
0.17972332
0.11346236
0.104940325
0.122110784
0.116374284
0.103459984
0.10632861
0.1421583
0.23405832
0.3389303
0.70055825
0.24268025
0.22422227
1.357251
0.35592756
0.02452821
0.059907857
0.16257948
0.47774366
0.08646372
0.41335014
0.41776848
0.30910853
0.2999151
0.20800063
0.10589835
0.07981825
0.11457905
0.1182563
0.122734666
0.11314064
0.09192175
0.36934316
0.55912876
0.4129712
0.12958035
2.2600434
1.4740691
0.5402836
0.4186706
0.1823979
0.116837114
0.30273846
0.28295624
0.13790405
0.2130881
0.33926183
0.28007036
0.13896605
0.13143024
0.103387475
0.1098634
0.10261136
0.11370629
0.1148535
0.093051225
0.7514923
0.24655217
0.30526257
0.26839197
0.045670185
0.2696809
0.19549209
0.6469143
0.6241401
1.550275
0.1603547
0.16041052
0.2495583
0.2651971
0.28203747
0.29180086
0.12745139
0.11237419
0.11790851
0.100901335
0.118994266
0.10808146
0.110275775
0.116764635
0.47750226
0.19930634
0.37093404
0.33445632
0.3261127
0.2262463
0.48616296
0.4515273
0.40441388
1.5490438
0.20674014
0.17621487
0.20241621
0.25987187
0.3036996
0.2819957
0.15648323
0.12442234
0.1179727
0.10228506
0.11069149
0.11516571
0.11564824
0.112558335
0.4797005
0.3599771
0.5212276
0.3414064
0.17821613
0.34192336
0.24578702
0.13381454
0.4053022
1.6330456
0.45693454
0.2647519
0.22742233
0.29180267
0.28939214
0.2859263
0.21106288
0.118052006
0.09995392
0.097794145
0.10783869
0.10301989
0.1048021
0.10885069
0.50242656
0.2271333
0.594288
0.33561903
0.16673055
0.26792338
0.20075557
0.3110965
1.1053126
1.8094034
0.2675935
0.22202185
0.23234016
0.27679425
0.30523828
0.28208756
0.16758978
0.12719998
0.100759715
0.12148449
0.1205405
0.11455774
0.108082265
0.13717526
0.7037813
0.6685055
0.30489963
0.28498936
0.14651334
0.29572773
0.25683042
0.4655343
1.4168484
1.4353307
0.21126595
0.37443927
0.259175
0.28865507
0.25142908
0.27928302
0.15851629
0.10616127
0.12981793
0.12689301
0.12528667
0.10877827
0.11326039
0.13548914
1.4609481
0.7461294
0.9501228
0.31316474
0.24703893
0.28263232
1.1426152
0.17142439
0.22447681
0.038950417
0.3780173
0.22709033
0.2351675
0.29326558
0.3182415
0.29778144
0.2114965
0.11350918
0.112769336
0.11011103
0.117262006
0.122971684
0.11749792
0.11585611
0.47542349
0.49033296
0.33603328
0.31390965
2.0415394
1.8491406
0.32937956
0.24609506
0.1489917
0.21891657
0.4352107
0.20826301
0.26439145
0.26382318
0.32302004
0.27334812
0.16688427
0.14060023
0.11304003
0.124218404
0.109772444
0.11796832
0.11743328
0.10506871
1.2049762
0.3828831
0.37341362
0.26117098
0.13570297
0.82965773
0.19969335
0.7338307
0.63320106
1.4141032
0.177178
0.32185224
0.3402193
0.290551
0.31587458
0.2688244
0.19645527
0.100645185
0.09093174
0.108388275
0.11135283
0.103039235
0.09984434
0.07314816
0.24899054
0.21663716
0.30469438
0.36280292
0.4928646
0.32458714
0.46475178
0.43401828
0.4519245
1.7211125
0.34970802
0.168473
0.45774913
0.21700573
0.3193858
0.29745913
0.13298425
0.09008291
0.111335516
0.09635791
0.10059953
0.0974195
0.10122016
0.08564666
0.34360936
0.3457564
0.29805648
0.33666858
0.16207191
0.22493014
0.10782838
0.2665268
0.14169234
1.602343
0.5203847
0.3145571
0.24893603
0.31027398
0.27888912
0.2611315
0.1954236
0.11799958
0.08965817
0.10449746
0.0977439
0.0921582
0.090349734
0.07053304
0.91287327
0.36291096
0.6888987
0.16872421
0.15628517
0.22926974
0.20595282
0.28304043
0.7658904
2.2907345
0.24465644
0.23098937
0.26705223
0.28632864
0.27107587
0.32524148
0.16469976
0.11942926
0.090569526
0.10778424
0.099493116
0.11082804
0.11395392
0.100024074
0.7677874
0.5901101
0.36656415
0.14771071
0.06846595
0.12636226
0.27776116
0.39568636
0.28523734
1.8441613
0.42473936
0.22662976
0.27254277
0.2374793
0.26822758
0.27546304
0.15600345
0.09579787
0.10128981
0.10543159
0.11152768
0.11224985
0.111025006
0.10483003
0.45499578
0.45116517
0.49283642
0.25383618
0.29278705
0.8083144
0.7057824
0.26298112
0.2939741
0.8129224
0.06711596
0.24502876
0.32003376
0.24150062
0.28161672
0.27461514
0.17907923
0.07829073
0.09167251
0.12995666
0.109623015
0.10880321
0.11909875
0.091961235
0.22992721
0.14886796
0.22586963
0.5151282
1.6775453
1.3594835
0.33530268
0.26507655
0.19806156
0.09040579
0.19714838
0.10000205
0.2920203
0.29265013
0.31939548
0.28211212
0.13246325
0.1213299
0.1057331
0.11596444
0.11235586
0.10831413
0.09713602
0.067596704
0.43461612
0.5018011
0.2335411
0.28321686
0.07250428
0.18022579
0.24487996
0.5452937
0.56503683
1.1960037
0.81161773
0.45099452
0.37971961
0.31515133
0.310207
0.3210525
0.16723186
0.10580501
0.12144509
0.09907338
0.11488193
0.1167492
0.12348497
0.105727285
0.34047166
0.26145366
0.531096
0.2647176
0.23951635
0.18049565
0.8044853
0.15118825
0.36624208
0.70476687
0.78586423
0.33776578
0.2091634
0.20239782
0.23036695
0.24220964
0.14439777
0.098870695
0.074726224
0.099616915
0.09839904
0.09909207
0.112317055
0.10115036
0.42853138
0.63359606
0.6068263
0.186122
0.18973735
0.31988654
0.09312889
0.49897933
0.3786223
1.8229856
0.36300126
0.29009643
0.33935016
0.31219032
0.29598257
0.27217758
0.18991837
0.116637826
0.07862887
0.10535446
0.10122669
0.09842676
0.09195346
0.08921525
0.58543086
0.44884035
0.5774826
0.21433824
0.13984549
0.25352553
0.18354774
0.29683408
0.5327751
2.1240137
0.2709271
0.2808006
0.3121693
0.3537563
0.30554402
0.29361406
0.16436446
0.114403814
0.09036347
0.1013684
0.100387245
0.11341262
0.108977914
0.09928903
1.2929884
0.593207
0.376601
0.12882441
0.0714345
0.29043773
0.5093487
0.38759175
1.0867279
1.3072094
0.16917032
0.22677764
0.33208954
0.27517685
0.25522354
0.32121032
0.18315804
0.10890624
0.0760999
0.12359598
0.11569551
0.109220535
0.093835354
0.19423452
0.55099595
0.5540974
0.6607829
0.33389366
0.26094887
0.37207943
0.5669908
0.13374647
0.30928388
0.08952767
0.3822421
0.4478089
0.2527126
0.29168308
0.31507528
0.304971
0.22203624
0.1034154
0.08761972
0.107768685
0.10228056
0.11454755
0.09900302
0.08761996
0.48992
0.20009527
0.4486969
0.2623874
1.775679
1.9015976
0.21893749
0.2565172
0.26575908
0.20017058
0.44702083
0
0.27075073
0.30563518
0.36007553
0.34373516
0.09469581
0.09924212
0.10981619
0.11017376
0.09108034
0.10208142
0.10599229
0.11521047
0.33280635
0.23600826
0.27896917
0.37370744
0.23345202
0.22310734
0.24680364
0.82221717
0.37858266
1.330874
0.32226738
0.22676784
0.34853274
0.30210695
0.2986973
0.30137444
0.0937804
0.12586904
0.10879958
0.10882023
0.11386129
0.11472058
0.081389576
0.11304262
0.52423733
0.10405201
0.34380662
0.42572474
0.27887306
0.29233366
0.19236237
0.38182014
0.43222812
1.7978652
0.23591563
0.21719489
0.39517605
0.3246189
0.32378665
0.30372587
0.19888464
0.11708903
0.1169813
0.09690204
0.1133419
0.11791074
0.10436058
0.117244035
0.46605465
0.44776163
0.22338668
0.27287903
0.17286977
0.28285626
0.12984136
0.19331807
0.1907424
2.0190551
0.33759478
0.2577127
0.34111705
0.3113978
0.311137
0.2829347
0.23849413
0.13439798
0.07960814
0.10767847
0.102300406
0.103316456
0.09942883
0.116785556
0.5853765
0.35343263
0.5775242
0.22625205
0.10948694
0.2495136
0.06715894
0.15881619
0.64638793
2.1579933
0.22397572
0.2586836
0.35078704
0.3065825
0.32441533
0.316797
0.19156581
0.11989778
0.08125964
0.10427666
0.1018945
0.106450915
0.10740036
0.10753682
1.1206278
0.5292094
0.455574
0.29084474
0.28871098
0
0.23597825
0.34803405
0.63841605
2.0025759
0.28590965
0.30692825
0.33002123
0.25854582
0.3070115
0.3000448
0.172968
0.11676353
0.097730964
0.11663753
0.11507839
0.106799245
0.10852599
0.12305164
1.2168155
0.45660698
0.6456073
0.34426874
0.2497392
0.57503694
1.2859586
0.8583647
0.24373215
0.019171897
0.26983806
0.269525
0.33063734
0.3009806
0.32836246
0.31227112
0.21291193
0.11372411
0.10498342
0.09882474
0.10426888
0.11086592
0.11085844
0.10268092
0.58645946
0.34380436
0.32400477
0.45121518
1.6696206
1.80868
0.9604939
0.16119888
0.12786633
0.19014588
0.26492065
0.3196172
0.14589703
0.2531325
0.44166523
0.35604462
0.30933702
0.1449976
0.11259499
0.10400453
0.09869066
0.093518496
0.09071231
0.08669463
0.11248246
1.4394324
0.37082052
0.46548536
0.14683667
0.27319652
0.21295154
0.2984177
0.67664635
1.1090399
2.1187317
0.21940309
0.38918188
0.3783679
0.3170392
0.32804877
0.23491448
0.13359126
0.11580682
0.10464534
0.110785306
0.110057384
0.105836034
0.13005424
0.07500374
0.5546871
0.44395575
0.522615
0.3844781
0.29848608
0.46469486
0.25076672
0.2354728
0.068220794
1.5527005
0.2815145
0.3921867
0.3389486
0.32959905
0.35591245
0.22465464
0.14521003
0.10731435
0.11122313
0.098861605
0.09705421
0.10327953
0.10626289
0.018540088
0.4476956
0.28430986
0.39279905
0.22181559
0.08101767
0.43114418
0.3537033
0.17532167
0.24373406
1.520314
0.5198873
0.36531815
0.3059965
0.326765
0.33225584
0.29899475
0.14939675
0.11083758
0.09611568
0.1012986
0.09967241
0.0903056
0.10869154
0.065103054
0.6520698
0.46049634
0.48043156
0.37090653
0
0.24943471
0.24815974
0.24159223
0.5236643
2.257583
0.43919474
0.36739364
0.41824093
0.3453359
0.35846373
0.2821189
0.15443128
0.108389586
0.10138336
0.10550648
0.10104784
0.10370171
0.09091684
0.06947628
0.84097034
0.22504944
0.10660213
0.19509983
0.2633479
0.36153618
0.48218542
0.3354737
1.5561018
2.3212388
0.49313152
0.24063718
0.48570862
0.33174434
0.34022328
0.30777925
0.15279126
0.10296333
0.10775539
0.109045684
0.10473755
0.104234874
0.09095529
0.24834427
1.6704736
0.67811227
0.6397165
0.020746473
0.24155486
1.3923934
0.9509054
0
0.36094168
0.7419495
0.34104726
0.4428549
0.3851307
0.38015905
0.37529886
0.28909785
0.14501902
0.114592195
0.10052413
0.12293771
0.1063036
0.09804535
0.09642199
0.08621508
0.3917573
0.35895616
0.03947607
0.12832493
1.7040014
1.4753803
0.21535388
0.33598575
0.17145705
0.18721804
0.4206037
0.2276251
0.3439953
0.29171354
0.37928978
0.29085135
0.14951882
0.0786123
0.110782444
0.103824794
0.10152385
0.09608048
0.07456088
0.13407132
1.4367329
0.42305997
0.5339746
0.24463749
0.2786713
0.2083531
0.40636906
1.0103455
0.90647084
1.6357774
0.3960064
0.36719954
0.34775764
0.390526
0.41149628
0.28552905
0.12972176
0.084620714
0.09858742
0.100278825
0.0984897
0.08440027
0.08314997
0.07291493
0.3242388
0.35436404
0.4896004
0.36971882
0.28490502
0.43608862
0.32340777
0.4319935
0.32344115
1.8703485
0.38569954
0.3882587
0.36310297
0.3281512
0.35509786
0.29836854
0.13774344
0.09297779
0.093612134
0.09590286
0.09113771
0.094940186
0.09514099
0.04224578
0.5972244
0.16484219
0.142816
0.065788895
0.12004697
0.14424828
0.37541884
0.17246291
0.30141777
1.4525585
0.20114353
0.29506582
0.36412716
0.3978578
0.28769216
0.24046764
0.15542182
0.110212594
0.082671195
0.09933737
0.08591333
0.09911358
0.0981293
0.26970685
0.7403429
0.3704948
0.5106727
0.31706592
0
0.2896338
0.17968282
0.08941677
0.43571863
2.2909138
0.35098463
0.37397027
0.40476912
0.35157385
0.37479466
0.2528315
0.17446181
0.09828743
0.084937215
0.09382829
0.0917227
0.10113588
0.10009119
0.10786924
1.1207068
0.31088105
0.20589146
0.307408
0.12185478
0.26300293
0.016794298
0.64603716
1.4404794
1.269571
0.7995033
0.09746036
0.33950844
0.33768943
0.29293048
0.27569845
0.13158837
0.09304744
0.07521066
0.0946165
0.09012857
0.110627234
0.11802882
0.09417206
0.60730666
0.5532733
0.4990801
0.015991632
0.17784274
0.5339287
0.62714726
0.22979555
0.5773104
0.39521262
0.77532893
0.1970186
0.36077568
0.38364694
0.3013122
0.24433991
0.14680424
0.15395999
0.09340218
0.09778637
0.07548496
0.078899354
0.0535149
0.0883542
0.6979135
0.23980913
0.24210677
1.706437
1.8865117
1.811505
0.42098364
0.20447639
0.18030357
0.23191366
0.61779755
0.29679388
0.39668164
0.28847674
0.33105677
0.2665973
0.1430794
0.11550975
0.10506305
0.103324145
0.09411511
0.105027854
0.080438435
0.13149443
1.3327191
0.435878
0.46947375
0.0092704035
0.08285129
0.4053416
0.30283108
0.6744262
0.8801534
1.4820222
0.38557035
0.3335281
0.39806107
0.30488443
0.29118767
0.25465733
0.15461957
0.12422955
0.09196684
0.09014055
0.090830445
0.08460277
0.102187276
0.06349796
0.39979357
0.36975715
0.26893842
0.19201475
0.16679221
0.36703703
0.28476718
0.2942436
0.1538069
1.8673
0.09280658
0.4441868
0.29662105
0.33481178
0.31608304
0.29402623
0.13088131
0.108243585
0.09216431
0.07848239
0.07281196
0.09487736
0.09331313
0
0.7825136
0.2825855
0.13037354
0.15143394
0.06363267
0.285815
0.1484145
0
0.10320854
1.5962064
0.33533671
0.3598114
0.33595166
0.3571285
0.32494083
0.25619933
0.13756445
0.09330869
0.08364612
0.07765058
0.07122198
0.073770225
0.075760454
0.08619952
0.9092007
0.41254324
0.36249202
0.3096218
0
0.20612302
0.16471657
0.15942866
0.34284523
1.2529352
0.49265537
0.36556804
0.5778983
0.32782483
0.34448278
0.2832367
0.15282318
0.0891653
0.100979924
0.09125185
0.092332095
0.0717507
0.08277619
0.08867234
1.0500207
0.35715505
0.34251195
0.1170516
0
0.29609337
0.15251929
0.20391265
0.870824
1.8779278
0.114997685
0.37581268
0.48733476
0.3164323
0.3489015
0.24919623
0.16097414
0.10951018
0.075086325
0.102187574
0.063797355
0.10134527
0.060588364
0.0941259
0.73941994
0.113592446
0.12508914
0.15586239
0.1069397
0.6055969
0.8295651
0.120076925
0.088088155
0.1867032
0.47993287
0.13612771
0.36025795
0.31350142
0.26877484
0.29294175
0.1612297
0.0875428
0.07261735
0.093202084
0.086521894
0.07517016
0.07207969
0.29088646
0.27097836
0.18538812
0.3602869
0.7354142
1.4187003
1.5295475
0.29340264
0.10649258
0.18329734
0.256563
0.6397802
0.3363625
0.34934616
0.33954313
0.37181768
0.29645756
0.20099783
0.10249162
0.08232811
0.0800747
0.07562798
0.08589634
0.07022759
0.02072138
1.2505006
0.35345086
0.4403269
0.3011372
0.24306151
0.315194
0.31713763
0.838461
1.1855004
1.694185
0.52835417
0.38236907
0.4230862
0.3370705
0.36523128
0.31102183
0.14289299
0.11643368
0.08039597
0.09065968
0.09341228
0.09707704
0.09809819
0.06197289
0.51562697
0.2922235
0.51511943
0.22368202
0.20138708
0.58870006
0.20492572
0.43582717
0.42432603
1.7120429
0.31795192
0.3920645
0.34895378
0.28621218
0.33413097
0.27241203
0.12814942
0.09602669
0.09769955
0.0986999
0.07934612
0.090218365
0.07289079
0.07638949
0.35211602
0.1402714
0.2078673
0
0.079963446
0.25727952
0.5263326
0.2326447
0.09617901
1.4855934
0.54718107
0.33018425
0.37216258
0.38226458
0.299872
0.23320812
0.14720854
0.10781273
0.08896217
0.101079315
0.09780839
0.09842464
0.072438985
0.49402028
0.9688984
0.5365042
0.39116085
0.13443738
0
0.3104811
0.16293812
0.14423984
0.6095362
1.4438602
0.37026462
0.3527702
0.42179984
0.36969107
0.35902297
0.28030083
0.13643765
0.09339213
0.09792647
0.0957323
0.08818871
0.08918738
0.0728215
0.055911753
1.6953188
0.6121791
0.49027064
0.26086757
0
0.21314764
0.23970366
0.25508177
0.36353034
1.8068515
0.44618815
0.39147747
0.402164
0.32219592
0.33274928
0.3247726
0.15218097
0.12083924
0.091180086
0.091863304
0.089535445
0.10368848
0.07502562
0.078728914
0.72961175
0.2618142
0.13495308
0.17089984
0.28231293
1.3634492
0.46422625
0.15834948
0.0128890015
0.17496943
0.38811973
0.21965748
0.4201487
0.34475207
0.3690117
0.33225343
0.15535042
0.10998902
0.09946215
0.08263224
0.08409253
0.08289978
0.09906685
0.10311359
0.29325846
0.48663664
0.44554862
0.12302518
2.216392
2.0386767
0.2176741
0.054694388
0.13917893
0.10362849
0.5343917
0.3900287
0.27421424
0.34562758
0.37808144
0.2876052
0.13297203
0.10289621
0.098062634
0.09520811
0.07898137
0.08560938
0.063658714
0.0562681
0.82208776
0.46133456
0.5838708
0.10808045
0.4045774
0.24030805
0.7770603
0.28676525
0.72811323
1.0215257
0.45506477
0.42961445
0.4226412
0.326476
0.3202789
0.25795195
0.1626657
0.104412705
0.08392894
0.09996942
0.077795744
0.076188475
0.06874201
0.048202697
0.25773725
0.5053127
0.23279244
0.1791605
0.273541
0.28164187
0.27627477
0.40596503
0.1948272
1.908851
0.43351102
0.4078217
0.3542142
0.29341158
0.34094283
0.28850603
0.14301178
0.090726554
0.100755274
0.094026655
0.080278695
0.09509009
0.0769206
0.082309216
0.62268025
0.43875
0.1115652
0.15199819
0.05810294
0.29975536
0.14162233
0.029009167
0.12073496
1.6231966
0.5160548
0.36476755
0.3678709
0.36487088
0.31621695
0.2519756
0.15087795
0.119614005
0.09468514
0.081498474
0.08126217
0.08592099
0.072243065
0.04405496
0.5885669
0.33446738
0.47605035
0.3870299
0.10885927
0.26926863
0.26630744
0.14062947
0.74188673
2.1746514
0.29370204
0.35850662
0.39399496
0.35326737
0.3438897
0.3130753
0.1388804
0.112016976
0.09033853
0.08911455
0.08195761
0.08570692
0.06990492
0.060015593
1.2183301
0.61443615
0.8464012
