1.0059673
0.6211646
0.6701344
0.6971238
1.8936539
1.9520334
1.3736737
1.1687123
1.3832902
0.7908564
0.5511555
0.47129914
0.5047193
0.50133234
0.47112975
0.3965882
0.5307117
0.5654187
0.5290765
0.72858447
1.3087692
0.6955371
1.6851628
0.6235113
0.911058
1.3360553
0.6408607
1.2659851
1.0256249
2.4275634
0.85985816
0.7278999
0.57916015
0.81942075
0.5582226
0.429446
0.40222692
0.3486244
0.36225712
0.37147072
0.36534467
0.84556043
0.9065775
0.8153069
1.1522161
0.7540704
0.56045187
0.45349798
0.44783673
0.43742102
0.54454845
1.1353757
1.4859161
1.3832916
1.2997326
1.6325858
0.9376815
0.7314194
0.55259013
0.46548718
0.43221214
0.4121209
0.39059463
0.3652032
0.42275235
0.45013452
0.4921189
0.8655057
0.5363581
0.6623798
0.6446806
0.6339169
0.48186412
0.7048744
0.6992108
0.5194686
1.4719208
0.52771765
1.8961073
1.2659912
0.64057595
0.52357495
0.47207433
0.43649614
0.40500382
0.3797894
0.36056104
0.30313572
0.3100713
0.5378391
0.5446356
0.5360696
1.0347977
0.76473665
1.0643878
1.7005154
1.264191
1.033855
1.3841981
1.1504743
1.2102606
1.5648961
1.7582481
1.7603558
0.9632719
0.84384066
0.69367576
0.47635055
0.36795014
0.3676412
0.36676273
0.3376882
0.8614779
0.83963084
1.2984066
0.9988901
0.6340454
0.6112983
0.72630316
1.0021055
2.1041446
1.0762069
0.77789515
1.0389012
0.68472224
0.9829969
1.390925
1.2087882
0.69051033
0.5186573
0.4723214
0.34840986
0.35729063
0.36002013
0.37243074
0.4019121
0.5131231
0.58793455
0.4474471
0.43741724
0.41531774
0.6019031
0.45500916
0.4084455
0.42580444
0.3883231
0.36163834
0.638092
0.6874676
0.8445292
0.4413577
0.39115575
0.78192246
0.70109355
0.42520702
0.35407147
0.32510558
0.32392442
0.40478802
0.34368026
0.47899178
0.52888346
0.45649227
0.431542
0.47758573
0.34387505
0.6277449
0.62518334
0.426195
0.6711889
0.71377826
0.6423216
1.1710886
1.0407255
0.5967089
0.45107937
0.5400493
0.72071105
0.46409366
0.37675887
0.35788935
0.36035275
0.36323878
0.35792768
0.49293676
0.48632315
1.0905572
0.76045626
0.5439649
0.56430304
0.4999829
0.8559021
0.810032
0.47283867
0.42431128
0.5441877
1.1005565
0.6255069
0.7501907
0.73749226
0.66734284
0.5320662
0.40132013
0.3718554
0.34489727
0.3441633
0.38111395
0.39313486
0.41184172
0.55378413
0.5015896
0.51346034
0.45932943
0.43953666
0.49664935
0.44247618
0.45666784
0.5622708
0.5758094
0.65311944
0.5201357
1.1920803
0.6292616
0.54004353
0.64335245
0.5182013
0.3757586
0.3499606
0.34598944
0.3509741
0.3851344
0.35007867
0.3473451
0.39702815
0.4829648
0.4669602
0.65824926
0.5843256
1.0280372
1.0390995
0.97391224
0.9295219
1.1664885
1.3091468
1.3267195
1.1639686
0.901368
1.0830035
0.58649623
0.46161732
0.41478643
0.3911724
0.3616831
0.35360676
0.38663656
0.37373507
0.36151198
0.48960853
0.5657273
1.2911929
0.9479225
1.1538228
0.9536652
1.1757975
0.93817073
1.212523
1.1117171
0.83064085
1.4492941
1.5059844
1.5890418
1.398932
0.7154972
0.5555562
0.46693707
0.38529697
0.32378852
0.3375968
0.3693972
0.30873853
0.52148056
0.72018826
1.0857764
0.8686224
0.6184489
0.61171985
1.4464393
1.4097415
0.7857281
0.555759
0.47772017
0.55558866
0.57372546
1.210778
0.4823885
0.43988156
0.6364143
0.68769026
0.58457756
0.40220526
0.34740376
0.3442593
0.32887307
0.300246
0.6473816
0.5946072
0.4280683
1.0505233
0.6308626
1.391285
0.7579095
1.4266863
1.2883977
0.7765345
0.5801129
0.75666684
1.0896201
0.8679774
0.51862735
0.8683785
0.7388139
0.6093472
0.36164996
0.3617193
0.28220484
0.31557074
0.39178103
0.5343152
0.6490125
0.6594875
0.5110381
0.50433934
0.5130502
0.4796145
0.55727965
0.4430239
0.47718397
0.54771626
0.598075
0.6386035
0.7085512
0.68992215
0.83196026
0.90033644
0.618069
0.6779987
0.4110501
0.36485887
0.29645616
0.33635226
0.39156473
0.4403156
0.5031516
0.66227347
0.9256695
0.9129182
0.7792067
0.8442416
0.94061387
1.2129968
1.0763133
0.7987926
0.90968215
0.7042901
1.2118043
1.0518234
1.2743343
1.0674158
0.66912997
0.5172867
0.5484583
0.5559737
0.51112026
0.4255565
0.48477444
0.548429
0.76615983
0.7675967
0.7284777
0.8554284
0.8304516
0.64611006
0.8025375
1.009525
0.7606689
0.6899961
0.73151743
0.9346336
0.7404902
0.5942197
0.6770886
0.89111406
0.56576294
0.43280345
0.41500118
0.58924747
0.6987571
0.4236016
0.45435306
0.46509144
0.48805606
0.578635
0.7360864
1.0285968
0.6529894
1.0132009
1.1173472
0.85466844
0.96996915
0.88812166
0.8948491
0.97810745
1.2203299
0.79791313
0.57402736
0.536784
0.5118476
0.46130788
0.3800436
0.6862707
0.44376662
0.3667295
0.4404824
0.45752883
0.49606472
0.66304994
0.7338586
0.7073624
0.8341428
0.86401343
0.73809934
0.8467258
0.71671057
0.69050336
0.63743776
0.85009927
0.939421
1.7472116
1.6420621
1.0782095
0.73813576
0.8162012
0.5342549
0.4072893
0.3104161
0.33415526
0.413506
0.4416675
0.6362533
0.9269263
0.74083936
0.5825194
0.79245543
0.78551805
1.0245969
0.7837598
0.55647993
0.56110775
0.5521949
0.5347737
0.61081266
0.8599606
0.78877765
0.80184996
0.68858105
0.84089404
0.43354315
0.3859663
0.28340867
0.3009979
0.32981512
0.40053463
0.9893195
0.75663054
0.52418315
0.46032184
0.5053779
0.5613602
0.7193526
0.9287248
0.6910687
0.9714776
0.57804954
0.749953
0.9191339
0.66564107
0.6045448
0.8918579
0.70810974
0.5761125
0.36995977
0.34074348
0.31153607
0.32627657
0.40997764
0.551008
0.6934789
0.78421044
0.57913435
0.55811965
0.7861279
0.6985473
1.2325976
0.5480209
0.7469186
0.536129
0.73484325
0.9849819
0.9509792
0.8827117
1.3571122
1.1717186
0.6967948
0.5894067
0.45484877
0.3814316
0.3357514
0.36814675
0.42536542
0.5360454
0.6612304
0.5902404
0.6899306
0.5615436
0.55373156
0.6827683
0.69791526
0.4878972
0.5701026
0.5478704
0.57844526
0.73917305
1.1821471
1.024611
1.2317595
0.9261299
0.65216774
0.556429
0.42935118
0.38172847
0.33543333
0.29677927
0.3509662
0.4874941
0.6196783
0.8107269
0.99284685
0.6036436
0.9067636
0.9850663
0.6406784
0.7362974
0.7360299
0.46169132
0.94080716
0.8141543
1.3514411
0.97380674
0.7488583
0.780241
0.55539423
0.40528053
0.41513067
0.26464337
0.25029182
0.2780463
0.37289518
0.47125307
0.5364112
1.1854653
0.8287733
0.8621198
0.77011156
0.7144101
0.7709304
0.74052167
0.85481465
0.7117586
0.8687635
1.1146572
1.9173368
1.7510046
0.8698696
0.6925111
0.5214755
0.50635207
0.33767235
0.31574512
0.26421186
0.25978312
0.33675787
0.4439055
0.43677104
0.64108586
0.7907814
0.7549207
0.6937859
0.76050115
0.6880016
0.72310096
0.6503014
0.64994246
0.62504643
0.72456276
0.7928557
0.99510986
0.7475833
0.64324266
0.4667042
0.37317857
0.3250685
0.27851352
0.24573869
0.25028318
0.33963946
0.45511946
0.5260037
0.67200816
0.778389
0.79288304
0.7343663
0.7428065
0.7219575
0.6865072
0.507661
0.5644631
0.6216469
0.59250486
0.57414114
0.61471355
0.57949954
0.4532944
0.43686306
0.48082095
0.34079692
0.21785069
0.22557336
0.28414604
0.40895322
0.4633133
0.46273378
0.38701135
0.42959672
0.5328168
0.5220821
0.5064843
0.5949498
0.5504082
0.5239102
1.2743355
0.53517884
0.806709
1.1649259
0.7028198
0.46505538
0.91313875
0.8268205
0.5797857
0.36167517
0.30406561
0.27792954
0.26247653
0.32373756
0.54687375
0.78589994
0.5796162
0.50949967
0.5908611
0.57442415
0.8962673
0.7818414
0.45425367
0.5587767
0.49497917
0.448983
0.5726297
0.87047255
1.5822451
1.0139798
0.7897567
0.7528694
0.6496946
0.42916158
0.32189232
0.25495085
0.2607112
0.29686978
0.3945087
0.67496914
1.1343017
0.5110157
0.7092479
0.8730929
0.8201768
1.2146659
0.41409165
0.6576747
0.6456214
0.6780184
0.58137345
0.9341364
1.831793
1.7432983
1.1465968
0.5184577
0.59621
0.36206374
0.302387
0.32527936
0.27457473
0.31012422
0.36174265
0.5730446
0.7638508
0.5300302
0.8448636
0.58824974
0.66144127
1.2804927
0.45719707
0.69487834
0.600825
0.60677123
1.0077732
1.5505501
1.587201
1.3043771
0.6959524
0.5891866
0.43526626
0.2885388
0.2720946
0.25107288
0.24247268
0.27852523
0.4062169
0.40995902
0.9462951
0.78667384
0.7675239
0.69525826
0.55359507
0.88456655
0.5145583
0.6544815
0.557985
0.44411358
0.89313775
0.8944399
0.9712805
0.46678504
0.4913016
0.41694692
0.41685277
0.4841055
0.29976198
0.27478185
0.25525787
0.32499325
0.4510438
0.6143069
0.5763074
0.59586734
0.51396394
0.7865999
0.937975
0.6216005
0.82919854
0.7528927
0.88109726
0.79770267
0.85284257
0.825081
1.6000767
0.7740573
0.5979548
0.6182894
0.39636746
0.3499404
0.28097537
0.23224026
0.26365843
0.37701818
0.45874256
0.69342947
0.7459861
0.48892742
0.7878498
0.73917395
0.52555287
1.5523981
0.97934914
0.57743144
0.56355745
0.94496834
0.5230507
1.4525305
1.1076815
1.0906541
0.8355564
0.7184458
0.63836944
0.36170128
0.3345185
0.24153915
0.2507437
0.34014657
0.558359
0.8304327
0.9755571
0.7024716
0.77160275
0.54715496
0.96448934
0.7260067
0.81805533
0.5827588
0.7076983
0.7798557
0.7470339
0.7894541
1.3092232
0.8472719
0.8051937
0.8223275
0.60415393
0.36980274
0.2766144
0.22557387
0.2810577
0.5203868
0.67964184
0.8398307
0.47613826
0.6676975
0.7309426
0.8108986
0.73990095
0.6463321
0.668413
0.8733598
0.69011164
0.74196625
1.5742342
0.7710438
0.89071655
0.83653384
0.72149754
0.7037544
0.572314
0.31194285
0.22568882
0.21477047
0.24052733
0.3227814
0.46584496
0.5906819
0.46978325
0.483578
0.448736
0.47119337
0.45002887
0.95326895
0.5904929
0.63039094
0.5806708
0.5647786
0.6689425
0.614667
0.6276437
1.0616921
0.6957791
0.39834213
0.5122404
0.349391
0.27593112
0.24116284
0.2676306
0.35797894
0.48951495
0.561064
0.43463945
0.57912713
0.83019084
0.8544722
1.0853797
0.7783043
0.6200809
0.69627386
0.74576235
0.72340286
1.0097537
1.3038422
1.6506078
1.3814656
0.5424568
0.6341383
0.3412983
0.3428022
0.253003
0.23098361
0.25333628
0.3268348
0.47076222
0.54379076
0.7590816
0.7557441
0.6388056
0.52470165
0.6563586
0.57417125
0.61627865
0.57787395
0.5875605
0.47894162
0.81610066
1.4274874
1.3027039
1.5631611
0.7100588
0.502686
0.59024036
0.5907101
0.51231176
0.3296993
0.29973894
0.30911586
0.33747736
0.4137897
0.7305421
0.90046275
0.92136407
0.9546538
0.8415378
0.67780405
0.52640706
0.7305976
0.6305689
0.6633649
0.77186286
1.789741
1.8451929
1.2586585
0.78526133
0.8447323
0.86000943
0.6249728
0.33999258
0.2954487
0.2851126
0.36711207
0.6263572
0.8064401
1.028641
0.99210787
0.8855061
0.94684285
0.5956268
1.7991745
0.68748593
0.93699956
0.77822196
0.6763043
0.65851295
1.2528697
1.0809822
0.9773191
0.79315364
0.78496367
0.59133106
0.34157982
0.30511513
0.25471535
0.26418
0.4323859
0.5853881
0.648299
0.60942554
0.84937334
0.7835029
0.56082946
0.92556405
0.93758255
0.8992221
0.65034986
0.6836538
0.50586486
1.2810525
0.8463905
0.829341
0.81725913
1.0760208
0.7433602
0.49688217
0.35460404
0.2934326
0.36553895
0.28639466
0.48639396
0.6646439
1.1252089
0.8131752
0.62415564
0.70840263
0.54791164
0.674544
0.6385079
0.5803173
0.6606124
0.58696026
0.825056
1.3139946
1.3048989
0.69460404
0.8563268
0.81896806
0.92099315
0.55672395
0.5501536
0.49270844
0.30716765
0.31748676
0.41886225
0.63870585
1.0146624
0.49376813
0.6668101
0.8530147
0.95638686
0.6843797
0.6821287
0.41039968
1.0573213
0.5632627
0.50841284
1.3534515
1.187019
1.5128596
0.7824512
0.67058176
0.66655654
0.69786894
0.7394262
0.35359767
0.66848
0.42683852
0.53955215
0.57503104
0.8776856
0.6897315
0.72265786
0.8836456
0.8566696
0.8005252
0.8004005
0.52709913
0.703125
0.64753276
0.9849209
1.6121665
0.43796557
1.3020064
0.60499173
0.49103507
0.31188455
0.5929107
0.5305687
0.27309465
0.2521586
0.28128308
0.35376146
0.4022544
0.6378859
0.48491555
0.6821981
1.0750471
0.72379017
1.1759382
0.6981853
0.70530516
0.6801154
0.54299736
1.0377891
1.2137065
1.0515362
1.397634
0.9510573
0.8865359
0.691192
0.51689863
0.2704367
0.27388933
0.23096058
0.23149163
0.26114842
0.37057078
0.61848426
0.7729789
0.9835876
0.66696215
0.48863262
0.6239133
0.6724835
0.72392505
0.6873468
0.918923
0.8526772
1.7264314
1.6412758
1.9599198
1.0392054
0.91097295
0.64986426
0.5003425
0.52048016
0.29311654
0.26964968
0.25851703
0.33419198
0.5690306
1.0650192
0.9250721
0.87844807
1.139052
0.5784349
0.7040648
0.6002183
1.6831051
0.78022903
0.8708087
0.93017536
1.1102152
0.7547335
1.0936534
0.89706194
0.79082304
0.8853526
0.7683096
0.37456405
0.5993822
0.3801275
0.3402289
0.68021256
0.7613108
0.68457955
0.8378657
0.7356715
0.86586505
0.8027794
0.7490713
1.1487999
1.0979922
0.54551953
0.96574646
0.68454695
0.74108076
0.95082074
0.88335085
0.9008342
1.0030456
1.0473107
0.45898262
0.36752328
0.46419275
0.6470502
0.36226192
0.36524138
0.6123938
0.6364127
0.5404404
0.71178144
0.54700404
0.73523414
0.6238863
0.68719745
0.42313346
0.72904813
0.6297374
0.8146972
0.6977161
1.3405803
0.73803174
0.9798327
0.8943504
0.6930894
0.5801962
0.30497888
0.3604504
0.24224105
0.25259805
0.30592012
0.53149104
0.6333188
0.45739925
0.5956569
0.5865999
0.9908346
0.6801902
0.7509977
0.71241504
0.7318619
0.7060664
0.60326445
1.3165106
1.2058032
1.298268
1.0539112
0.76714283
0.99576104
0.5732104
0.6047692
0.4652479
0.3273345
0.31068468
0.5713955
0.6105485
0.58986133
0.8272906
0.9338291
1.09459
1.0040972
0.9257227
0.66439086
0.8652188
0.6623117
0.84034777
0.39112175
1.1180477
1.2754737
1.3023739
1.7679571
0.5372622
0.52608347
0.6225499
0.5505808
0.56142604
0.40499514
0.36284056
0.2582281
0.42552233
0.6405793
0.48959
0.560012
0.68978894
0.60442835
0.5948036
0.695551
0.7395484
0.8687801
0.7789149
0.87543684
0.73858297
1.4582846
0.552335
0.8607594
0.7182232
0.50625795
0.3489383
0.35251537
0.62889254
0.2667574
0.27537912
0.3936398
0.50136954
0.49151462
0.59206164
0.70636576
0.8339923
0.828626
0.5210765
0.43879718
0.7878445
0.55648637
0.7990816
0.8786952
2.3537722
0.7000333
1.6837635
1.4871826
0.8171766
1.0322515
0.5627641
0.42373618
0.26567295
0.22616184
0.24858952
0.36960527
0.54153407
0.83877987
1.2157885
0.952559
0.8744171
1.0670857
1.169534
1.4232115
1.6469898
0.6434688
0.6617315
0.9681166
0.4803401
0.75773674
0.40414256
0.5823759
0.90016854
0.92515785
0.51894134
0.55684847
0.34112737
0.25000617
0.27505356
0.4217016
0.6882688
0.6354501
0.49801767
0.51212776
0.5496516
0.51628536
0.6132361
0.8846005
0.90076834
0.85653293
0.71426183
0.9348168
0.8199647
0.8821048
0.90578604
1.1176867
0.6238342
1.0057249
0.6511031
0.42876688
0.4356604
0.29979116
0.34072632
0.5632487
0.72585946
0.77288973
0.34042832
0.50630766
0.56966203
1.1709245
0.8793827
0.6913911
1.0553521
0.8131526
0.5954168
1.278712
1.0289819
2.0892715
0.7598568
1.7297175
1.2426351
0.9413775
0.64560574
0.59428614
0.52336365
0.34159827
0.31777546
0.32396477
0.6084191
0.96475405
1.0644826
0.63455105
0.8126345
1.0298203
0.5845537
0.6208198
0.6834071
0.744171
0.90368193
0.72676414
0.7580641
1.1409667
1.1240034
0.9656195
1.0041041
0.6607432
0.8758227
0.3076881
0.36746606
0.41575253
0.33271316
0.3395647
0.5192971
0.5102824
0.7809961
0.5779582
0.6257154
0.55114585
0.9441735
0.41774887
0.7421954
0.9521948
0.8161613
0.78470874
0.87186396
1.4501354
1.5441911
1.2254808
0.5494351
0.7745737
0.85679
0.37907755
0.5841372
0.4852359
0.34102938
0.29073364
0.49221522
0.72574157
0.65542555
1.2168814
1.1098593
1.0693144
1.1093713
0.24401453
1.1624843
0.69290257
0.6242376
0.81221926
0.44811353
1.8390226
2.7345097
1.3908691
1.5308874
1.4045494
0.76939666
0.78558344
0.7239342
0.8884141
0.63251597
0.52295786
0.42775306
0.6464961
0.60543674
0.94783324
1.0533782
0.86282086
2.4474635
2.550051
1.4784675
1.6553915
1.4993155
0.8913768
1.707216
2.3860006
1.9392829
1.5912834
1.0589875
1.5253491
0.7733989
0.9028884
0.51953393
0.39608988
0.41181147
0.4220322
0.51396185
0.7094934
1.4604664
0.9711228
0.47480652
1.0447698
1.0691013
0.87523705
0.8872107
1.3341328
0.3931488
0.5929245
0.6192145
1.1340156
0.5937216
0.65658134
0.66586554
0.4369858
0.27937034
0.32811877
0.25524616
0.2596355
0.2537877
0.4188579
0.5876101
0.3726005
0.4384149
0.34616336
0.16518688
0.5970385
0.26372308
1.3999254
0.5584904
0.6339582
0.7368467
0.6203677
0.4170404
0.6007435
0.14822939
0.55738777
0.5823655
0.5342485
0.33772346
0.3399841
0.26778996
0.23354292
0.25671437
0.35381374
0.5982544
0.43208787
0.47000784
0.4602613
0.4255602
0.4115632
0.6247723
0.8626292
0.49014312
0.38695878
0.40819657
0.78511083
1.0659642
1.0370351
0.73321277
0.86649245
0.79405487
0.7256607
0.46657026
0.48947227
0.604436
0.30791754
0.27805474
0.3208638
0.60394084
0.48169458
0.37418234
0.9203449
0.42937687
0.37692454
0.5932004
0.55021894
0.47023758
0.56181574
0.46861145
0.73751163
0.828933
0.6254688
0.45777494
0.7633132
1.4189364
0.89880735
0.6496627
0.41604233
0.31924802
0.2703913
0.31530946
0.4061628
0.5576219
0.45730707
0.74747795
0.8378349
0.36467215
1.0015839
0.38358533
1.056964
0.6392605
1.2654159
0.97104555
0.98179084
1.2167149
1.2399127
1.8284736
0.6509566
0.9377775
0.58447355
0.8649805
0.52496076
0.66911995
0.4736534
0.49287954
0.32015786
0.5294209
0.7548984
0.6579243
1.3109004
0.83188266
0.78389305
0.9634327
0.4232961
1.1213355
1.2480284
0.8810313
1.3268216
1.0543056
0.4401803
0.8797135
1.2439133
0.58196855
0.58452964
0.6854947
0.29237524
0.61021906
0.67646116
0.21862805
0.20832694
0.33553243
0.55428094
0.4998065
0.74229807
0.5852466
0.7849086
1.4303256
0.4169318
1.9948183
1.0133003
2.0057473
1.0819058
1.029472
1.1837438
0.9190247
1.2205666
1.0379148
0.56989634
0.68974394
0.6470979
0.6328946
0.40808323
0.3947356
0.22071609
0.45712858
0.55988
0.52393305
0.60155463
0.40908474
0.38256216
0.7849414
1.0770259
0.38236833
0.7005802
0.5855724
0.76399136
1.1048282
1.2303038
1.5852741
1.6049554
1.8820261
0.90303385
1.1114613
0.6077807
0.707751
0.6632865
0.32369518
0.36943835
0.5985913
1.0297346
1.0026792
0.3368167
0.9642552
1.0715959
0.56166816
1.3641492
1.342683
0.683523
1.1166164
1.0228003
0.8610092
1.0853004
1.2085453
1.0557842
1.0307567
0.6748129
0.8045673
0.5813376
0.5563546
0.44513515
0.5010768
0.35959786
0.6181045
1.0178691
0.3066545
0.94678664
1.15562
0.8934229
0.9407139
0.6791156
0.4923087
0.8422166
0.918119
0.9452885
0.5140944
0.84377944
1.1541989
1.2240676
1.6690897
0.9891218
0.58071804
0.42486638
0.73675275
0.6313571
0.4034232
0.42112097
0.48964298
0.60916823
0.5435654
0.9571044
1.0634013
1.0842987
1.0713942
0.88278705
0.9198539
0.962126
0.99445665
0.71737325
0.47511494
1.173404
1.8672396
1.5233938
1.7824725
1.5915618
0.7619523
0.88028777
0.7053254
0.57487637
0.49849176
0.6171169
0.62024933
0.61016434
1.0589759
1.2541202
1.2848161
0.933458
0.7110962
0.5096908
0.42789397
0.2612191
0.39218578
0.55329615
0.54176235
0.75411034
0.9748744
1.4758835
1.1280634
0.88627106
0.65750575
0.52720827
0.6864283
0.8380473
0.3445298
0.27124447
0.504498
0.43691427
0.56289935
1.1763651
0.7194525
0.91359764
0.4373038
0.77817285
1.3215923
0.6298727
1.3914487
1.6315724
1.1423074
2.0897343
1.3818457
1.6261195
1.2541696
0.818036
1.1758105
0.6740045
0.6986668
0.49974224
0.32712904
0.29983813
0.42927587
0.55085933
0.5168565
1.019608
0.9351037
0.88435197
0.78312594
0.90053266
0.77332044
1.1548479
1.0106301
1.0295554
0.89540017
2.063851
1.5908024
0.9770011
1.2497339
0.7937626
0.58747154
0.2653036
0.52808833
0.32082942
0.33624268
0.28289908
0.49417135
0.8633474
1.0109005
0.9373173
1.1919467
1.0855058
1.3658352
1.3722602
1.3242513
0.64858323
0.7574671
0.7537333
0.5592606
0.8520996
0.7842086
0.9851547
0.8023141
0.9711949
0.6745139
0.5366124
0.53110373
0.3782392
0.325308
0.4085974
0.78652704
0.70979804
0.39212972
0.73825026
0.6904464
0.8184236
1.1793447
0.626305
1.2047918
1.0053041
1.2309914
1.037729
0.8739411
1.4599003
0.8909805
0.963706
1.1041363
0.74523044
0.46044225
0.58999604
0.5532441
0.33284196
0.40313652
0.3975703
0.7173626
0.75243825
0.43747902
0.6712825
0.6392985
0.33372584
0.610817
0.3997314
1.0942036
0.6525069
0.8285124
0.69028544
0.68897253
0.34176594
1.0105286
1.2296758
1.0708339
0.7753353
0.42929214
0.4408313
0.3619144
0.32677495
0.39048302
0.3388986
0.6612655
0.65321565
0.71504724
0.90357524
0.8746793
1.7874663
1.3843423
1.1493905
0.75106674
0.7671585
0.61407137
0.74308044
0.52028924
1.1105658
1.405424
1.6337025
0.60631365
0.7285364
0.6503135
0.53934574
0.41439512
0.32618946
0.3371099
0.41859302
0.52090275
0.5244021
0.6265818
0.8940436
0.62840545
1.1753893
1.1297259
0.8811632
1.1596323
0.49147654
0.706843
0.8629605
1.3201013
1.0310947
1.053642
1.707974
0.98510474
0.9834838
0.61362916
0.8192793
0.5719623
0.41519043
0.3251486
0.33339554
0.5866977
0.5061097
0.668679
0.98835146
0.6937863
0.90577036
0.6650351
1.4395758
0.7104803
1.2018511
1.7869401
1.4105281
1.101596
1.670887
1.712156
1.8868589
1.3172957
0.95575535
1.2257769
0.65511036
0.4455362
0.44190168
0.28759146
0.41954422
0.4367765
0.45887452
0.33284482
0.88372535
1.1447366
0.73668075
1.1134837
1.4580414
0.9188559
0.6522918
1.0469216
1.0421329
0.99673426
1.8671095
1.8723274
1.7429225
1.4826269
0.7242617
0.59240043
0.32023188
0.39060065
0.30572373
0.3183814
0.3025109
0.4434231
0.8288676
1.2059113
0.9598446
0.5516268
0.4773512
1.0866991
0.8133044
1.1759107
0.9578425
0.7143729
1.0552536
0.83640885
1.1490197
0.79205674
1.0425435
1.1145302
1.2003201
0.74394256
0.5739847
0.38390774
0.31689844
0.34381613
0.3787882
0.61218476
0.7521024
0.3702689
0.66995037
0.48404557
0.3420977
1.2856408
0.76653236
0.34254053
0.6923577
0.89435923
0.6616605
0.6800277
0.661049
0.8466264
1.5142787
0.9085188
0.48294583
0.37052345
0.3170296
0.26930827
0.3273542
0.32798114
0.3990646
0.590548
0.5086783
0.69516945
0.7822684
0.89191425
1.0064639
0.8428492
1.3086756
0.56738216
1.0218116
0.8128139
1.4259142
1.2616016
0.8617462
0.89110935
0.5562047
0.80141896
0.79808044
0.68651253
0.5028773
0.38568586
0.3823911
0.32800934
0.3730003
0.5601222
0.50361764
1.0333858
0.4535008
0.8254781
0.72999835
0.54732305
0.12985995
0.43571877
0.52243567
0.9392921
0.40826514
1.2207497
1.4052349
1.3074833
0.89510024
0.71051264
0.88017946
0.811567
0.40634042
0.29534793
0.32746005
0.3232847
0.3454262
0.6455865
0.770749
0.40665144
0.7115772
0.6010156
1.2270491
0.66778857
0.48903883
0.7984641
1.1153358
0.8018764
0.8466322
1.2434821
1.3796437
1.5055598
1.2458932
0.6903735
0.74383646
0.68410873
0.71023494
0.39036748
0.37559086
0.28047255
0.31444237
0.6012037
0.7181454
0.5538565
0.7393632
0.6771319
0.8030543
0.85788935
1.0526702
0.9407262
0.9555544
1.2358761
1.187297
1.6476008
2.3390038
1.4953014
2.1386797
1.2181362
1.0500826
0.85420376
1.1599727
0.5185373
0.3585407
0.2194787
0.43260163
0.41042528
0.4534633
0.579344
1.3793713
0.63373476
0.6711176
0.8175807
1.8340906
0.7728768
2.397163
1.1758076
1.0896949
1.6321268
1.4767251
0.9706351
2.1849122
1.0342335
0.84203464
0.70352477
0.4850601
0.31618062
0.28679717
0.3530393
0.5988933
0.8426332
0.96745247
0.6901594
0.8093776
1.0509329
0.99801195
1.2794679
0.31013408
1.5180236
0.63608485
0.8840298
0.65361136
0.88778055
0.70510674
0.5645257
1.4110206
0.9284666
0.8382904
0.577479
0.3988566
0.3032437
0.29878834
0.33298507
0.43342412
0.88137823
0.7363158
0.40937316
0.67639434
0.48373687
0.9584471
0.9125563
0.5642055
1.3079566
0.5879099
1.0183934
0.8431102
0.64317733
1.6661869
1.3154628
1.6481797
0.9415214
1.1149393
0.8777456
0.5179068
0.42133212
0.3593346
0.33454117
0.3508654
0.73599184
0.5806584
0.40697768
0.79953533
0.755518
0.52775544
0.6250479
1.1213588
0.4291231
0.7481676
0.9820848
0.6471179
0.5582075
1.1689928
1.2751321
0.48537827
1.3312263
0.883607
0.73680013
0.5575945
0.35085085
0.33336094
0.30405173
0.31842238
0.82396096
0.5166161
0.75191796
1.1725234
1.034523
1.0796025
1.297346
0.3794922
1.2103734
1.0653714
0.77386075
0.53821695
0.8378118
0.8897212
1.0105726
1.0484668
0.6201159
0.5995544
0.75330627
0.5729622
0.42701408
0.46543062
0.4249535
0.58996373
0.8017835
0.6266125
0.91788715
0.49978295
1.4210815
1.1130127
0.5777073
0.5342185
0.58555865
0.55241257
0.36854044
0.5821704
0.60783637
0.59744316
0.67482746
1.1579136
0.73685527
0.84940505
0.34513313
0.31268167
0.2981673
0.39334688
0.61647964
0.3411905
0.48950383
0.6147034
0.91835743
0.81224746
1.5793314
0.6598612
1.1958275
1.7541423
0.5580384
1.3120208
1.2372876
1.237193
1.1212769
1.679655
1.2294006
1.25092
0.69266963
0.64736044
0.7688345
0.65293956
0.42454526
0.40929514
0.28258586
0.33879042
0.43931752
0.59480506
0.6710172
0.6289198
0.8299523
0.6933017
1.0357184
1.889698
0.53150386
0.99578327
1.00126
1.0178653
2.0989335
1.5428408
0.739831
1.2219151
0.43613762
0.536414
0.7296959
0.4767002
0.4337724
0.3459065
0.33024538
0.33797467
0.46342397
0.47062424
0.7735315
0.35121948
1.2371104
0.6732734
0.8677664
0.8806141
1.4908937
0.74781877
0.8832595
1.269503
1.3789605
1.6721029
1.3395468
2.2445374
1.3200513
0.8009521
0.63603026
0.6170279
0.4150638
0.37908164
0.40269747
0.44148123
0.72968674
0.6863567
0.46796978
0.7388556
0.9896356
0.7392368
0.6485791
0.7774296
1.1397463
0.713722
0.9672552
0.9936444
0.69550365
1.189394
0.66833764
0.6075263
1.2867464
0.91290647
0.53822404
0.36018655
0.42976046
0.3126934
0.31067225
0.40413135
0.875809
0.43617368
0.45471978
0.7906551
0.9247083
0.6215094
0.47293422
0.57595605
0.84345365
0.88800204
0.8759005
0.98771983
1.1696002
0.8607674
1.430766
0.67050415
0.91569823
0.8394844
0.81678796
0.9034905
0.4706606
0.3848537
0.453646
0.4067895
0.48506927
0.5151402
0.5214983
1.2681873
0.84247535
0.9258282
0.7650648
1.325907
0.54708314
1.1027069
0.5216333
0.44482893
0.47953504
1.0642954
1.0543218
0.7110641
1.5377653
0.91637516
0.50653416
0.3116989
0.27121213
0.38151807
0.36489406
0.40633255
0.52259094
0.90112674
0.6280463
0.6418889
0.67636025
1.1116195
0.96072936
0.19031084
0.60242295
1.0792072
1.124355
0.76355463
0.989253
0.6935265
1.3975222
1.3547976
1.6023161
0.7619632
0.48597685
0.534778
0.47604454
0.45191294
0.32517922
0.36510634
0.37389144
0.8040686
0.5253283
1.4451123
0.9111407
0.8809566
0.8837646
0.75201404
1.9234096
0.4009441
0.41239688
0.4559783
0.8630565
1.1550367
0.61114955
1.1601046
0.4495659
0.6478282
0.59069186
0.5217551
0.41920847
0.39549565
0.28825483
0.362595
0.31583068
0.4252889
0.7584871
0.7105599
1.2640256
0.70652753
1.5650822
1.0148294
0.5946214
0.5865382
0.9446609
0.92152905
1.5884911
1.1954253
1.766565
1.237767
0.98160446
0.84400344
0.61451966
0.52684885
0.39827606
0.31517023
0.35001075
0.38098237
0.4766778
0.6339231
0.90291274
1.2156655
1.2887979
0.9943896
0.77281696
1.3733785
0.50556207
0.5786276
0.58905995
0.4319727
0.758578
1.6388662
0.7202083
0.8328777
0.36320874
0.49644148
0.32124457
0.5810848
0.3152459
0.3064185
0.35358638
0.40326935
0.60390073
0.7280037
0.49083856
0.59174687
0.44355384
0.51963943
0.7102613
1.0033451
0.71708226
0.6845594
0.50018775
1.3633498
1.5303426
0.7068393
0.53954256
1.2660322
1.1554427
0.54894954
0.27668092
0.48159775
0.34456122
0.32281327
0.3511382
0.36547112
0.8255806
0.5677374
0.5041112
0.6181187
0.6410965
0.39644912
0.4673967
0.50375
0.43384618
0.88792384
1.0368965
0.6880648
0.58043826
0.8563843
1.7550254
0.68687063
1.4600418
0.5560622
0.71548474
0.753382
0.7001428
0.55506676
0.55955476
0.27677304
0.4792064
0.42691767
0.61084455
0.5680007
0.6549177
0.63246363
1.0541779
0.64027184
0.7599972
0.49236754
1.1969293
1.0837191
0.9321903
0.65787035
1.9515722
0.8212368
1.5888686
1.5478435
1.1672982
0.7794607
0.74441767
0.8363185
0.33238125
0.37487274
0.47739872
0.83463895
0.70525163
0.81255025
0.5190377
0.6534945
1.1286058
0.67101556
1.2131242
1.2885009
0.8533585
0.45474756
1.5818565
1.0810535
1.7164985
0.68406093
0.5705467
0.37685642
0.73729587
0.5095232
0.4628498
0.4452453
0.3027821
0.38884416
0.4175591
0.6004203
0.62098724
0.6406814
0.7015515
0.4304039
0.34914687
0.67068404
0.5499171
0.92273587
0.93024963
0.5710857
0.4452763
0.6609411
0.6423156
1.3446448
0.75526124
0.82983404
0.83256274
0.78124523
0.666995
0.610041
0.388188
0.40143406
0.3985745
0.53860486
0.8376203
1.0174065
1.2378864
0.8836805
0.60861105
0.3946455
1.3848876
0.86630803
0.90131044
2.1956859
0.57509625
1.7763115
2.3426998
1.2905868
1.4674351
1.1933001
1.1179078
0.6700235
0.7251804
0.5993384
0.40465468
0.32243186
0.54244506
0.5218867
0.4079709
0.8501425
0.50917244
0.58167183
0.90054315
0.8616899
0.5122383
0.62679815
1.0205832
0.8467372
1.5647576
1.0995363
1.1125306
0.7674494
1.0353447
0.84106296
1.0515243
0.62345725
0.3235364
0.30523902
0.3020034
0.45288485
0.93827415
0.61499786
0.46985522
0.5918753
0.4754429
0.5876812
0.5699295
1.3223517
1.1535363
1.564987
0.9793973
0.7151694
1.1579595
0.9904668
0.8347169
1.1065953
1.7180063
1.6608291
0.5350225
0.8395188
0.39031863
0.38088343
0.33384457
0.42516536
0.6737252
0.9621888
0.46002093
0.962228
1.5210016
0.51339906
0.4277239
0.61104655
0.40786314
0.7244827
0.9862741
0.93064314
0.5299422
1.6167507
1.5641161
2.3435247
1.322327
0.66810226
0.7890311
0.9184341
0.43612358
0.49282116
0.3940231
0.36147708
0.79750097
0.6727081
0.6636685
0.5471286
0.44298702
0.7381528
0.96900177
1.1293517
1.8296936
0.988052
0.6007128
0.734264
0.82282645
1.0337608
2.2539759
1.3281523
0.81653893
1.2556981
0.83153605
0.42000446
0.47614306
0.34479076
0.28834912
0.4340083
0.61572075
0.59275603
0.8109672
0.45557356
0.47734645
0.59920913
0.48395267
1.7202498
0.5913612
1.0893803
0.42182994
0.7254012
0.7339172
1.2321906
0.99667174
1.6370274
0.6559478
0.77147883
0.756559
0.7232508
0.4003767
0.36574188
0.26666567
0.33151948
0.5216475
0.54366493
0.5380415
0.9503561
1.1586174
0.54652065
0.6929427
1.0833925
0.5954346
0.27004078
0.6445922
0.60637116
1.8635454
1.3237013
2.0021212
1.1717654
0.8854095
1.2211561
0.8438077
0.7703765
0.76489466
0.5847104
0.48235062
0.42023522
0.4238824
0.55034584
0.95332193
0.6293767
0.65483534
0.7556274
0.9599287
0.8847379
1.8200034
0.85564315
0.9726602
1.0090721
1.3865402
1.4975171
1.8387581
1.331007
1.6674707
0.65023726
0.6412333
0.5601934
0.5855831
0.45512098
0.58470136
0.42708448
0.81537414
0.4303892
0.8011738
0.40712354
0.7796109
0.95107746
0.91832495
0.87375915
0.62672806
0.5019813
0.7044856
0.8955178
1.4935483
1.4329429
0.73843306
0.5563712
1.5226443
0.80372435
0.47301406
0.2264176
0.36539412
0.36214224
0.38696206
0.37658525
1.1058491
0.48795435
0.5111436
0.4965597
0.78907627
0.5648211
0.69129056
0.43466368
0.46873274
0.8144826
1.0593961
1.1492885
0.48608094
0.70390695
1.2730312
2.0097263
1.8706933
0.5988676
0.32515422
0.43806154
0.36667737
0.29374653
0.30275527
0.43363068
0.5843633
0.9456469
0.61741644
0.471738
0.5448586
0.37453163
0.6503799
0.6380464
0.7214267
0.7059735
0.59443474
0.5088522
0.5417707
0.14252228
0.732813
0.8584718
0.87901145
0.71952176
0.68640465
0.30233917
0.3676853
0.3292678
0.30856207
0.29045334
0.5979746
0.3319851
0.7233641
0.6131709
0.6375236
1.0656425
0.42504925
0.44312894
0.67278785
1.1000248
0.8395151
0.7742806
0.6866199
0.64446914
1.286274
1.2643535
0.3092963
1.1747046
0.84780794
0.32172072
0.3312283
0.3380275
0.3396311
0.5223373
0.6953348
1.3180914
0.6868743
0.7869124
0.840964
1.3378571
0.49790302
0.50127846
1.1667638
0.8473239
0.30577427
1.4028225
0.97416365
0.49909785
0.70721376
1.0678568
1.4278638
0.5385891
0.8163449
0.66906327
0.60236764
0.70672727
0.37254065
0.4119541
0.63792217
0.6150241
0.8550004
0.8231223
1.0794324
0.655866
0.78855175
0.51982045
1.1711969
0.69416267
1.1869086
1.5184561
1.112291
0.70762515
1.1793941
1.6513271
0.4378982
0.9557353
0.6965977
0.70577675
0.58165854
0.47751966
0.27921563
0.2867198
0.4218439
0.570725
0.6407222
0.735471
1.7648587
0.7133823
1.8274417
1.0981182
1.2800492
1.0070873
0.70064753
0.8726205
0.59016573
0.712906
1.4239074
1.2666454
0.87000203
0.88147634
0.62373155
0.34707588
0.57160044
0.38210776
0.315963
0.47215903
0.84004503
0.59715366
1.0998812
0.5983669
0.32680193
0.56875813
0.623216
0.8919605
0.42627934
0.5629311
0.36108658
0.7116113
0.49153224
1.2449297
2.4096982
1.5329164
1.6727391
1.3336645
0.7420076
0.43718195
0.33467507
0.2757186
0.311297
0.5344241
0.7822456
1.0110466
0.4280737
0.43446717
0.3670452
0.379676
0.54173815
0.6697903
0.46041957
1.0023984
0.72575915
0.73387253
0.39028913
0.61059725
0.94920474
1.3632942
1.1999394
0.81733936
0.49375403
0.30612767
0.2352986
0.30518368
0.3185704
0.37211227
0.5827102
1.0118344
0.42174712
0.46079415
0.38766003
0.46819428
1.1778878
0.9330577
1.3210078
0.4881189
1.2371807
0.3624389
0.51331437
0.806806
0.36614975
1.0519512
0.8636556
0.3381107
0.28964415
0.43813455
0.32040063
0.33262524
0.28473693
0.321329
0.46933132
1.0528998
0.6100704
0.5623122
0.40495387
0.50366
0.5279403
0.74399126
0.33880517
0.42515552
0.63297975
0.6190729
0.83686334
1.1735389
1.4137061
0.912582
1.0949793
0.5634668
0.9069343
0.7185415
0.4369389
0.33543673
0.30929303
0.530369
0.39440843
0.37948865
0.6712035
0.82660395
0.6110902
0.44240117
0.45007154
0.41974476
0.6996186
0.6657746
0.6882097
0.35199445
0.7116871
0.59273666
1.7968693
0.8465854
0.8425267
0.7760871
0.4584908
0.22525892
0.30620548
0.30141726
0.5050349
0.4156223
0.22371459
0.45245495
0.725037
0.9256609
0.59583807
1.1350772
1.1605892
1.2369363
1.0076264
0.47069454
0.47930375
0.5046521
0.5226558
0.66314775
1.1102943
0.6116414
0.28015178
0.91650337
0.44484013
0.3258626
0.39885312
0.3849138
0.24936947
0.4543866
0.4120615
0.63453144
0.6244203
0.5934888
0.7092626
0.9452902
0.44452152
0.5743933
0.9292493
1.7077268
1.0118059
0.92942536
1.4733888
1.9644504
0.6798278
1.2088193
0.39800936
0.5703971
0.47924718
0.5615941
0.4179264
0.37156424
0.4214454
0.403834
0.5420398
0.5501609
0.34848157
1.1779684
1.057874
0.7340978
0.6048083
1.6483904
0.9654374
0.8559349
1.2714775
0.5170686
0.9367261
0.7801954
1.9592816
0.8703521
1.119482
0.51337826
0.58310246
0.52684003
0.36999163
0.42788714
0.3654509
0.412866
0.8135834
0.48762906
0.60343415
0.46832734
0.37128535
0.89834654
0.92329335
0.3929184
0.57623786
0.5302776
0.5927432
0.813758
0.37636757
1.4218234
1.9946789
2.0611165
0.6580165
0.9613116
0.35495687
0.34481207
0.34968868
0.41560936
0.35976508
0.3722202
0.77262527
0.5507297
0.4786271
0.43694407
0.60570693
0.5462678
0.5352648
0.7701663
1.1284965
1.1196449
0.4944752
1.1279024
1.6774644
0.2967347
1.8170817
0.9634992
0.73035467
0.6881244
0.68297404
0.3778807
0.5120624
0.3258939
0.39176872
0.37543416
0.592447
0.63456464
0.6664202
0.92794687
0.5776311
0.5590523
0.42614222
0.5727175
0.5078827
0.44360965
0.45208102
0.60136896
0.66672844
1.2995828
0.7051182
1.0633422
0.6179935
0.59375536
0.35625926
0.4779233
0.3541804
0.33679423
0.33753932
0.55091894
0.50342256
0.6903082
0.638115
0.89046204
0.6049562
0.7264636
1.6970856
0.78663427
1.2476971
0.75702673
0.55217004
0.5563173
0.82127315
1.4128387
1.247008
1.0183448
1.132584
1.0341874
0.5757476
0.6782891
0.51884323
0.4581165
0.33187297
0.6286251
0.5878963
0.66254824
0.6570657
0.75750154
0.27534953
0.42707857
1.0645374
0.61017656
0.6476135
0.44813576
0.6251217
0.62062603
0.6501487
1.1156485
1.7382548
0.84850574
0.463268
0.58611274
0.34448686
0.72126764
0.3398503
0.33003986
0.2760598
0.42093444
0.37015513
0.63167137
0.5597238
1.6983572
1.892686
1.6072642
1.8103801
0.8028916
1.0721405
0.32358873
0.774689
1.0113626
1.5263083
2.4956656
0.8333536
0.82036173
0.9989829
0.7521127
0.29947293
0.3873751
0.3486644
0.38998055
0.33668706
0.3715084
0.53530234
0.5383108
0.45887423
1.4557087
0.6462756
0.64301896
0.6458362
0.9775213
0.5090803
0.44050363
0.20892718
0.40714476
1.234027
1.0535825
0.6121096
0.7495677
1.1771327
1.1215849
0.51538956
0.29115155
0.24821135
0.31497392
0.29961798
0.42181313
0.6646919
0.91527253
0.78453445
0.9098735
0.4107241
0.42693856
0.962483
0.7570245
0.43495136
0.49239022
0.57982653
0.6577185
0.21059763
1.1644893
1.1179676
1.0438104
1.402488
0.5758974
0.46914285
0.5349369
0.34849057
0.30940834
0.31541088
0.8144776
0.74641675
0.5904394
0.7982186
0.5587413
0.9128682
0.5738964
0.9048434
1.2565869
0.64089584
0.65443647
0.53988296
0.60739756
0.49818635
0.905796
1.1093144
2.3303597
0.49213153
1.0476414
0.567883
0.32243484
0.29195565
0.25128955
0.37225014
0.40596431
0.66334397
0.74549884
0.6167029
0.534854
0.34695104
0.9764905
1.0716538
1.0212009
0.8114891
0.8377745
0.60631615
0.34579584
0.44558716
0.7183759
0.81643444
1.3689029
1.1244458
0.8471587
0.36356005
0.47671488
0.35796788
0.30623588
0.28991526
0.43507817
0.43394274
0.81375533
0.6847381
0.6862909
1.250603
0.85220766
0.840858
0.5613575
0.7732004
0.3280808
0.3664503
0.59064215
0.46981874
0.5638299
1.3287247
1.0105194
0.6292173
0.379208
0.57742006
0.4094878
0.30735558
0.3156865
0.34273183
0.5567839
0.58377635
1.0087192
0.66028386
0.88075525
0.50765014
1.2230719
0.45213228
1.6947738
0.2703624
0.31526124
0.079151124
0.23189789
0.69416976
1.5776421
1.7000003
1.0359839
0.7739817
0.5112142
0.39073735
0.35378146
0.33023456
0.40435666
0.29888874
0.5032658
0.5822038
0.6612691
1.1131719
0.61917293
0.90844315
0.73224926
0.7043148
0.67619205
1.3413947
1.4830787
1.3481247
1.5366443
1.697082
1.2643079
0.9217259
1.5460184
1.0059061
0.5321068
0.3410146
0.39184487
0.3372425
0.30124554
0.3125996
0.49893767
0.691725
0.88280684
0.81311524
1.5306972
0.41290933
0.32799372
0.69064283
0.8327983
0.40842283
0.35262844
0.34749
0.2858397
0.3861804
0.58492136
0.12468541
0.33380213
0.8328632
0.625362
0.6349291
0.30865636
0.33063203
0.3000872
0.3550407
0.3700961
0.8554653
0.65424836
0.38898945
0.63206047
0.61278445
0.44112766
1.2024988
0.628246
0.40244007
0.6026564
0.5505556
0.38483092
1.0877978
1.386922
1.6323797
0.6530286
0.47881895
0.5613805
0.45255
0.278691
0.26164216
0.2725493
0.26814318
0.32630965
0.6273054
0.6905078
0.40264934
0.30343536
0.3605069
0.5400519
0.48254952
0.5530661
0.42661706
0.34843808
0.29813537
0.3247038
0.71464795
0.8138745
0.5536417
0.7902387
0.7734848
0.6375008
0.5466308
0.36393136
0.3359347
0.30702218
0.34416264
0.37592188
0.70813227
0.63410383
0.5274471
0.62362003
0.5306722
0.4017283
0.1681737
0.45738885
0.3603868
0.42905238
0.43827
0.4787307
1.019758
1.3463959
1.1110004
1.1771137
0.6569455
0.62011856
0.50267535
0.45583194
0.47013253
0.2918115
0.32063422
0.33728984
0.46393305
0.6560397
0.58873767
0.49408054
0.5433883
1.44396
1.1034794
1.891683
0.55958086
0.4827683
0.3698031
0.40929902
0.6356054
0.43928865
0.87546545
1.3976034
0.7786671
0.7003612
0.5648441
0.4398958
0.29261532
0.351831
0.3088596
0.370705
0.32141012
0.63093644
0.6352819
0.83978134
0.6965215
0.4451314
0.49168354
0.47106475
0.81123406
0.33462152
0.13392591
0.68593
0.34686458
0.6713643
1.1077995
1.2138053
0.7447186
0.2702085
0.29809675
0.5031234
0.42818296
0.36004665
0.19853595
0.43750942
0.406695
0.6331729
0.6856161
0.6634689
2.0515134
1.1935749
2.182608
1.0865856
1.5492095
0.9643163
0.78523624
0.5802535
0.59232855
0.95956445
0.840555
1.5739906
0.71303684
0.54547507
0.5105852
0.47422662
0.26849747
0.30932686
0.23049527
0.2983294
0.3981707
1.0501136
0.71438015
0.47692645
0.4284529
0.7154166
1.7239093
0.6221913
0.70450765
0.36139572
0.44998255
0.4183981
0.46990466
1.192937
0.26903605
0.74618125
0.9710074
0.53326267
0.5802065
0.35539544
0.2482312
0.30095363
0.26758406
0.38758034
0.83452517
0.36313546
0.60701406
0.35357055
0.47923163
0.53036135
0.2723591
0.8916581
0.44833186
0.44795248
0.53324616
0.58377236
0.29654524
0.71327776
0.3363313
0.6921121
0.6212105
0.3393845
0.20656449
0.28264695
0.2504152
0.31727475
0.25713214
0.3744259
0.81099683
0.31736803
0.49970296
0.34641206
0.98510164
0.09640679
0.8643532
0.514183
0.56691736
0.339931
1.1339943
0.9328209
0.42916113
1.153188
0.9026213
0.9107767
1.0355977
0.71002454
0.42351523
0.33365896
0.3071619
0.32448766
0.3438981
0.26364258
0.6663004
0.5841807
0.72747344
0.3186951
0.38074005
0.567276
0.21752563
0.10620001
0.1403119
0.27681243
0.6307421
0.36177552
0.42646196
0.89721423
1.2858306
0.7152934
0.52622175
0.70429546
0.39121515
0.34959802
0.27308092
0.2941734
0.3194806
0.27447397
0.7474554
0.6586395
0.5676561
0.45409742
0.5696994
0.9073126
0.2857603
1.550469
0.058221463
0.7229866
0.95683974
0.8639478
1.2698005
0.5870695
0.6868702
1.1780177
0.57892257
0.5442518
0.35189608
0.38294402
0.30972898
0.25566357
0.26397964
0.5118754
0.3854498
0.7001906
0.63889706
0.46181858
0.5185652
0.4403202
0.9484489
1.1974033
0.74979216
0.5719021
0.73906845
1.1336732
0.47254235
0.95702744
0.7834959
1.1502515
0.77239126
0.6002326
0.48701927
0.299814
0.40916255
0.31467482
0.18917984
0.46517238
0.29937273
0.5800729
0.6635907
0.7921547
0.83375674
0.82204694
0.8070311
2.0904806
1.5554236
1.0558355
1.8371602
1.1386664
1.7873968
1.260127
1.760952
1.4299426
0.81382895
0.49626788
0.35905287
0.32381266
0.34870824
0.26641947
0.2922709
0.35087892
0.9383265
0.8676334
0.27121916
0.9157614
0.45831883
0.39768183
0.70181686
0.83500344
0.52980846
0.51983863
0.56281084
0.6887499
0.95630795
1.2356734
0.45404422
1.8577327
0.77720743
0.5889596
0.3378408
0.43288684
0.2559163
0.29299113
0.3324615
0.33184004
0.78518754
0.41658956
0.70458645
0.3305347
0.2739502
0.18909025
0.4511222
0.24464563
0.3933327
0.8488913
1.0947448
0.14276853
1.4483001
0.31144235
0
0.8894902
0.70027804
0.6542745
0.3373368
0.4768507
0.31902075
0.2747317
0.27260602
0.35015762
0.6194547
0.5698102
0.49725717
0.40652204
0.41567627
0.36819798
0.14715976
0.365978
0.34196326
0.36306086
0.42256266
0.29549253
0.68139285
0.70246845
0.7621865
0.81507045
1.3252128
0.8156738
0.40686354
0.40754724
0.2756802
0.2986529
0.27197945
0.3097921
0.54686314
0.682478
0.5619064
0.43073156
0.34039494
0.7188252
0.6989269
0.40502357
0.21226832
0.4467335
0.4424391
0.1925833
0.89484924
0.91266257
0.26733896
1.03866
0.7833545
0.8781096
0.36278677
0.37391937
0.33851472
0.31004146
0.28157303
0.32952023
0.4904922
0.6723703
0.40204173
0.620335
0.5176191
0.43295082
0.6425126
0.81090885
0.9805669
0.22932848
0.69693357
0.4048736
0.97549456
0.5715951
1.3177857
1.1514043
0.45973775
0.55853623
0.31101114
0.41338584
0.25404066
0.2968071
0.24327478
0.33271736
0.2554243
0.7001563
0.7140019
0.73202395
1.0009383
0.51559544
0.2323392
0.54225236
0.63784486
0.46182844
0.48085448
0.5787259
0.71294016
1.4883689
1.0075814
0.5411407
0.48482475
0.5196517
0.431228
0.27876362
0.31372142
0.39667007
0.255969
0.23600695
0.5322035
0.34102565
0.73942065
0.7268997
1.0415282
1.0112654
1.4902594
0.15185025
0.55743426
0.7630841
0.36312172
1.6765099
0.5347776
0.70922166
0.49074477
1.3151386
0.8944912
1.0624189
0.42024153
0.19728827
0.28506103
0.2777763
0.24174243
0.28082466
0.7187089
0.68556774
0.8846059
1.125078
0.752438
0.555527
0.3830866
0.69998336
0.81282896
0.57626903
0.3584643
0.2519223
0.5077313
0.84084994
0.92389506
0.6583617
0.5300782
0.40954018
0.36930674
0.34389904
0.31608588
0.26472253
0.26155928
0.38771144
0.65488887
0.42292842
1.1523702
0.70103043
0.53139925
0.65598834
0.5824429
0.79760885
0.29089648
0.24917573
0.41913375
0.5618516
1.0519675
0.8597302
0.7640674
1.2575076
0.29074666
0.34494403
0.2557005
0.3408654
0.17488676
0.23160008
0.2536185
0.28032613
0.6243339
0.6719474
0.77522796
0.7076263
0.5936046
1.0395341
0.4174269
0.49828777
0.3406107
0.37786376
0.48709178
0.22898468
1.0791303
0.86922395
0.70995563
1.5246475
0.4840356
0.32544032
0.5095116
0.3192768
0.24639222
0.2589697
0.25029784
0.2829725
0.4384288
0.4425827
0.5399204
0.66682804
0.968513
0.82336986
1.3823992
0.6418828
1.0791152
0.7218025
1.1320541
0.79714984
0.015529875
0.47523546
0.9438227
0.66050667
0.7951807
0.5142151
0.40171877
0.36647385
0.2622235
0.2581072
0.25980622
0.35576048
0.44972387
0.9393813
0.81402975
0.576794
0.6969327
2.251782
0.6710047
0.5194679
1.4277252
0.8914114
1.1897562
1.0011023
0.85857046
1.4572012
0.49000207
0.97291106
0.6287173
0.5588397
0.40600386
0.2995337
0.2488271
0.27046317
0.2770605
0.55003154
0.6268945
0.65320414
0.6105585
0.7921142
0.40295136
0.20998532
0.56484085
1.0274754
0.48052055
0.20482531
0.43505913
0.73679024
0.6097372
0.5051483
1.577306
1.3206223
0.80907726
0.4867526
0.72798944
0.27497926
0.31894034
0.42432597
0.25153515
0.20302245
0.38379678
0.7067569
0.535493
0.3538434
0.6123347
0.7760355
0.45199183
1.2376217
0.4184258
0.73354924
0.37126303
0.6267067
0.824012
1.4940152
0.848276
0.88410515
0.4211953
0.8947573
0.3694384
0.32022256
0.29789755
0.2170316
0.21155009
0.24371913
0.5563453
0.63294387
0.62279284
0.84671026
0.69762546
0.5644616
1.3333702
0.6972886
0.8935326
0.48802662
0.71804625
0.3650146
0.7403988
1.3297457
0.49149254
0.36285272
0.7715133
0.96923244
0.6271778
0.4273761
0.4561485
0.3593751
0.30413434
0.41199404
0.7589351
0.5818593
0.526794
0.6881866
1.1522822
0.497285
0.3385595
1.244645
0.6123148
0
0.59132755
0.73091537
0.3347894
0.99722123
0.71260196
1.0460732
0.65707946
1.2188514
0.5014655
0.43275052
0.3321877
0.31571937
0.28337073
0.29768446
0.76380557
0.5215796
0.5539642
0.57825524
0.7157216
0.7721468
0.70718944
0.4329135
0.4132114
0.8296136
0.3413569
0.47651953
0.69668645
0.90195465
0.6554564
1.0295737
0.5011228
0.31675178
0.41662303
0.37259686
0.2865999
0.28547102
0.24443588
0.30597696
0.6159996
0.55835986
0.780573
0.5673765
0.77833956
0.6364652
0.32709342
0.39970675
0.62293345
1.2108475
0.44710976
0.6679733
0.5829311
0.6770862
0.8354019
0.7898082
0.88575244
0.51243937
0.5497476
0.44319576
0.36712885
0.3251735
0.25727144
0.3029437
0.55477273
0.6314669
0.8114919
0.5936299
0.7233608
0.5300179
0.60839224
0.16064894
0.3821508
0.23315838
0.45310378
0.46946618
0.40345025
0.55702496
1.0994765
1.3444701
0.4761415
0.5278348
0.5299071
0.4306948
0.32859674
0.32810292
0.25140575
0.36182147
0.3246146
0.5103382
0.8109331
0.46177188
0.57073414
0.6824962
0.68116903
0.5533744
0.38848364
0.6115312
0.901873
0.5351252
0.34314528
0.7523047
1.2214187
1.1200826
0.6531547
0.84853923
0.44100216
0.5670014
0.3597437
0.3382364
0.29146424
0.24130636
0.2609852
0.3596174
0.46787518
0.57643896
0.77477837
0.72159886
0.92202026
0.7693191
0.4935059
1.2974486
1.3987874
1.2403393
0.57093287
0.9181174
1.0153797
1.1618593
0.76150244
0.64755267
0.51689106
0.3319257
0.23451236
0.258772
0.20501688
0.21607736
0.4640461
0.5243644
0.59969467
1.305984
0.34142545
0.51065516
0.95279384
0.91650665
0.3248405
0.2521341
0.36719328
0.46196398
0.71657634
1.7091563
0.37766185
1.6321971
0.43758163
1.0729833
0.6469293
0.81966585
0.33109677
0.36238173
0.34643033
0.38392285
0.75371253
0.61018276
0.7096
0.7180793
0.3905046
0.2777701
0.36466017
0.82258105
0.39728487
0.27902564
0.42084077
0.31806228
0.40958038
1.053899
2.0372832
1.192902
0.81662846
0.5913268
0.50453097
0.36177936
0.38379017
0.3062262
0.26344597
0.26936796
0.72780824
0.6565938
0.8189038
1.1959394
0.486018
0.5982926
0.87358236
1.0465956
0.39723638
0.5071289
0.31213573
0.671522
0.5102622
0.8752837
0.40951174
0.79596376
0.5472135
0.5346398
0.6272044
0.34622332
0.22955468
0.3028367
0.25804925
0.2404789
0.47976223
0.60232776
0.7126713
0.8727602
0.6028435
0.6565593
0.6012424
0.5546488
0.28801382
0.440826
0.5343376
0.6658016
0.51394695
0.5859857
0.53666055
0.9844395
0.46239004
0.7349077
0.46786603
0.32207683
0.34626004
0.3178838
0.25643837
0.2697226
0.42532197
0.65682137
0.6533724
1.0444318
0.8069431
0.950726
0.8040896
0.6209891
0.4510047
0.06823912
0.10973573
0.4843805
0.6508085
0.6790771
0.65971833
0.7516136
0.5228851
0.45207733
0.5341956
0.45637876
0.33254984
0.3055249
0.24135405
0.28000608
0.3023673
0.51517606
0.42525476
0.6978776
0.7476839
0.554516
1.4011319
1.1928439
0.73464274
0.7290635
0.86613095
0.7229397
0.36683783
0.7288866
1.0399083
1.2183052
0.49108604
0.88748837
0.414637
0.34918237
0.3315703
0.29347956
0.22507262
0.2124986
0.23182496
0.4828437
1.0276219
0.75201654
1.648349
0.5956506
0.65747523
0.57153577
1.77478
0.6120773
0.4756797
1.8162991
1.2772319
1.5139357
1.3194424
0.93827885
0.84078074
0.8051462
0.4286933
0.20381063
0.2845007
0.2747562
0.24317503
0.26596266
0.49522236
0.6806381
0.6435628
0.82003325
0.90335935
0.26546448
0.59758425
2.3070261
0.73900497
0.50209135
0.35967705
0.33976284
0.9032558
1.7227709
1.100536
0.9086893
0.77943903
0.98829764
0.47864193
0.37144363
0.33807927
0.28429982
0.26605552
0.36779776
0.70220554
0.7240354
0.5192197
0.54916644
0.6916075
0.95406187
0.6467061
0.48585513
0.7277437
0.2543586
0.2969675
0.34335804
0.5062342
0.547608
0.64895725
0.95213896
1.2644563
0.9677217
0.4565591
0.43980014
0.35357752
0.33436042
0.37563935
0.25050607
0.5838048
0.4757915
0.5911785
0.8438534
0.661825
0.7294915
0.7305497
0.82585156
0.7965935
0.33327684
0.25652412
0.30240825
0.36635274
1.0694127
1.1146394
0.69081867
0.46890068
0.5695484
0.5957375
0.3525236
0.2909092
0.311276
0.29003415
0.28823957
0.55290407
0.7227295
0.46874872
0.61285645
0.6668165
0.5648355
0.24317735
0.43305558
0.8891388
0.4047575
0.23594719
0.4710295
0.46167132
0.36856842
0.5894001
0.53770125
0.7756241
0.7132323
0.49465236
0.39386103
0.32112497
0.25777775
0.26561806
0.30087432
0.4747653
0.6460921
0.65926564
0.80329835
0.6590912
0.48076606
0.9657451
0.82136494
0.7589265
0.7362821
0.32492805
0.35530564
0.43237114
0.5562465
0.91086566
0.96574354
0.6817583
0.29368517
0.42756388
0.3472481
0.36238834
0.2775109
0.29440117
0.5188899
0.35075912
0.5320138
0.3311939
1.0077587
0.34725538
0.34688574
1.0989642
0.40589148
0.26994842
0.4057688
0.5451521
0.81758976
0.5057309
1.2749048
1.2213366
0.8084687
0.70605844
0.82847184
0.50279295
0.4408556
0.4143392
0.43460158
0.32612622
0.2681239
0.17914006
0.5273071
0.27924007
0.73751175
1.07158
0.99488616
1.0674999
1.10062
1.3683443
0.9360563
0.9552721
1.676556
0.5751233
1.3110591
2.3626254
2.070892
0.9674198
0.5552831
0.37891006
0.20318362
0.31478614
0.19805494
0.2303518
0.2643417
0.37014982
0.49336448
1.0248308
0.8607274
0.34922874
0.068241745
1.0670327
0.7570025
0.5242782
0.32483387
0.3379695
0.29225674
0.6362694
1.2528173
0.71720225
2.1261487
0.36096886
0.9930758
0.9413084
0.2811285
0.2887126
0.30156705
0.26234522
0.27351746
0.52280784
0.5351895
0.7669313
0.5640666
0.8049534
0.36724433
0.9465244
0.6880946
0.43096408
0.7024711
0.4778475
0.3575177
0.33122516
0.58241713
0.67170745
2.4773204
0.8121546
0.8942667
0.6758314
0.39064085
0.25833985
0.2332761
0.26223218
0.26662254
0.38255686
0.40560392
0.6177924
0.9958923
0.6167323
1.5245147
0.7744913
1.3026278
1.0326418
0.5193641
0.31323257
0.5909016
0.23355883
0.44572684
1.3213722
0.2580882
1.4097505
0.9362961
0.47251165
0.36810586
0.2883364
0.2476362
0.25281563
0.29733968
0.26694018
0.822121
0.87861085
0.65194
0.6900836
1.1010609
0.7204362
0.93501127
0.41132239
0.1711154
0.4770473
0.66661346
0.26009226
0.56454873
1.183925
0.75692594
0.38590842
0.9096736
0.5751651
0.36798933
0.5412641
0.46267712
0.32691535
0.38346508
0.32789156
0.6429763
0.61180997
0.56749046
0.39019495
0.44846454
0.5427749
0.5434629
0.5230841
0.3925224
0.5838155
0.8529971
0.45774797
0.72989315
0.5046354
0.85098845
0.58722514
0.65443766
0.38957405
0.39239502
0.32406902
0.34175548
0.25951964
0.17558101
0.31769934
0.60706687
0.45228264
0.5993596
0.8277438
0.47910506
0.7762805
1.3937057
1.0608276
0.7432561
0.6256892
1.1156645
1.1108075
0.79274863
0.66067106
1.1123675
0.58639723
0.5313937
0.49123996
0.3727427
0.46121112
0.40236986
0.23293692
0.23367858
0.17554525
0.49493054
0.33468506
0.9147784
0.95253175
0.8391426
0.45483437
1.7850326
1.0128874
1.2996005
0.8555958
1.1108464
1.650106
1.7693925
2.605655
1.1337258
0.7545104
1.2021207
0.55045676
0.35129765
0.2621567
0.28610742
0.3103271
0.25958702
0.6458443
0.6565675
0.56082565
0.5020481
1.5889874
0.6114737
0.42022896
2.1923513
0.7748697
0.7563466
0.4542427
0.4459669
0.6401334
1.1950066
0.86086076
0.33265272
0.9457645
0.41748136
0.48667574
0.40583548
0.32465082
0.2572174
0.2597696
0.33028284
0.69810665
0.5927056
0.583091
0.52375555
0.77876824
0.43617317
0.56430733
0.65998125
0.29792058
0.26067346
0.29711792
0.34779754
0.5342446
1.1784326
0.7409175
0.22423792
1.5036335
1.1699443
0.9081493
0.56424546
0.3777249
0.30293694
0.2604003
0.2938052
0.5519353
0.5103928
0.76535445
0.8149427
1.2125164
1.1793994
1.374895
1.6558478
0.7913363
0.72568
0.6083059
0.46041238
0.5124626
1.0869181
1.590999
0.7339596
1.2438698
0.92303115
0.74508464
0.28548288
0.26198882
0.24100238
0.3199468
0.19587451
0.51475793
0.7418252
0.8898203
0.567137
0.31179345
0.88568306
0.5038151
0.8663977
0.84925956
0.39151964
1.2749337
1.1410053
0.6240961
0.5898733
0.74328166
1.0062611
0.93223655
0.6739826
0.6599167
0.38407204
0.2929182
0.29332164
0.3013045
0.29986474
0.32087123
0.537863
0.66237444
0.909309
0.8485083
0.682576
0.84235317
0.52530324
0.36930266
0.95522314
0.664053
0.824038
0.5686657
0.6717526
0.5897996
0.80909795
0.3496241
0.9691672
0.57857466
0.4980096
0.4348295
0.5029792
0.2284402
0.206069
0.34987837
0.47241467
0.7000738
0.9408053
1.0571245
0.7444477
0.9342867
1.2325913
0.82027406
0.67011774
0.9123112
0.5608711
0.8125076
0.58098716
1.0831865
1.2538406
0.75686663
0.55962425
0.40663102
0.44454363
0.3160432
0.3619199
0.30988762
0.21411264
0.21152681
0.3765409
0.5814928
0.94154835
1.2479683
1.0482367
0.9038481
0.5761782
0.5705833
0.56612474
0.3329221
0.6086739
0.69375205
1.5780799
1.4442945
0.9840862
0.9929671
0.5823029
0.50797707
0.3331429
0.24481568
0.2953951
0.25409552
0.2453779
0.2803494
0.4600237
0.47309583
1.013066
0.556477
0.80026853
0.6199987
0.61472136
0.6479907
0.90373653
1.0261154
0.74781656
1.3124837
1.3648804
0.7754905
0.86022913
1.1404377
0.85546243
0.48202148
0.32642597
0.24397427
0.24780166
0.2629766
0.252308
0.60094
0.42389467
0.7776289
0.65291655
0.5569152
0.9388067
1.5107656
0.35779637
0.39755002
0.27327278
0.6768804
0.89454633
0.77040887
2.4330952
0.9216602
1.1459799
0.98486227
0.9877924
0.3548263
0.42101666
0.32599849
0.23754737
0.2568035
0.4382739
0.39520434
0.35649538
1.5501451
0.78888434
0.48096767
1.1631194
0.5854597
0.67060316
0.74519277
0.8952533
0.7618545
0.49828368
0.78009915
1.2490419
0.56599814
0.98926604
0.8883876
1.1689074
0.62865543
0.5339486
0.47105944
0.33548278
0.37229332
0.21007365
0.44905585
0.5956621
1.1047384
1.0735239
0.6241604
1.2596849
1.265838
1.5332001
0.37376967
0.31160274
0.4125719
0.73686165
0.9339985
0.3334969
0.80044806
1.4303871
0.50527227
0.6862106
0.39159125
0.50888735
0.56465036
0.4047513
0.2595207
0.32398257
0.2655607
0.6149475
1.4204397
1.2455337
0.5667638
0.4262752
0.55084616
0.6128801
0.4401862
0.17482182
0.8043902
0.4774334
0.52810454
1.0005673
1.1929079
0.8796908
0.8091905
0.7795422
0.5893062
0.3557122
0.36351272
0.24217707
0.23018482
0.21032763
0.27250692
0.78877395
0.5407377
0.45752823
0.80160177
1.1412635
1.5734476
0.7103742
0.57937205
0.8763284
0.60258585
0.7978155
0.8714286
0.8627633
1.1586527
0.90970486
0.7401243
0.7023139
0.8728747
0.7383048
0.5225356
0.46533936
0.31103003
0.29170418
0.20809418
0.55775887
0.93191534
0.7180834
1.0441763
1.2130846
0.3205928
1.2186992
0.46511203
0.79401654
0.47299543
1.4661678
0.98954237
1.9739738
2.1851785
1.1688336
0.41621986
0.60100454
0.7002176
0.43008283
0.4274624
0.35754335
0.26630235
0.23299015
0.29003
0.18409288
0.39702028
1.573074
0.3815571
0.55373806
0.6802278
1.5399734
0.34663114
0.319153
0.45240036
0.5176621
0.6187014
1.4339038
0.68254995
1.0402327
1.4668032
0.8137659
0.60423076
0.36787066
0.33078668
0.22418833
0.27578816
0.24273291
0.6128236
0.5338588
0.66074944
0.7959272
0.842141
1.1255777
0.31217062
0.7053542
0.26945892
0.2842123
0.2887591
0.42898002
1.197063
0.80241716
0.796564
1.4542187
1.1517673
0.91912466
0.49371165
0.52964985
0.3272056
0.26273558
0.23128027
0.2520965
0.5260564
0.4547709
0.73717827
0.68448204
0.87218344
0.8728526
0.026069615
0.96537614
0.42380664
0.4803115
0.85775757
0.4992429
0.66364926
0.55249095
0.73383844
0.95078284
0.97182506
1.6835446
0.34583852
0.44612968
0.31528947
0.22697583
0.26807627
0.26661572
0.6643911
0.5368306
0.9363442
0.79798853
1.0248243
1.0644037
0.6191921
0.3846944
0.34724483
0.31895787
0.9267073
0.41783124
0.9770916
1.2479347
0.9661849
1.6962732
0.59518343
0.8766312
0.6342939
0.45194
0.5925171
0.3620198
0.34774846
0.23132351
0.10366005
0.4843146
0.74696404
0.5548174
0.6161725
0.6172613
0.95189947
0.8208221
0.5953162
1.0722268
0.9765754
1.8349973
0.5736107
2.4672754
1.8041483
1.3469021
0.93306327
0.6140046
0.50618297
0.4004261
0.7833974
0.5646505
0.32379964
0.38010496
0.42114818
0.7187054
0.4106244
1.6402254
1.2910334
1.2491841
1.608837
1.0091084
0.19418871
0.36051205
0.6151365
0.48579472
1.4621005
2.0238848
1.4286735
1.4078735
1.8428386
1.2453942
0.66192067
0.58001995
0.9181961
0.8309182
0.24478209
0.35624528
0.22394177
0.53306496
0.6899285
0.6544116
1.655673
0.91394895
0.9448866
0.776236
0.76358384
0.52140605
0.57339275
0.3342183
1.6290979
1.4581413
1.2650005
2.4253612
1.8860741
1.0886867
0.6239065
0.62115866
0.5893851
0.8084241
0.2782227
0.2072621
0.85057676
0.4693734
1.1084776
0.8202378
0.5841919
0.63509995
1.5465997
1.7849185
0.5209165
0.4097231
0.7633038
0.9891761
2.182054
0.63741297
1.015966
2.2765994
1.8816736
0.9966553
0.5957657
0.80056417
0.46027976
0.59767604
0.5543034
0.32921275
0.4520737
0.5624146
0.48416895
0.6801875
0.6768277
0.39323482
0.5915192
0.89197785
0.2802489
0.3905548
1.0853528
0.5493455
0.7455405
0.7895755
1.1732407
1.5880268
0.47049284
0.64620024
0.44163862
0.32484987
0.6432472
0.34239897
0.21385723
0.2858301
0.51883835
0.4723517
0.8612967
0.47383112
0.77141505
0.22970054
0.59789044
0.247715
0.66508806
1.2284555
0.82363623
0.2567287
0.6673008
0.6979144
0.7972788
0.70627946
0.673496
0.6205711
0.45089138
0.4641888
0.28494027
0.27879262
0.23466948
0.30087605
0.40465876
0.66475
0.5197411
0.683457
1.1443373
0.53068143
0.6990365
0.39805132
0.1770285
1.273317
0.55825686
1.1766262
0.9348721
1.0435926
1.5679327
0.7146943
0.47810486
0.6959383
0.49988028
0.46607253
0.29460248
0.24692449
0.25130847
0.29654014
0.28896078
0.39469707
0.48819485
0.36166698
0.88549787
0.7250354
0.7442182
0.87283814
0.9617654
0.80324996
1.0387603
0.61907154
0.65374213
0.2801669
0.64048356
0.78221405
0.7274054
1.0947512
0.7089326
1.0034826
0.6753023
0.7920414
0.443959
0.25366324
0.42157394
0.36325768
0.35861903
0.81345177
0.6633101
1.1502864
1.291123
0.59547806
0.8180786
1.4979261
1.2213868
1.4523656
1.260674
1.7544014
1.7668514
2.4675236
1.1161548
1.4423147
0.71998143
0.5674714
0.8343936
0.7954616
0.30359855
0.21833062
0.69819176
0.20571464
0.30191362
1.0711989
0.95850015
0.56893724
1.4866514
1.1961681
1.035657
1.1662614
0.8623256
1.309217
1.9797986
1.2612858
1.5109487
1.9092631
1.0801916
1.0624058
0.5836107
0.88701385
0.6551613
0.6063154
0.66134137
0.12655276
0.9801195
0.6893712
0.69536024
0.29275033
0.712727
1.4997265
1.1307745
1.0863608
0.78729385
0.59391505
0.5008458
0.43646902
1.8551451
1.3115155
1.9487894
1.8629361
1.4025623
1.5585247
0.48803237
0.86552733
0.8627868
0.6348605
0.81870234
0.45750186
1.4242476
0.31493095
0.54822737
0.39695114
0.48109767
0.96522254
1.4966662
1.4564692
1.3469228
0.8138848
0.45804453
0.57745886
0.9084589
1.2841704
1.9489217
1.6028333
1.5693128
0.97593755
0.85957944
0.5387752
0.7692726
0.8642766
0.599087
0.46882993
0.7750814
0.24871811
0.45438206
1.043366
0.68195885
1.0666922
1.0190845
0.5114613
0.74504966
0.36065695
1.0675033
0.74246025
0.8035305
1.6401292
1.4063296
1.2338258
1.190949
0.8299255
0.5912372
0.66217
0.4770981
0.34237266
0.3551905
0.29976082
0.74267584
0.56183815
0.63100076
0.88963217
0.4962228
1.3521903
0.36405954
0.77360106
0.54849666
0.83579725
0.977353
0.23779216
0.84355074
0.2974228
1.1185327
0.6813415
1.2832303
0.27325317
0.67438036
0.6901141
0.8206508
0.8471942
0.28097042
0.21076304
0.45029867
0.5728296
0.54425967
0.5577644
1.0856583
1.2817671
0.3066838
0.333295
0.5270029
0.84906185
0.8115198
0.4341751
0.8393143
2.0976043
0.93973505
1.0636114
0.9557585
1.047964
0.9026554
0.8985679
0.5023372
0.30274704
0.2349979
0.29596817
0.16157389
0.50228065
0.73968464
0.8967382
0.70548046
0.8919322
0.41079003
0.63084847
0.6412786
1.2405928
1.0415994
0.9950605
0.72086126
0.37848836
0.62339854
1.2546378
0.64563155
0.5416108
0.6457505
0.75843614
0.7021946
0.5689925
0.25564232
0.20752442
0.5431604
0.48374218
0.5972035
0.75086266
0.80525964
0.64186144
0.701482
1.2840407
1.3825098
1.7144547
1.6288849
1.2642398
1.8460708
1.6894786
0.836756
1.2656786
1.1211725
0.85550654
0.45702606
0.9126078
0.5319911
0.5952339
0.28324023
0.31366798
0.48998702
0.3014973
0.5210782
0.4057824
0.67875636
0.45841458
0.50606567
0.45948845
0.419596
0.5226236
0.54925275
0.23901927
0.57844776
2.1457522
0.8213986
0.84508026
0.83124524
0.5076567
0.34987256
0.37298328
0.24378464
0.28640833
0.21228883
0.21644619
0.33331317
0.48704764
0.44382954
0.38985506
0.95334077
0.34939212
0.95697176
0.46121097
1.0204581
0.14504585
1.3373407
0.9987127
0.5422481
0.65110236
0.83868265
0.49780726
0.5021533
0.69904095
0.6825225
0.47127903
0.42686453
0.36496574
0.25047243
0.23625386
0.2880511
0.5849926
0.3670898
0.5478826
0.78829175
0.9275973
0.4260442
0.54369336
0.13494349
0.4800209
0.3738351
0.34803674
0.97655404
0.795735
0.73071706
0.53873056
0.6092919
1.0871267
0.42011803
0.42441016
0.37738273
0.29572788
0.26654816
0.35481444
0.5286382
0.6144825
1.0922935
1.1773802
0.5633759
1.1089913
1.4817661
0.6447185
0.2948542
0.7330422
1.8906565
0.52066267
0.75478345
0.6571256
0.8870957
1.0338422
1.1140201
0.99216485
0.46480456
0.6164189
0.4850708
0.2964913
0.3306737
0.33946532
0.22751132
0.5162615
1.117378
1.1232072
0.36076725
1.1173779
0.6551944
0.58011216
0.1835058
0.653115
0.35023433
0.48186138
0.7425441
0.7954507
0.8942998
0.8640953
1.1515279
1.0625496
0.7161398
0.5644384
0.3960125
0.45858952
0.3767593
0.3293794
0.30284208
0.4016497
1.633122
1.7714169
0.4855076
0.558471
0.32668227
0.35905126
0.079853386
0.2586769
0.27567512
0.8305193
0.51373845
0.49735904
0.8639866
1.0183427
0.81821996
0.9313576
0.6010912
0.35096478
0.21970728
0.3263642
0.1712459
0.17048585
0
0.49676764
0.66698945
0.5999225
0.8330274
0.6259313
0.13526848
0.5632279
0.6802475
0.63641894
0.32344428
0.6210678
0.42779735
0.44587094
0.48611206
0.8212965
0.43779436
0.45561528
0.55974394
0.28456154
0.21049455
0.25635418
0.26553503
0.17715582
0.27873838
0.8215099
0.8072653
0.5837492
0.70024514
1.511193
0.6958152
1.2888932
0.4524924
0.775293
0.30482817
0.65142363
0.42586112
1.1417304
0.8567357
0.8099097
0.622903
0.6379386
0.43034157
0.34133348
0.24081254
0.27506825
0.20950335
0.117637604
0.30924752
0.580025
0.8653676
0.79253703
0.9238784
1.2742072
0.37540218
0.97788
0.37346488
0.25663593
0.4339181
0.67540836
0.763498
0.6027228
1.2417313
0.22934338
0.5590506
0.604191
0.2369056
0.3373368
0.17766613
0.28398487
0.23278946
0.1745407
0.30273825
0.41932786
0.82073385
0.5552689
0.8436035
0.5060951
0.2215268
0.22073054
0.69885755
0.3595698
0.95565134
0.8905552
0.80609727
0.6257418
0.5381051
0.7492571
0.6622328
0.035338853
0.44022712
0.3655343
0.20922846
0.27403125
0.2202344
0.24051467
0.32321104
0.4481649
1.2960013
1.107496
0.5308665
0.5748129
0.49588573
0.24995941
0.24399665
0.36782545
0.3824971
0.34738997
0.4049628
0.8289363
0.8191384
0.5923242
1.1097776
0.7854458
0.58255816
0.3703739
0.27530527
0.187383
0.21147993
0.278488
0.14491352
0.65833265
0.5788693
1.2246236
0.27082837
0.3510522
0.4859332
0.24947992
0.23614356
0.59398806
0.4024484
0.49196962
0.54405695
0.35717133
0.84868366
0.9887131
0.88212085
0.56602603
0.37887958
0.306572
0.19492623
0.23869726
0.2740762
0.25080758
0.2730959
0.21795997
0.6233923
0.29800478
0.4902415
0.5043508
0.8509698
0.16963214
0
0.006653759
0.29558268
0.6235093
0.5060614
0.35433313
0.6376605
0.97842425
0.493346
0.86738867
0.527195
0.38934678
0.26898378
0.26903313
0.24946037
0.11561975
0.08123922
0.5024666
0.61989665
0.4392239
0.56688493
0.44438666
0.94476634
1.6183462
1.0585161
0.9892364
0.58033913
0.539285
0.42710903
1.3918284
0.44964033
0.47539172
0.4481645
0.6439224
0.38560554
0.3101159
0.30074343
0.288638
0.18618825
0.14726904
0.34881133
0.43109655
0.9301201
1.4839603
0.668506
0.35584235
0.50488746
0
0.6216333
0.6682757
0.52210706
0
0.44216886
0.5296918
0.37766322
0.8112511
0.77898854
0.34682512
0.2558955
0.34915778
0.23867539
0.2754267
0.19628319
0.11307013
0.39694607
0.3182309
0.84656626
0.48401242
1.3670329
0.45521346
0.55233914
0.22103524
0.31425145
0.3622691
0.252824
0.55326235
0.7028573
0.7700649
0.82928145
0.74222976
0.5141072
0.38785625
0.5353157
0.3788023
0.2579036
0.21132398
0.19502836
0.2788807
0.07982269
0.4947669
0.8946925
0.49770597
0.5052665
0.628684
0.47460178
0.12826845
0.4296444
0.25717735
0.23735309
0.4428984
0.46545744
0.7950332
0.8738802
0.76412296
0.6758883
0.5866361
0.51788586
0.3315096
0.29141685
0.21478894
0.24106279
0.27866998
0.24521339
0.42967668
1.6907146
0.93275344
0.5697956
1.0453045
0.38965797
0.35250512
0.31348833
1.3394405
0.5406169
0.46679363
0.5461154
0.24216092
0.56587243
0.516393
0.36980578
0.22019434
0.37050965
0.39541075
0.2887439
0.23866025
0.21112525
0.22058883
0.13757536
0.38962606
0.69042784
0.23859918
0.35497266
0.37879163
0.79111916
0.468073
0.6455022
0.42810214
0.27072427
0.29332897
0.2918307
0.5104178
0.6839362
0.85844624
0.7412857
0.58572507
0.3661546
0.30371648
0.22948655
0.2393508
0.174685
0.23953664
0.14250335
0.064516485
0.73895323
0.35269365
0.39102054
0.78816897
0.7275471
0.74448353
0.0646365
0.5995775
0.64236814
0.51331747
0.31204566
0.96654886
0.43804905
0.8960592
0.90119267
0.49710006
0.48704714
0.29254508
0.24651495
0.24195844
0.23586467
0.12693104
0
0.21410784
0.6950783
0.057402793
1.207714
0.48337334
0.6042847
0.5548056
1.7369303
0.71010923
0.6126437
0.41943422
0.46432295
0.51558894
0.90222335
0.5440655
0.7310126
0.23299944
0.33366856
0.23907301
0.3483091
0.23600194
0.21233886
0.19811413
0.32344282
0.4359123
0.7956464
1.0114148
0.55290365
0.7179394
0.42898083
0.8843505
0.41489017
0.4377633
0.5047242
0.2535488
0.71259695
0.8058101
0.85992724
0.63946944
0.81260484
0.7765187
0.65646315
0.7584877
0.46823034
0.29335478
0.209409
0.27571982
0.40735617
0.6577767
0.72027344
0.6819393
0.41480488
0.5030879
0.3653066
0.55285716
0.4510623
0.39664543
0.32409453
0.27489704
0.85673875
0.37279272
0.7521936
1.3758973
1.4072177
0.8700586
0.5623004
0.32563567
0.41894007
0.37195712
0.53068364
0.08191174
0.29230487
0.2929624
0.44829115
0.82833177
1.3382478
0.9521004
0.92876846
1.1076542
0.4220705
0.5367739
0.7766959
0.73383695
1.6437024
0.8557876
0.6794411
1.0823486
0.6635614
0.5272605
0.3945636
0.31598836
0.32149395
0.19608667
0.20011088
0.23737708
0.6494673
0.52827364
0.8048156
0.60761684
0.59147674
1.4267628
0.985241
0
0.9116919
0.436607
0.2769303
0.85628766
0.48237845
0.49160406
0.7089943
0.637841
1.1416454
0.9208968
0.20517874
0.39136276
0.29457906
0.24169582
0.20165071
0.20578218
0.09586477
0.7738763
1.225117
0.66855764
0.65969735
0.5043703
0.86522084
0.42431957
0.5757839
0.48405546
0.3709344
0.4276707
0.9051926
0.42656404
0.65403837
0.521415
0.53358
0.3577604
0.3850745
0.21495405
0.24502566
0.28843832
0.17124963
0.15133369
0
0.17701316
0.41903362
0.39044246
0.38322794
0.20561627
0.33290023
0.4434412
0.4834638
0.5960003
0.721995
0.26427883
0.42334133
0.41480306
0.7467706
1.113169
0.5603023
0.48522756
0.42765796
0.41142708
0.31074992
0.28447774
0.30972767
0.17273831
0
0.4854717
0.50769687
0.4911546
0.92568433
0.45520002
0.31567508
0.54315096
1.1038904
1.1016792
1.6559474
0.7662623
0.30962837
0.47437966
1.5466042
0.9916321
0.8606032
0.72758543
0.4922443
0.4573941
0.30287114
0.27979362
0.28215545
0.1520536
0.09790951
0.48089954
0.5017712
0.90006095
0.76282644
0.4666448
0.27152205
1.3655387
0.592914
0.64427745
0.5049374
0.62698257
0.2604765
0.99440455
0.7096145
0.6147985
1.0132793
1.3746799
0.538398
0.5383417
0.31993815
0.30504897
0.18751606
0.21437693
0.11549002
0.6607687
0.9832655
0.52628917
0.388395
0.6326804
0.47354376
1.3093622
0.35794753
0.6867646
0.6489688
0.26942793
0.5134403
0.57091707
0.6517812
0.32570678
0.9558729
0.30337152
0.47940147
0.33155823
0.40656012
0.3201479
0.2587957
0.20368645
0.14862296
0.47748125
0.58763313
0.5121633
0.7532881
0.4586369
0.85087126
0.8890064
0.6721535
0.7975687
0.34920833
0.74861526
0.6039016
0.46366113
0.7080595
0.47392598
0.7566018
0.76118654
0.45696244
0.23388216
0.2553404
0.35840833
0.2412247
0.20884496
0.17914292
0.8110084
0.6794992
0.3569951
0.96126723
0.5276842
0.36152643
0.61651284
0.36825296
0.28906745
0.4386727
0.366629
0.50134176
0.3877829
0.59557754
0.77819365
0.83039755
0.47687584
0.45206657
0.37885916
0.4500671
0.45200253
0.26578504
0.27619264
0.37892932
0.7362215
0.6378544
0.57974154
0.5967405
0.43659413
0.2505691
0.20920834
0.49357837
0.18785748
0.3485089
0.38596812
0.3453152
0.30813688
0.82636416
0.6352022
0.75496984
0.62907106
0.26927286
0.27529037
0.26965392
0.28716606
0.31678224
0.22287935
0.07999924
0.47994667
0.32334322
1.2076452
0.8664145
0.15143299
1.3982837
0.5789308
0.28106785
0.38712412
0.30103585
0.57247525
0.8265275
0.3914817
0.9214441
1.3488166
0.90324855
1.0140812
0.4706052
0.6311872
0.18794474
0.2158351
0.21317643
0.22392207
0
0.28006527
0.21105242
0.8079115
0.37473366
0.43596074
0.7348535
1.3117331
1.0793245
0.69518155
1.0374007
0.90009695
0.58453864
0.4805063
0.7561709
0.3801032
0.7875548
1.0208919
0.8756119
0.49288025
0.27743873
0.2694821
0.19932067
0.10310808
0.05710799
0.36431327
0.73840827
0.65751725
0.27752632
0.31299067
0.43820032
0.41567835
0.31463555
0.42143804
0.4840609
0.33621126
0.8144224
1.0121332
0.55958
0.5414618
0.4124805
0.76400864
0.3488642
0.33927798
0.30743238
0.20522985
0.17187801
0.251165
0.087236345
0.26464105
0.48853278
0.42590833
0.78585696
0.4920799
0.27189976
0.32917982
0.30124444
0.5731886
0.24784297
0.30075413
0.62879384
0.9143138
0.52255213
0.7235431
0.56677485
0.7784784
0.62641126
0.4764668
0.4317909
0.46090016
0.41702965
0.40297976
0.24129647
0.40052772
0.48734006
0.51142895
0.46606728
0.36729
0.20885462
0.41822675
0.28083682
0.32268813
1.3867068
0.87806946
0
0.7437529
0.77862006
0.71371144
0.8509173
0.53666705
0.3415321
0.89157593
0.57087135
0.6231778
0.37621713
0.23041704
0.27355146
0.53243166
0.6965488
0.7137134
0.71998715
1.4121983
0.2217767
1.5930264
0.98582995
0.88914734
1.7769572
0.66754
0.4646401
0.26967195
1.0172305
1.4492075
1.3827778
0.7294826
0.40531468
0.8101217
0.4109135
0.34263426
0.34694514
0.3371919
0.14846545
0.50147974
0.7960376
0.775126
0.56727034
0.53332174
0.29087585
0.8489807
1.6934578
0.63701177
0.19242358
0.55592734
0.5581445
0.2057493
0.72821945
0.70534796
0.694875
0.5685436
0.519586
0.50625277
0.28631863
0.21131894
0.17414981
0.15400371
0.22946003
0.33461052
0.3376176
0.54097307
0.4432313
0.41769177
0.67584366
0.75988644
0.56221265
0.6815665
0.6053105
1.2252923
0.33019733
0.8086728
1.0014974
1.3045782
0.5269723
0.48148346
0.5096022
0.32400867
0.3287269
0.5652921
0.24909917
0.1122452
0
0.29697275
0.5792552
0.35137796
0.57882553
0.80049556
0.48543432
1.0275016
0.8067547
0.9522901
1.1774852
0.70146173
1.0301002
1.1114724
0.92470646
1.0828825
0.9462664
0.80091035
0.5116475
0.45319757
0.19538215
0.23200694
0.1965754
0.36259556
0.7053383
0.82961017
0.9149442
0.5584364
0.7839899
1.5876063
1.0194938
0.993517
0.4908277
0.64691526
0.51435894
0.33692452
0.09379929
0.7089377
1.3038075
1.1608628
0.5470238
0.5854589
0.57531214
0.3085856
0.463446
0.30494913
0.26123676
0.22863212
0.41475493
0.37037244
0.7989854
0.5174597
0.82873964
1.2083611
0.34304032
0.4757554
0.36617613
0.2837223
0.39260563
0.4574506
0.08591384
0.4565037
1.6075485
1.1420965
0.30767375
0.46049032
0.6369303
0.3539648
0.33086884
0.31204048
0.5141937
0.30510494
0.46036127
0.31941873
0.7788975
1.0296665
0.82007486
0.36791807
0.49411485
0.14602986
0.32983506
0.531239
0.6824095
1.2267222
0.41790414
0.4204643
0.40029463
0.9819014
1.7790811
0.76673895
0.5836074
0.6670673
0.401601
0.26152933
0.20554101
0.20579419
0.4923205
0.66205406
1.17718
0.46107247
0.94042724
1.0867712
0.9823076
0.76017785
1.0270754
0.5169837
1.1230443
0.7683522
0.6942169
0.48171735
0.52524245
1.168139
0.85651124
0.6612934
0.3994559
0.5154195
0.5630413
0.4373518
0.33333397
0.46253777
0.6739525
0.679464
0.6575237
0.7131287
0.84906256
0.6441823
0.74836886
0.35475177
0.40812707
0.44284925
0.7434945
0.36520362
0.336391
0.79516727
0.5354393
0.97784877
0.7099372
0.44590214
0.45519114
0.44073752
0.2878945
0.29178065
0.2888781
0.17375714
0.18810162
0.38577768
0.3100901
0.42796755
1.0931653
0.83410144
0.78369844
0.87379026
0.4217407
0.42145005
0.33417562
0.3980389
0.8007867
0.32249883
0.6082974
0.5065628
0.76220876
0.39683366
0.4623462
0.4214009
0.39773396
0.3926545
0.2683453
0.23052675
0.2371847
0.40168765
0.4356116
0.47346008
0.5408894
1.1909873
0.96592766
0.9184054
1.8114903
0.91200566
0.38432506
1.2776247
0.90300167
1.9234941
1.4257343
1.400037
0.96307063
0.5009396
0.6181824
0.46101728
0.27422422
0.22536716
0.20724624
0.19521931
0.28843573
0.36278445
0.37175146
0.6483517
1.3527021
0.42432597
0.7659356
1.8435668
1.0074352
0.90451235
0.5734569
1.207903
0.13991448
0.77643305
0.92821443
1.0171579
0.94404787
0.31414837
0.52932274
0.35976735
0.2915109
0.30618787
0.30443686
0.2529739
0.20126015
0.2973167
0.48579958
0.6290101
0.6005529
0.47984368
0
1.4872378
0.4288743
0.98979634
0.39531413
0.8953491
1.0612937
0.5148169
1.6325719
0.7475126
1.1484138
0.2996027
0.45929372
0.39518923
0.28552184
0.32107773
0.3157222
0.33052284
0.4747692
0.23144725
0.6555746
0.7500139
0.5254318
0.3131802
0.5798656
0.65226454
0.53533596
0.43035853
0.59350884
0.9173803
0.55923337
0.34557816
0.6350958
1.2489225
0.9459787
1.0748637
0.63593936
0.4703896
0.33173484
0.4560279
0.24166596
0.20210955
0.43846136
0.42384365
0.76357925
0.6072041
0.3256894
0.46348482
0.2625294
0.547265
0.77846867
0.4297643
0.8970101
0.44299233
0.38879445
0.29737037
0.62536085
0.58139986
0.6586227
0.64256155
0.90419626
0.46866214
0.37657818
0.2742418
0.19196743
0.2782363
0.22630134
0.76261777
0.7171358
0.6250525
0.41432837
0.4109878
0.029011045
0.38016582
0.5970909
0.40174016
0.894477
1.2051063
0.80986863
0.68060833
1.0222365
1.3004321
0.9499038
0.36184254
0.54588217
0.4653627
0.40056932
0.4572106
0.23755181
0.25301042
0.33548486
0.4094186
0.5798726
0.4266446
0.3619745
0.4675361
0.7544802
0.5659505
0.55513597
0.3301232
0.49084625
0.1873652
0.49839312
0.4703147
0.8061981
0.4758369
0.9049768
0.6151819
0.5554949
0.39923373
0.45701405
0.3789613
0.2450735
0.23255703
0.05361778
0.3735873
0.74735224
0.46147656
0.6229257
0.8505565
0.28411397
0.7462795
0.7420708
0.66416335
0.94403225
0.88908297
0.39824006
1.0260617
1.4620522
1.0961373
0.70658934
0.719532
0.70531124
0.4307815
0.29634166
0.19746706
0.2572231
0.25493994
0.23147199
0.7343134
0.45865974
0.26837283
1.3416312
0.39656517
0.7100238
0.99422914
0.71860397
0.7182837
0.8134642
0.9027932
0.41546738
0.8745074
0.74451756
1.6193957
1.1478478
0.44832668
0.55318916
0.34955105
0.4229314
0.40130073
0.26902872
0.24494845
0.21899188
0.61104167
0.64420164
0.72760284
0.69182146
0.3818464
0.3215593
0.3301598
0.4677464
0.6435003
0.2776603
0.96578705
0.68459785
0.7859497
1.1861534
1.072672
0.80107063
1.0374302
0.51185983
0.4556994
0.51903945
0.2793327
0.18627462
0.303469
0.21615782
1.068515
1.5085247
0.5896565
0.70849466
1.6719829
1.334045
0.26568776
0.533396
0.28248066
0.6075119
0.31275243
0.634817
0.5226183
0.6214853
1.0028181
0.7017747
1.047886
0.62589365
0.6018085
0.3272301
0.2612873
0.22654483
0.2083574
0.30972812
0.89252764
0.6984352
0.67077065
0.32199353
0.8027754
0.53621036
0.62346107
1.3612251
0.43628347
0.34164065
0.3826271
0.56799376
0.48322213
1.4234636
0.5453751
1.2649049
1.1284697
0.6594777
0.35803157
0.29172525
0.25047264
0.2910715
0.1693441
0.2804671
0.5244616
0.6136173
0.39891142
0.27768454
0.8175994
0.71128905
0.59434795
0.41787195
0.27141845
0.5126139
1.18989
1.047782
1.6182517
0.8569117
1.421236
0.7804667
0.61208594
0.8580629
0.4745647
0.43898627
0.36311823
0.24063891
0.2307964
0.25469732
0.44582078
0.40029216
0.47602344
1.1939982
0.5639128
1.0930097
1.3513503
0.40924463
1.4198533
1.0579771
0.9514661
0.3748449
0.32836726
1.4930288
1.1268053
0.8572724
0.8736371
0.496885
0.38627028
0.30639064
0.29756644
0.26152846
0.17024657
0.128618
0.57745457
0.56570953
0.8024775
0.91937673
0.524151
0.78269255
1.5105251
0.9246646
0.710426
1.4040164
0.44910768
0.7843882
0.55213505
1.5504555
0.6811235
1.2844152
1.0447713
0.6794102
0.45414156
0.20473567
0.25598004
0.2432155
0.21032792
0.14598382
0.12209964
0.60576165
0.60020775
1.1591543
1.0100907
0.9771114
0.18533897
0.6622028
0.68542504
0.54424596
0.6677691
0.84321445
0.54280245
0.51878256
0.6370252
1.4499762
0.72445005
0.47891936
0.33406118
0.24753872
0.22340348
0.21066606
0.2279039
0.40888938
0.3916112
0.79634553
0.82296646
0.693146
0.56159145
0.60130167
0.8014453
0.48829404
0.44086796
0.37361306
0.82578266
0.60413283
1.6094402
2.0546973
0.584662
1.1068056
0.4847167
0.17456359
0.270164
0.3603689
0.27984104
0.20527607
0.17032394
0.19098511
0.7476914
0.99006075
0.69066584
0.43587792
0.445471
0.2419593
0.28486982
0.53613824
0.3312093
0.2588644
0.2797215
0.5534048
0.6818663
0.601285
1.18121
0.95734215
0.50496286
0.6094153
0.5249806
0.3031952
0.23289984
0.22725713
0.2605484
0.45673117
0.8237716
0.6827975
0.5331844
0.27939776
1.481319
0.5045388
0.5868208
0.3757002
0.47654524
0.2881161
0.3409933
0.49351373
1.0857153
0.8532304
0.8827475
0.6931615
0.7461284
0.54998225
0.6787215
0.39557165
0.26283455
0.17518419
0.18355435
0.27539948
0.7306605
0.7632403
0.76028144
0.4971042
0.48514712
0.8810961
0.15481058
0.724722
0.9420952
0.45616043
0.7575216
0.58427763
0.3498372
0.85903656
0.91532195
0.7371934
0.77851844
0.6520434
0.4897215
0.31833842
0.3375106
0.27243763
0.21821213
0.27355728
0.50500023
0.52671474
0.888996
0.73288786
0.89893705
0.27416003
0.2669079
1.13196
0.55895525
0.805909
1.2519501
1.1777169
2.501129
1.2777873
0.56165373
0.8568892
0.9312017
0.6734628
0.6105284
0.49195188
0.32937714
0.21351203
0.27637672
0.30850607
0.5510311
0.41751096
0.60811824
1.3689128
0.76952124
0.87744355
0.7663382
1.4428489
0.4184367
0.5202152
1.0741881
0.6012044
0.8309242
1.2808511
0.7674211
1.4513603
0.62589985
0.66767216
0.51230985
0.16805446
0.29468608
0.25574273
0.17178285
0.17938778
0.59605044
0.44980544
0.6197829
0.36538866
0.7307031
0.93210477
0.519856
0.41480547
0.7620393
0.94540524
0.4797203
0.65893096
0.60755694
1.8328273
1.5259336
1.1448692
1.2952316
0.48967928
0.48734704
0.2821524
0.30560085
0.30513924
0.1566261
0.3775811
0.5657659
0.8253406
0.6505432
0.5542551
0.2484707
0.49702728
0.48995095
0.3626046
0.52827907
0.60573894
0.20340711
0.35468715
0.22681487
0.6863515
1.8694079
0.41405123
0.8503828
0.7701622
0.5890735
0.2682536
0.21115959
0.20903295
0.19513538
0.22906908
0.63354623
0.9868484
1.13928
0.8519484
0.7837462
0.69233674
0.77940977
0.4092705
1.0641402
0.46132293
0.41027617
0.32719773
0.44203335
0.8386575
1.6133437
0.7413005
1.1239733
0.84015995
0.5346412
0.5482269
0.54616946
0.5793787
0.20479965
0.34730634
0.52805567
0.6793339
0.7626936
0.60021526
0.6498991
0.33222005
0
0.44134206
0.4661384
0.23004276
0.12298599
0.5099881
0.44154754
0.775239
0.9444785
1.0151684
0.036956403
0.43304113
0.45979184
0.42200732
0.3604269
0.3442544
0.36856028
0.35784823
0.4686827
0.7518319
0.37355155
0.19466129
0.61701816
1.2462744
1.6043274
0.7506224
0.5871548
0.4695336
0.5094317
0.3880436
0.6981304
0.5488211
0.8921785
0.5522744
0.97624004
0.52213067
0.19981796
0.4767902
0.5368217
0.33724716
0.21946445
0.36658132
0.42144713
0.6845188
0.6368282
0.51014894
0.678608
0.5873707
0.81890607
0.6640056
0.5107857
1.0068216
0.57345384
0.5389142
0.74032634
0.7842126
0.40090847
0.7717804
0.7091773
0.4460865
0.6818357
0.49211997
0.54467946
0.31532225
0.35310042
0.20830837
0.40492326
0.6472089
0.5498181
0.5566486
0.83189386
0.5274909
0.44854853
1.1674726
1.0710237
1.5274714
0.59685284
0.5860779
1.4652019
1.526187
1.022728
0.8716838
0.74233973
0.52087444
0.29944304
0.2758086
0.20513299
0.23568058
0.21980304
0.17106837
0.44145563
0.8138825
0.957888
0.39827228
0.57703376
0.54875207
0.7209352
0.62730604
0.47909364
1.635673
0.2950194
0.2962057
0.9146812
0.3965312
0.7598193
0.40103897
0.72344106
0.90120834
0.20085001
0.2716138
0.23188603
0.1858069
0.12993842
0.38754982
0.29049355
0.70452726
0.8686146
0.71064377
0.69391835
0.8294956
0.3118223
0.83443344
0.500299
0.83600914
0.66466725
0.44107205
0.40910685
0.5951868
0.9533425
0.84139496
0.73858935
0.58681643
0.47073257
0.36562163
0.2753132
0.22748178
0.35727036
0.39545393
0.43300658
0.45517695
0.7260579
1.1584913
0.4971751
0.8907375
0.59145576
0.53020376
0.5256835
1.1615465
0.33270887
0.33787584
0.40085882
0.43197867
1.118555
0.60969204
0.66727924
0.6454453
0.832386
0.37140116
0.3867966
0.35742855
0.17636836
0.3021179
0.72604686
0.5440746
0.77832836
0.4374224
1.3426415
1.2055038
1.0415596
0.7945301
0.91309994
0.8670051
0.94810367
0.72051734
0.9332793
0.2772898
0.7214136
2.1389637
0.6399896
0.6051479
0.6105829
0.40274027
0.2599885
0.17985463
0.24539027
0.17063782
0.50648147
0.4850157
0.53705007
0.443002
0.47682428
0.24824888
0.112419635
0.40222052
0.4579215
0.5918317
0.27949342
0.20040601
0.4812559
0.90125877
0.83380514
0.5602717
0.36347464
0.43374652
0.37203515
0.3802751
0.36562538
0.35766906
0.2357088
0.3255168
0.583948
0.47621596
0.63550967
0.6677892
0.3750948
0.40192112
1.2857974
0.13136846
0.43785733
0.45179552
0.5055744
0.99209404
1.0449433
0.7034128
0.77248275
1.08403
0.66986614
0.48338354
0.4156535
0.37738907
0.5509184
0.35205042
0.33869132
0.26135644
0.5169463
0.6515296
0.53827333
0.9771442
0.5610818
0.4518273
0.6984657
0.51433796
0.56286705
1.0234405
0.27425584
0.8137984
2.0044153
1.3301753
0.90041614
1.0241768
0.7776333
0.46612197
0.9862536
0.41811872
0.4776231
0.25031263
0.19603455
0.16365993
0.35932383
0.18746343
0.46803594
0.9715916
1.0184988
0.5530864
0.5670188
0.4442214
0.76099896
1.0263246
1.008254
0.8916315
0.5550285
1.2219725
0.9523449
0.4560426
0.75202376
0.4381543
0.4957081
0.43576974
0.28366488
0.2933689
0.22048357
0.2141748
0.36553174
0.62157434
0.5901946
0.3426368
0.34740603
1.0490184
0.63561964
0.5502698
0.3322953
0.6395892
0.56509733
1.2172576
0.5414557
0.81520647
0.94708943
0.87643504
0.8726628
0.69594693
0.59115785
0.6232816
0.31472403
0.19344473
0.27054584
0.34136912
0.21382037
0.537659
0.48691976
0.987578
1.2340482
1.0388851
1.0666854
0.88563114
0.8348646
0.46522436
0.38785735
0.5053541
0.951952
0.85905623
0.9993458
0.9367084
0.8851195
0.63109124
0.6091018
0.42670554
0.56198573
0.39230603
0.3268153
0.3583309
0.44969928
0.6049041
0.69972074
1.3612152
0.41418114
1.4550409
0.46832857
0.3602415
0.41904628
1.023039
0.33249468
0.5639009
0.5456705
0.46215975
0.9096839
0.78568226
0.69215274
0.7624327
0.5808663
0.769477
0.56115955
0.30127013
0.28867412
0.3357967
1.0050626
0.6487505
0.67001176
0.6348789
0.7455046
1.3996006
0.6753519
0.690882
0.5623067
1.0221066
0.5403494
0.5781003
0.6290749
0.59004253
0.83045924
0.42148277
0.7404463
0.62695915
0.6252718
0.33390892
0.3398088
0.26739845
0.21466783
0.1599594
0.56663525
0.57152134
0.65562356
0.8216996
0.61009854
0.69317174
1.7843823
0.6569309
0.6791265
0.9230857
0.5039118
0.4916434
0.770378
1.4814546
0.57178754
0.7169895
0.12416163
0.43335018
0.65296465
0.38255024
0.36711586
0.23433316
0.16758892
0.203127
0.24631026
0.62269026
0.5734881
0.7251676
0.7501139
0.7208662
0.80528516
1.0848037
0.90442157
1.4204835
0.56926924
0.49006462
1.75522
1.866655
1.3088905
1.1166087
0.57762647
0.3441145
0.24976552
0.15882584
0.26295042
0.17773694
0.039424453
0.61207676
0.58259004
0.9746066
0.98936826
0.8903196
0.5123194
0.2920768
1.2504302
0.6370314
0.6630186
0.86961395
0.41532674
0.804891
0.3962161
0.59328604
0.68932134
0.96837246
0.71000373
0.5730075
0.4680664
0.43135116
0.46832058
0.33181015
0.27841005
0.30303213
0.8067069
0.4608488
0.50503397
0.6228807
0.50387675
0.9175116
0.4044211
0.20762023
0.3769164
0.95292515
1.442041
0.8361745
1.7341958
0.7850859
1.8244017
1.2990587
0.96636355
0.5780207
0.35656956
0.29369092
0.28634
0.29334715
0.4137378
0.22216961
0.42606506
0.61622447
1.3087337
0.6349252
0.5070409
1.3146085
1.2504534
0.4888345
1.9725952
0.97638077
0.5377476
1.0619082
1.6792936
0.5713066
1.9081143
1.3493866
1.3152755
0.91402376
1.2741959
0.8777496
0.90948373
0.33750483
0.22116417
0.26442233
0.41627723
0.37627405
0.47750977
0.23383838
0.52583027
0.2175028
0.21289891
0.50231636
0.5873585
0.5465008
0.87481517
0.8785719
0.75044155
1.0249528
1.348087
0.9413049
1.1016439
0.83993345
0.77161586
0.68104446
0.93266
0.35108054
0.22749603
0.33707836
1.0152887
0.4126545
0.53400624
0.57071656
0.58775485
1.1817366
1.3710332
1.1616132
0.27383065
0.6304745
0.8976285
0.9130772
0.6753599
1.1693887
0.3723411
0.53473985
0.592479
0.6127287
0.8172162
0.7924923
0.38698888
0.22785106
0.29995853
0.42148915
0.937499
0.69617057
0.66855216
0.82170224
1.0251588
0.31263116
0.6420655
0.6129863
0.4553221
0.69950527
1.8904245
1.914285
0.9956018
1.3595761
0.6534804
0.78890073
0.66095626
1.0465623
0.7177778
0.5407987
0.61176866
0.23534971
0.09951195
0.45534033
0.0379929
0.8044833
0.25714326
0.37912285
0.843501
1.09747
1.3574039
0.34148654
1.6291584
1.2950324
1.080246
1.2381274
1.5396311
1.7302645
1.1610883
1.6830899
0.77179265
1.0642397
0.6114123
0.62713856
0.70093095
0.526351
0.1559189
0.055881236
0.3884746
0.39005616
0.39031652
0.5372726
0.44562978
0.4611557
0.2378808
0.39160913
0.51855814
0.6969224
1.4202585
1.2563692
0.9589084
0.65130204
1.101076
1.7229941
0.5588701
0.7440482
0.5068251
0.28044507
0.2839475
0.25690326
0.2198954
0.64689493
0.35750586
1.1086332
0.31128594
0.3567137
0.5346743
0.4711733
0.6757054
0.63818157
0.94475734
0.79253477
1.1518419
0.48024726
0.16768533
0.9163395
0.21539581
1.4129461
0.5806289
0.547967
0.32236388
0.5786235
0.2941344
0.29659882
0.25581414
0.56755346
0.55453867
0.51480556
0.52837
0.52849764
0.24885786
0.3304894
0.15765917
0.7558476
0.636476
1.1773627
0.60452336
0.48293835
0.7036119
0.80596584
1.8333892
0.7073611
0.69926924
0.5780073
0.4270217
0.51834553
0.5429173
0.3479332
0.23066992
0.54784495
0.50909597
0.38917753
1.5314896
0.6593194
0.49412808
0.7060744
0.63024336
0.29896587
1.0176134
0.8098301
1.0526534
1.0708109
0.80774283
1.5349553
1.2664998
1.0250688
1.0366265
0.73015237
0.47899678
0.43833673
0.65316635
0.5028526
0.37821755
0.345086
0.51497674
0.841332
0.70281065
0.74230075
1.2220962
0.5515972
0.6449913
0.84089726
0.4928559
0.30055025
0.8793104
0.5166909
0.8020278
0.5796226
0.7135712
1.4598665
0.46180505
0.8204783
0.42528263
0.33240196
0.29146808
0.2897694
0.40242067
0.11372563
0.51427215
0.51348513
0.80506885
1.4066658
0.83203053
1.5123429
0.305247
1.2046152
0.54008204
0.6839692
0.7566281
0.91669625
0.29914582
1.8398101
1.5845726
1.060502
1.0359706
0.73686624
0.8007173
0.5383838
0.5125829
0.5620897
0.5276874
0.6260605
0.43365985
0.66398567
0.75009906
0.74985677
0.32043597
1.2474471
1.621531
1.1888107
1.5115763
0.6872552
2.2025979
1.1580901
1.3289821
1.4423438
1.9106369
1.3971606
1.5561253
1.1297449
0.5100883
0.4105065
0.89916325
0.32464224
0.26312527
0.36186022
0.41357616
0.3357168
0.79564613
0.54824924
0.7137591
0.6234535
0.38603994
0.6300957
0.47486788
0.33869663
0.49950695
0.9824584
0.4651499
2.2846014
0.6117248
1.0316931
0.76099235
0.35218704
0.40954134
0.3676842
0.2544296
0.24498028
0.3283427
0.63315856
0.42687944
0.19765383
0.38601726
0.35273
0.41662404
0.4544716
0.32170334
0.3957534
0.4896776
0.8499392
0.7352022
1.4224352
0.42801502
1.0132663
1.2098298
0.66795176
0.93222713
0.4821711
0.35349557
0.39378294
0.34946147
0.27096173
0.22577897
0.40044433
0.39037484
0.6158447
0.83110875
0.7669079
0.39011055
0.36085463
0.5179369
0.5631326
0.7459014
1.771378
0.32125577
0.9667099
0.6222158
0.9748977
1.1332532
1.0790205
0.79775107
0.6280226
0.5252422
0.36096725
0.28479952
0.22873908
0.27685702
0.40289333
0.8134412
0.9202248
0.7997691
1.2005967
0.49799433
0.7260478
0.18690279
1.1238596
0.9626134
0.65335935
0.35512838
0.32805392
0.26211628
0.7360009
1.151703
0.97875553
0.46210262
0.5171289
0.23100659
0.30893323
0.23479488
0.22791228
0.22808197
0.21336189
0.5393898
0.5112119
0.5730579
0.3888108
0.47074485
0.89704907
0.46740392
0.24297297
1.2982827
1.4170444
0.69639033
0.6259612
0.6477467
1.1154139
1.7259783
0.8526823
0.60271287
0.56262845
0.29869184
0.2664726
0.3246564
0.2602954
0.25848162
0.26646048
0.2646712
0.9347364
0.14461371
0.7726742
1.0889039
0.32559118
0.7886499
0.77237904
1.2499167
0.53983665
0.6511673
0.5155728
0.5075538
0.7833955
0.67127836
1.373986
0.50276434
0.44654417
0.27420297
0.20680454
0.24195075
0.19574824
0.18799183
0.1927107
0.3568049
1.1540811
0.8341593
1.3532236
0.24492517
0.68932295
1.069444
0.5824159
0.7154285
0.97486913
0.7457164
0.68098044
1.6687582
0.94960576
1.0902847
0.6126905
0.5942483
0.27866024
0.25329527
0.29768074
0.24231425
0.19461426
0.17407885
0.35313737
0.39465818
0.29915732
0.33607045
1.4089067
0.8040654
0.24544698
1.9510379
0.31163523
1.1118267
0.5375567
0.9262775
0.86558455
0.5505882
0.36120284
0.6785546
1.0291588
0.73306763
0.29817215
0.30072665
0.24748293
0.29926273
0.22914398
0.32597455
0.3687789
0.42863476
0.4146525
1.0931259
0.595197
0.47028914
0.33357063
0.5591112
0.33926088
0.37488794
0.47696453
0.5820864
0.807203
1.2203122
0.46346316
1.2777365
0.89488447
0.56887186
0.63762647
0.47826728
0.24691904
0.14290515
0.2571586
0.2575118
0.5428281
0.8361108
0.5865108
0.40397984
0.6140749
0.90265125
0.36647335
0.20700377
0.6054481
0.23130947
0.47841588
0.4653268
0.8061602
0.55466735
0.88021165
1.0461327
0.9045307
0.34852162
0.30422115
0.34794688
0.22891691
0.18662003
0.2569735
0.31334504
0.48167452
0.45207208
0.7385093
0.849431
1.0373254
0.8491345
1.0453788
0.2653529
0.4030724
0.8608082
0.80070066
0.6496583
1.0180624
1.2803922
0.94406253
1.0568639
0.7265468
0.4173561
0.35470662
0.29901648
0.256041
0.27399766
0.20238125
0.26102716
0.3243765
0.42922208
0.8126057
0.76697904
0.4282129
1.1198136
0.3269544
0.22406211
0.40595362
0.4458561
0.7170033
0.55854094
0.45042846
0.58318025
1.0645752
0.8801338
0.8945186
0.41235304
0.40490043
0.3593665
0.53094476
0.5206339
0.28996632
0.3962677
0.47587463
0.65211844
0.84387535
0.38896203
0.85781515
0.95597655
0.6044997
1.1919358
0.15330428
0.52500707
0.40579987
0.5748224
0.27208546
0.6865662
0.7540927
0.9387691
1.378513
0.38764352
0.45982447
0.35508114
0.43417138
0.26935422
0.19871897
0.27192128
0.20575637
0.43691432
0.61009514
0.46313676
0.8989656
0.38278943
0.44305733
0.7743295
1.0864414
0.68314546
0.9355174
0.37999213
0.98967177
1.1070422
0.99515986
1.3721758
0.80833375
1.1269683
0.25823718
0.16878274
0.21102929
0.21319371
0.17157787
0.075359106
0.5241075
0.737054
0.5673113
0.67158335
0.8156283
0.60914016
0.26883343
1.0488453
0.32008487
0.7929579
0.5766358
1.1879838
1.0862707
1.1855538
1.4923979
1.362069
1.1294147
0.72237796
0.46159288
0.48469526
0.42474678
0.40968108
0.24054098
0.20892406
0.5492647
1.4132786
0.79578674
0.38906687
1.1151044
1.1054407
0.7477876
0.25037187
0.6358805
0.38005224
0.15132591
0.630113
0.29635227
1.2164261
1.7820766
1.2593468
1.0376561
0.5079982
0.34591433
0.26486772
0.18894768
0.3015405
0.15168333
0.2156859
0.53328544
0.41129133
0.3440642
0.41518527
0.55484813
0.89864004
0.60547364
1.269113
0.16005093
0.28716236
0.38735664
1.2863095
0.53682023
0.6170369
0.8964136
1.135008
0.81323504
0.31600103
0.5285238
0.38990444
0.2654829
0.22104391
0.18496978
0.26304808
0.6089823
0.5748461
0.6349566
0.45503473
0.41074476
0.42452008
1.0037609
0.9611937
0.47622368
0.6458785
0.7856764
0.72333634
0.74463326
0.8098473
2.0298932
0.98200077
0.6433978
0.71723324
0.36372393
0.3061921
0.27656057
0.1953477
0.24401316
0.3078033
0.843698
0.74441296
0.16981676
0.6790498
0.65911335
0.32097456
0.48345572
0.80597264
0.6935621
0.35692507
0.3752841
0.43298498
1.1521919
1.0496231
0.60429764
0.48552528
0.77949035
0.67166096
0.40457746
0.36208284
0.32569784
0.284342
0.18889657
0.22246811
0.2603915
0.32017508
0.5039505
0.6389792
0.31322268
0.95917666
0.6593635
0.7433626
0.91908956
