0.6603957
0.44032106
0.37379357
0.31533745
0.30472535
0.3245824
0.37200105
0.6525043
0.4805101
0.6201647
0.362275
0.32731014
0.84651136
0.9759826
0.47040066
0.42962238
0.3472431
0.3542605
0.3560657
0.34550312
0.3118241
0.35536003
0.40521038
0.4341855
0.7229612
0.47807685
0.34449136
0.24395579
0.31727117
0.7191102
0.4389282
0.59690905
0.73393774
0.5799038
0.8539205
0.9675936
1.0314175
0.9750638
0.47216225
0.45549396
0.37948123
0.3814197
0.3723762
0.3804535
0.30810532
0.3201281
0.30998746
0.5626453
0.71007997
0.4831255
0.43714976
0.35444823
0.3735115
0.38402623
0.3936403
0.6058748
0.49344823
0.73417854
1.3309468
1.4186463
0.7775291
0.809806
0.49523807
0.45239758
0.38151872
0.37726146
0.3602754
0.3612232
0.3159784
0.32817155
0.3624958
0.51473814
0.7206111
0.44501323
0.83658403
0.36774394
0.26163426
0.705205
0.49906382
0.3685714
0.6696467
0.9032278
1.3993815
1.1777631
1.2180784
0.98717797
0.6075768
0.45747444
0.41470724
0.42344007
0.41273192
0.39500368
0.32152587
0.3135138
0.35988694
0.39470056
0.56666
0.5313574
0.52951443
0.51881146
0.8248599
0.7540383
0.70030534
0.76002556
0.725719
1.2351824
1.087291
1.3354017
1.2147837
1.2736373
0.7230596
0.54177785
0.48225093
0.46588424
0.43309927
0.40947044
0.32378358
0.3401502
0.37802503
0.46999788
0.63872814
0.90819246
0.77259827
0.954132
0.8482002
0.81864774
0.54332626
0.47844163
0.4782389
0.5296779
0.49928063
0.410443
0.45077285
0.40187693
0.39911595
0.39404193
0.3853843
0.35788158
0.35047892
0.350838
0.30375576
0.34967005
0.38554955
0.3807542
0.42181706
0.49719545
0.5506743
0.49547458
0.7075689
0.47287446
0.4712406
0.34284103
0.29025435
0.4013293
0.55423015
1.1055101
0.8604009
0.9549016
0.6200582
0.44178113
0.40079513
0.3590256
0.37533435
0.34331942
0.25820017
0.32257226
0.45884216
0.41479406
0.43745598
0.590944
0.648481
0.62083805
0.9561823
1.1553731
0.6610365
0.5882063
0.88349134
0.7319524
1.0360081
1.0427628
0.8144458
0.8118035
0.47621715
0.3913631
0.3427076
0.3496015
0.360302
0.35537493
0.30442667
0.3790607
0.47061732
0.459195
0.44847596
0.52394176
0.744958
0.994272
1.1078811
0.6154607
0.5844033
0.51076174
0.6713932
1.5697806
1.117888
0.8847094
0.71336555
0.8007528
0.46330023
0.38398188
0.36083087
0.37165663
0.37357032
0.38045394
0.33364275
0.38960198
0.4136771
0.42727494
0.45719633
0.5238447
0.5380494
0.8544751
0.8341172
0.8526201
1.2060759
0.5921863
0.4946885
0.40469757
0.40411884
0.39798224
0.36873236
0.33883598
0.29751876
0.33712968
0.3055275
0.33124095
0.32527572
0.32073987
0.2606767
0.2696665
0.3608137
0.4007624
0.39179295
0.5768343
0.6057258
0.88025326
0.39322108
0.33277276
0.64655584
0.6332815
0.55603534
0.47478738
0.8055466
0.8731262
1.1932665
0.74162036
0.74928385
0.5281503
0.47728598
0.4628764
0.42164847
0.42069006
0.3615084
0.38439396
0.43351784
0.45708582
0.5936772
0.61324775
1.0377864
0.6769428
0.5466814
0.8520123
1.6932402
0.72918457
0.4985775
0.4005688
0.28265887
1.1695619
0.8169303
0.75317425
0.56742024
0.43595818
0.4479663
0.386361
0.34236103
0.3722164
0.32090744
0.35779572
0.3971236
0.43011454
0.39640942
0.5240417
0.5807918
0.7085224
0.6657765
0.73857415
0.6088267
0.57731813
0.8605106
1.0827264
1.1315862
1.5451895
0.5711023
0.5421734
0.52724797
0.43372092
0.40380707
0.3308109
0.3425528
0.3513851
0.29510444
0.39264104
0.450192
0.36716738
0.44782516
0.50752014
0.5891614
0.8123009
0.7853207
1.2553942
0.8143808
0.60600233
0.8199689
1.1987873
1.1562277
0.9915243
0.6412822
0.7519244
0.4854362
0.40785763
0.3636548
0.32439134
0.3522529
0.33242524
0.2668028
0.26502863
0.332668
0.4112142
0.4308628
0.53594726
0.69728
0.6232214
0.45772737
0.4553524
0.47317442
0.49040174
0.61047953
0.6693903
0.86852986
1.0020031
0.6122506
0.5724688
0.46229753
0.39742932
0.35334232
0.33023617
0.32817563
0.31990477
0.2296105
0.26799405
0.32150015
0.45464918
0.44666538
0.6598626
0.577703
0.4965195
0.40794837
0.4221201
0.41830477
0.6609217
0.7912991
0.527739
0.7654408
0.9347059
0.78089714
0.6048483
0.50226086
0.38890976
0.3576746
0.32830447
0.3268692
0.32373402
0.26623982
0.25921783
0.31656426
0.41182217
0.5004746
0.64498794
0.6326971
0.51110125
0.56737745
0.8196619
0.7163669
0.5693104
0.56648487
1.0340871
0.80406016
0.6951843
0.6473095
0.51882154
0.46946445
0.35315678
0.36826095
0.33406502
0.34155175
0.3556319
0.29610646
0.27231207
0.33257973
0.40621072
0.49272692
0.5045694
0.62239563
0.95054495
1.2806374
0.7960938
0.95200306
0.6582471
0.8985202
0.48867783
0.41156486
0.35394308
0.30275097
0.41566068
0.6686261
0.40169886
0.45286626
0.36157647
0.29995182
0.31057367
0.2574769
0.27187905
0.33369836
0.40950114
0.58502406
0.6354155
0.8274673
0.5845777
0.7845954
0.8173304
0.8464083
1.2392143
1.0766604
0.7587457
1.0952082
0.94860154
0.7846073
0.6428821
0.4587412
0.3464429
0.4193619
0.36894962
0.34952217
0.366132
0.31258795
0.29795906
0.34941888
0.42913103
0.5432876
0.7610792
0.75299644
0.60045654
0.66757536
0.6588396
0.7366694
0.6694777
0.7412796
0.8357421
0.661403
0.8432202
0.67816234
0.5641028
0.40203053
0.30672008
0.37519345
0.32377362
0.36257774
0.3517423
0.29769856
0.30542898
0.34056354
0.58164763
0.5798988
0.511138
0.4339207
0.4242795
0.4378174
0.37701914
0.47324866
0.56728333
0.66065097
0.8361687
0.65087616
0.8479816
0.7130713
0.65304387
0.37013572
0.3726399
0.31268096
0.31406197
0.3192463
0.31734636
0.2677984
0.2938339
0.5772216
0.7717976
0.35331425
0.49839747
0.49109942
0.2711118
0.34969798
0.4779531
0.4682643
0.7916892
0.7047964
0.75864625
0.8391098
0.7352054
0.6870339
0.538397
0.36760136
0.35661128
0.29190287
0.3158826
0.3150624
0.3179514
0.2994605
0.351066
0.6364479
0.76151234
0.6642558
0.5793312
0.33187863
0.3855449
0.39922857
0.39123422
0.48263568
0.6339326
0.6771027
0.77787024
0.76494485
0.66007525
0.6491346
0.5875212
0.37653157
0.35819358
0.2953784
0.32177395
0.31711596
0.331359
0.30440086
0.31697208
0.6384435
0.5798247
0.39553288
0.39070085
0.33019748
0.26942793
0.44675124
0.4491063
0.5026207
0.7539434
0.64837813
1.1460744
0.86200583
0.75632316
0.7152609
0.5201827
0.3807929
0.3112577
0.32556778
0.32284737
0.30910146
0.32193616
0.30875728
0.3191125
0.6331731
0.718824
0.51451015
0.47681558
0.35379106
0.32949048
0.44383562
0.7233622
0.46881512
0.8037951
0.72265786
0.8556989
0.7423758
0.90321666
0.65089685
0.66364586
0.42446977
0.35549977
0.34268537
0.324499
0.31294727
0.3181955
0.3024765
0.29776087
0.49938437
0.40747026
0.6671545
0.8590393
0.47427264
0.5930927
0.8049464
0.72131854
0.69932973
0.5156644
0.61141664
0.93024653
1.3756274
0.8364497
0.73411185
0.6808632
0.5390706
0.3655274
0.37801585
0.34831426
0.35727364
0.36425948
0.3036997
0.2685504
0.28985128
0.38007864
0.4956836
0.7283891
0.5921157
0.64848286
0.80276114
0.66101724
0.7267168
0.6415874
0.72033614
0.66236424
0.7700324
0.3792927
0.2498995
0.44326985
0.4159188
0.25629836
0.3284658
0.33027163
0.32367343
0.32710046
0.30600524
0.3582385
0.43817663
0.6792721
0.5137127
0.51627314
0.48191044
0.3183624
0.38931552
0.60431147
0.5782971
0.63440615
0.53900117
0.5173201
0.39937863
0.37936997
0.37819245
0.41618884
0.20395443
0.34971288
0.2730346
0.3249823
0.30084565
0.2968407
0.24173036
0.2713366
0.5882862
0.7494614
0.37390184
0.3798982
0.31595245
0.2634358
0.40020913
0.4782853
0.60636616
0.70251864
0.3565579
0.6341248
0.71508247
1.025808
0.7516272
0.404352
0.40178
0.32346246
0.30152276
0.31470737
0.3286397
0.33255836
0.3290731
0.33040795
0.64664775
0.7719058
0.38088596
0.4613976
0.35962105
0.3544888
0.37264645
0.38299164
0.48961842
0.74064785
0.87673837
0.6796239
0.7372383
0.7146612
0.66037387
0.4122232
0.3276179
0.31674784
0.30002874
0.319576
0.32409412
0.3245451
0.3191482
0.31311283
0.5893466
0.7273108
0.6369321
0.4933687
0.35403877
0.24956739
0.43410015
0.44945145
0.5913365
0.6542956
0.65585214
0.91108876
0.62737226
0.52943504
0.82921714
0.5272573
0.3410614
0.3095803
0.3082002
0.31597543
0.31505156
0.31729096
0.31179002
0.29200357
0.56530774
0.81455386
0.6336578
0.56520873
0.33217594
0.5853305
0.5496271
0.6764786
0.5543083
0.75343037
0.8401483
0.80937624
0.8160392
0.9646717
0.9938002
0.6729945
0.4115096
0.31809616
0.32788736
0.3219454
0.32060522
0.31956065
0.31551826
0.31009185
0.42177248
0.42607772
0.6814008
0.82053053
0.45301747
0.6540704
0.84678936
0.5733564
0.5662593
0.66161644
0.8166576
0.89753896
0.98850465
1.0030363
0.97973096
0.82541114
0.39484167
0.34642246
0.3386384
0.34718502
0.3501215
0.35517064
0.30673108
0.26171458
0.2728954
0.36107168
0.48959485
0.75419205
0.70383537
0.8491496
0.8579742
0.74380106
0.82092273
0.6508283
0.79358584
1.0008543
1.2383866
0.6389667
0.652526
0.63972986
0.3581751
0.30691835
0.31265593
0.33573914
0.346285
0.35362297
0.29883653
0.3525728
0.50619566
0.81456167
0.70272934
0.5611991
0.43303072
0.3176888
0.44470963
0.35333717
0.517881
0.8798919
0.47766018
0.66972834
0.80261886
0.7968184
0.89739263
0.5252333
0.36621997
0.3405612
0.30757552
0.32830307
0.33213004
0.32594788
0.29508772
0.24583304
0.70022017
0.7168282
0.45633218
0.37951925
0.37750897
0.220765
0.35785723
0.29260185
0.43659997
0.7746514
0.7144897
0.7365519
0.8254594
0.7430991
0.7330142
0.41945225
0.28945082
0.32188687
0.31424913
0.33671555
0.3302284
0.32156965
0.319913
0.31434473
0.7367618
0.72748053
0.40918878
0.3762937
0.35223174
0.28063068
0.4955869
0.34365794
0.50681204
0.676222
0.5966484
0.8615453
0.69900787
0.8796738
0.880186
0.41874295
0.3807193
0.3106626
0.3093869
0.3251031
0.32064244
0.30644977
0.32633552
0.31518477
0.6406776
0.7585264
0.42597347
0.47293088
0.20022011
0.572047
0.5409249
0.52763677
0.5396783
0.88227284
0.6608691
0.45621482
0.553452
0.61759937
0.6494969
0.5360337
0.35006362
0.319856
0.30295593
0.32206208
0.2901701
0.26526302
0.2788697
0.2678243
0.29626817
0.5994269
0.48126984
1.0562812
0.73543626
0.42147353
0.42342755
0.51615626
0.42397988
0.524391
0.47911653
0.711893
0.7588936
0.39230633
0.38265574
0.32582945
0.36141482
0.35351673
0.32152253
0.33824724
0.3078603
0.3151717
0.34331915
0.30368596
0.4135212
0.38801607
0.56243145
0.49170896
0.36938745
0.5398078
0.73030734
0.5553613
0.35876197
0.86684984
0.7564132
0.8544387
0.9203056
1.3615861
1.2805393
0.76986605
0.4313351
0.5418931
0.38035375
0.36052433
0.35558134
0.35284808
0.3043155
0.26590386
0.31553623
0.38891804
0.45426115
0.85582066
1.0237665
0.59177154
0.8194126
0.73884547
0.5454269
0.9410129
0.6865501
0.68014723
0.42002532
0.28609833
0.39881212
0.40719828
0.3607921
0.3613462
0.2935087
0.32410386
0.32128698
0.30964035
0.2941885
0.35894918
0.5663435
0.32612082
0.3258727
0.4431841
0.4165997
0.36557218
0.883288
1.0524573
0.7708387
1.0681049
0.31688157
0.6488355
0.98605007
0.80272955
0.86408895
0.6592465
0.38478112
0.2836776
0.309937
0.3276379
0.3321059
0.3282945
0.32465714
0.25162277
0.3758984
0.46162394
0.45665404
0.5401712
0.45269313
0.3704402
0.25998566
0.35000035
0.43802002
0.7336917
0.6468459
0.6313407
0.6366658
0.7839064
0.76926833
0.41668794
0.36208066
0.30919635
0.32296908
0.329825
0.32614607
0.31165558
0.31772742
0.30657998
0.81425583
0.6833647
0.3739275
0.37414598
0.34824714
0.3060757
0.3671959
0.32097593
0.6645187
0.2442334
0.33023542
0.992841
0.81814986
0.8204512
0.7286748
0.42565733
0.3183414
0.32066426
0.32246414
0.3244303
0.3368966
0.32119915
0.32389903
0.31366247
0.8660564
0.5824267
0.4093805
0.53956926
0.45164612
0.42013213
0.3253524
0.44156098
0.64666927
0.8514085
0.8980568
0.70005804
0.75347966
0.8540343
0.83916956
0.3573293
0.32966295
0.34237295
0.3265426
0.33628267
0.3367621
0.31577593
0.33469036
0.29617023
0.7516645
0.71294165
0.46823856
0.680778
0.3015307
0.18908045
0.62044173
0.44189382
0.5205542
0.82035977
0.7198343
0.65714324
0.61165446
0.90913403
0.9814767
0.5634127
0.46957865
0.2982621
0.31050205
0.32217318
0.3201884
0.3031388
0.3096586
0.2979728
0.34799573
0.44035545
0.41877922
0.7010335
0.59548503
0.56867844
0.6732006
0.6060093
0.61281455
0.5967397
0.64544123
0.9546429
0.54896694
0.3379372
0.9521937
0.5780452
0.40571675
0.3380707
0.30831638
0.33775073
0.34190968
0.35468954
0.27787772
0.28354892
0.33803588
0.3902516
0.52261865
0.6769257
0.53459644
0.6211899
0.8142643
0.5813728
0.50143635
0.48605433
0.56030804
0.8391906
0.5774207
0.37803948
0.6080267
0.5002113
0.3601254
0.31035316
0.2883314
0.31849176
0.31354874
0.30665436
0.3308705
0.38743523
0.6001166
0.48758945
0.33968723
0.45328858
0.22429484
0.34642467
0.26072848
0.573596
0.58481777
0.37161046
0.7480744
0.39448944
0.7000183
0.80530035
0.6885516
0.4116836
0.2776811
0.3673842
0.30002096
0.32307377
0.33503556
0.3028675
0.28364816
0.25926834
0.7047458
0.6620354
0.39582887
0.44729754
0.25039056
0.2955265
0.2747836
0.3144199
0.43081176
0.8120337
0.66617244
0.89215595
0.7070381
0.6386215
0.54315513
0.25468475
0.33521253
0.34138584
0.3088435
0.32159364
0.31592906
0.28648663
0.29501835
0.26849928
0.6205848
0.8436836
0.43635452
0.30580866
0.33632317
0.4179257
0.4637869
0.24900451
0.5986346
0.78437275
0.5724576
1.0364017
0.7268106
0.6522666
0.66513056
0.34434587
0.25352174
0.29123718
0.31619966
0.31912982
0.30609912
0.2784094
0.28853694
0.26651466
0.5293749
0.42113915
0.3751895
0.42178145
0.5462646
0.3319488
0.3876029
0.4057579
1.0212795
0.7112788
0.71896935
0.6522639
0.9341668
0.5316962
0.49340868
0.34835112
0.28088066
0.32530123
0.29637417
0.32633734
0.30906045
0.30243927
0.31924286
0.2793314
0.48918045
0.4483741
0.4729732
0.8052944
0.3711826
0.46461335
0.65233713
0.4488852
0.6161332
0.5290559
0.77533567
0.57051504
0.65643936
0.98292506
1.0398788
0.54008794
0.45000225
0.34630796
0.35433444
0.3196855
0.31314683
0.31231526
0.21361169
0.25517485
0.30054626
0.3977635
0.44805753
0.8235395
0.62095433
0.7944644
0.5610504
0.65046734
0.5730985
0.6465197
0.65203464
0.3202012
0.33524022
0.44581145
0.5641633
0.38272104
0.29342148
0.26318404
0.30623034
0.3213343
0.35955235
0.35732648
0.32238853
0.32114178
0.39147916
0.4451928
0.4821433
0.9126865
0.49863675
0.63511235
0.64424837
0.5938441
0.76009136
0.6247999
0.707268
0.37455654
0.24538997
0.24822357
0.44002974
0.35479328
0.31970513
0.2593186
0.29191196
0.30173105
0.32679307
0.28961098
0.27249107
0.3055555
0.21448526
0.54761803
0.38377482
0.4785334
0.3258735
0.308269
0.33822963
0.90949416
0.54048
0.6781133
0.942125
0.6627754
0.6106025
0.78584605
0.5363626
0.38069713
0.3476168
0.33511668
0.3245589
0.32581127
0.32174116
0.30376294
0.31074226
0.2471205
0.6999537
0.6781969
0.35966322
0.36726278
0.36033276
0.35329455
0.36460826
0.2645993
1.1015002
0.65325475
0.39213437
0.7898127
0.6574238
0.8877491
0.63123184
0.33689624
0.38723144
0.3471256
0.31997436
0.32080573
0.32052326
0.29853627
0.36130744
0.31088877
0.63154423
0.60119104
0.36449295
0.33608475
0.31194735
0.3581815
0.38461798
0.34317786
0.98481965
0.60760635
0.30457273
0.8502703
0.664433
0.78274137
0.75704664
0.43135685
0.36656687
0.3244316
0.3435446
0.3294039
0.34546322
0.31312945
0.328141
0.2997655
0.6209004
0.5176114
0.3084184
0.39150706
0.3375815
0.3124824
0.40864646
0.30901363
0.9530313
0.69500154
1.8197355
0.55597216
0.6459237
0.5073047
0.93404603
0.6107091
0.45660663
0.3183371
0.31536216
0.34012666
0.35744005
0.35617533
0.30490056
0.33041748
0.58805645
0.60856396
0.4204291
0.92764187
0.47812426
0.658579
0.5016608
0.73005474
0.33109647
0.7096051
0.9060565
0.71015745
1.7446252
0.6124535
1.0692409
0.67444104
0.4704352
0.31748283
0.31776637
0.3464427
0.35326046
0.36134633
0.3417408
0.38128337
0.39835697
0.4226451
0.52381855
1.5579215
0.60548663
0.82710564
1.1747199
0.83348817
0.69207734
0.6010155
1.3815963
0.636749
1.1067153
0.68626827
0.76211107
0.6816065
0.43597463
0.3535954
0.3316798
0.33937728
0.3585997
0.37779164
0.29593247
0.30494535
0.33930328
0.43395102
0.9334394
0.80291075
0.7337948
0.8471325
0.54287314
0.56509703
0.49168068
0.6176717
0.4569256
0.44553757
0.6806029
0.6138253
0.7338857
0.59169644
0.46878153
0.25287902
0.31897727
0.32707414
0.34130388
0.32000256
0.34621838
0.39454395
0.6013293
0.55544364
0.35469034
0.40262535
0.25761724
0.4218937
0.49094614
0.33646312
0.6657656
1.5429838
0.66284305
0.90704226
0.9912542
1.0042143
0.91147
0.5670834
0.45318463
0.29735103
0.36748627
0.3440752
0.3734826
0.3646731
0.3726906
0.3508772
0.7005642
0.569805
0.5002467
0.44701982
0.50995547
0.46501425
0.4203842
0.36805338
0.75284684
0.85635024
0.6710579
0.9255194
0.821081
0.92967296
0.8497303
0.41358927
0.4245819
0.32085073
0.3596314
0.3444958
0.3549259
0.34087443
0.37376326
0.3990646
0.9668908
0.5765594
0.46632767
0.38588277
0.5037684
0.75437576
0.47667772
0.3656185
0.8033238
0.88697296
0.7227159
0.91000956
0.81280255
0.924858
0.94372874
0.5275377
0.4141408
0.33054632
0.36313292
0.34352154
0.36467215
0.3318577
0.34051615
0.3082178
0.6466104
0.8003192
0.4439201
0.4677918
0.45623723
0.29308978
0.47317284
0.35155538
1.0621449
0.7523596
0.6965325
0.84240234
0.8708335
0.7748814
0.88373923
0.43195984
0.39203492
0.32288313
0.35632336
0.34720436
0.3602637
0.34252286
0.3473422
0.32057723
0.62086564
0.62407094
0.3314701
0.9590942
0.47526157
0.33907482
0.63115966
0.45399272
0.44739163
0.82066405
0.7234426
0.9355265
0.86235017
0.753516
0.80197024
0.6007609
0.35787416
0.32338822
0.33658636
0.33772942
0.33863154
0.33244357
0.32991794
0.33730084
0.3324029
0.42123646
0.5587819
0.70133644
0.53147036
1.0094104
1.108446
0.7249924
0.7089141
0.76295877
1.1681337
0.6347255
0.9512743
0.42067394
0.40891665
0.3023873
0.3744323
0.3359994
0.35932332
0.35769656
0.39139068
0.37580293
0.32505643
0.30460748
0.41602662
0.41845554
0.55909604
0.62471485
0.4616051
0.97689164
0.6455727
0.8105219
0.7787912
1.0737325
0.95073766
0.9239747
0.98852533
1.2446471
1.2085927
0.53199774
0.6078849
0.3222059
0.3443837
0.32291993
0.3489209
0.3434838
0.39205548
0.3830759
0.5730273
0.3355908
0.8667017
1.1352085
0.43824875
0.6038343
0.41421118
0.42317694
0.78376377
0.78742445
0.9504411
0.4333827
0.90954757
1.0630752
0.95156217
0.64994174
0.5462411
0.39756027
0.35587654
0.32811216
0.32588083
0.3173555
0.2957798
0.2283704
0.5324998
0.520712
0.71558076
0.7712395
0.2963509
0.32593384
0.52424026
0.63897365
0.71429336
0.26287743
1.2237396
1.1533421
0.6818134
0.7094556
1.1504593
0.5182018
0.52465785
0.36731514
0.3639401
0.33886063
0.34593615
0.32083052
0.40164003
0.7017183
0.44171613
0.6253698
0.30689102
0.4154625
0.43346652
0.5572793
0.7353847
0.6860881
0.71549445
0.6104879
0.88762635
0.5404317
0.70824236
0.64935666
0.95395017
0.4755708
0.4338403
0.32115763
0.35969448
0.3341135
0.33816537
0.31449544
0.3106532
0.3365303
0.33181828
0.43719032
0.50137687
1.1180518
0.22529382
0.56569237
0.65261817
0.63936836
1.0178357
0.49004948
0.5738644
0.9035334
0.96182287
0.9172606
0.859694
0.51904863
0.42388597
0.34851295
0.3467481
0.35347718
0.36287424
0.34251088
0.3642275
0.3708289
0.3671852
0.44991347
0.67906666
0.7949071
0.48041514
0.70694286
0.683748
0.73417175
0.8065947
0.62370485
0.86914855
0.91866493
0.6582146
0.89070034
0.9073168
0.62939876
0.46660343
0.39400586
0.4053224
0.3527907
0.3518371
0.36040694
0.34469974
0.37774742
0.35461873
0.4125859
0.6446065
0.81256753
0.5879311
0.5503417
0.70906204
0.7526969
0.90298337
0.6593838
1.0890582
0.65955096
0.46690106
0.95225334
0.86459273
0.78008896
0.5344482
0.39139795
0.34643453
0.34223932
0.34817103
0.37452477
0.3211271
0.31236678
0.34231812
0.43064812
0.6496014
0.75326085
0.59531474
0.6534496
0.5911684
0.64844066
0.7304615
0.94496
0.44490606
0.7833495
0.91899884
0.5945801
1.2201388
0.5992339
0.3793369
0.31503463
0.32133386
0.32214162
0.32723495
0.32048184
0.35200012
0.39239952
0.6120187
0.53155094
0.5598871
0.48911843
0.35967442
0.35595503
0.47069556
0.2946738
0.9802378
0.9143157
0.8008389
1.1946915
0.951785
0.62839216
0.7523116
0.51226354
0.36559486
0.34209776
0.3644462
0.33371073
0.34093958
0.34179857
0.3419232
0.3186201
0.5922817
0.87228763
0.45678687
0.36464918
0.37625575
0.59334695
0.45908755
0.4974705
0.61350536
0.9406125
0.95339394
0.78850645
0.74181026
0.89685476
0.8539742
0.38519597
0.40612265
0.3566171
0.35824832
0.33663762
0.3601467
0.33061612
0.3534138
0.3160177
0.7048739
0.85390705
0.40806526
0.3622713
0.35211602
0.490466
0.5001503
0.29034495
0.64965665
0.74600565
0.87961286
0.58314127
0.6155133
0.85125816
0.73358285
0.37907976
0.36007482
0.3648284
0.3386379
0.3502914
0.33929768
0.3130546
0.32101744
0.32539654
0.70150733
0.82013994
0.40297323
0.4077291
0.49353766
0.5213937
0.44004232
0.31691152
0.80611897
0.63959426
0.6033252
0.8744824
0.7783208
0.812237
0.7061952
0.44990766
0.3500362
0.33202478
0.35568234
0.3490424
0.34089595
0.31638533
0.34891647
0.33011016
0.51087815
0.84150887
0.40465897
1.0278789
0.4827693
0.94957113
0.5506928
0.7008845
0.52503705
0.5345376
0.49142557
0.47846177
0.5035048
0.41277868
0.37659904
0.34468663
0.35661486
0.27677092
0.32512397
0.3539343
0.337131
0.3414868
0.35457364
0.35270593
0.4170549
0.4482159
0.63270813
0.6508129
0.5205598
0.94374764
0.7856911
0.68582267
0.80378515
0.6880919
0.70863676
0.8188898
1.2441268
1.1510507
0.98603535
0.6614513
0.53531754
0.3561273
0.3385384
0.34777012
0.37258682
0.39940327
0.36959714
0.35909635
0.3227194
0.49854827
0.8949023
0.76580805
0.50073564
0.8019051
0.8384678
0.5602356
0.4964398
1.198051
0.9537724
0.6108088
0.83744454
0.4691484
1.0303578
0.67118204
0.40081882
0.33430886
0.33343315
0.3354107
0.36007988
0.34019253
0.3724913
0.37327984
0.6444941
0.6402055
0.4058031
0.43232402
0.33139107
0.3209012
0.51310676
0.28108865
0.81162345
1.3502755
0.80302995
0.4752997
0.77902323
0.994357
0.737135
0.5327166
0.4857926
0.3105714
0.3672995
0.35046646
0.3706443
0.37433052
0.34949425
0.30802035
0.7271917
0.8814197
0.43905172
0.4893756
0.44040605
0.5083433
0.5107153
0.3714842
0.7030588
0.60514086
0.49171013
0.86698383
1.0501834
0.893946
0.82084715
0.5298695
0.3911653
0.3459219
0.38359618
0.34262037
0.3557453
0.3458377
0.36433443
0.32813382
0.777093
0.6579669
0.40345964
0.5061913
0.32528937
0.30600584
0.46486032
0.45600724
0.93589914
0.93019056
0.72115093
0.8834674
0.79184055
1.0903263
0.87747973
0.4889502
0.3296525
0.36277965
0.37160945
0.34398112
0.37718347
0.3451324
0.3688216
0.34884945
0.78053284
0.7537275
0.40616235
0.4390845
0.31984603
0.38043678
0.56945753
0.3435427
0.8340761
1.0388564
0.84901017
0.80227107
0.7718554
0.578928
0.6712515
0.60982305
0.43796274
0.35417196
0.36062837
0.35647866
0.37467426
0.34607422
0.36447492
0.3673996
0.52918214
0.61626065
0.11072487
1.0241854
0.7733808
0.44633487
0.67191905
0.629466
0.6393455
0.7272448
0.9194104
0.7587106
0.899189
0.6883485
1.2178075
0.8894594
0.78584146
0.7507871
0.50763226
0.37142682
0.3739811
0.40757298
0.3631367
0.39916778
0.35045493
0.90204895
1.0462421
1.1915451
0.44081792
0.62185776
1.2146363
1.5307817
1.1383235
0.79585034
0.803902
1.55218
0.46099946
0.2421194
0.48540282
0.55711526
0.68789357
0.58864117
0.4304596
0.3605372
0.35803682
0.3588839
0.3210579
0.34056085
0.24182373
0.41763973
0.56254715
0.7665062
0.76411676
1.0746714
0.77685285
0.88435715
1.0129064
0.569732
0.6088966
0.52280635
0.5584952
0.56811327
0.37594312
0.548238
0.35848743
0.31704623
0.32622305
0.32726347
0.35816965
0.31189013
0.35098398
0.41061613
0.6610716
0.6927181
0.3402053
0.41984043
0.31167057
0.41156223
0.41966927
0.2834408
0.8720927
0.6551523
0.4373699
0.52347493
0.44338587
0.95222044
0.9071889
0.37182742
0.38169408
0.3498069
0.3689865
0.35510296
0.35958636
0.36140552
0.33911258
0.34187064
0.5838188
0.71545506
0.47480863
0.37688246
0.34026247
0.43823043
0.47928318
0.33853993
0.9236178
0.5982176
0.5936107
0.9254949
0.924658
0.8824682
0.7644395
0.45809746
0.36294928
0.37989274
0.3961875
0.34710392
0.3750122
0.35187417
0.36048406
0.37497127
0.8313952
0.6633485
0.3659871
0.4603345
0.3340529
0.3121875
0.51126206
0.32122365
0.63911194
1.0194011
0.50508577
0.6462526
0.8776748
0.8829635
0.8745812
0.58457285
0.4448093
0.31836656
0.36536577
0.36416665
0.38467354
0.36462155
0.3696476
0.7380877
0.7070856
0.8264872
0.3963676
0.36464933
0.406068
0.3987045
0.45410034
0.30867678
1.09202
0.8235373
0.79798144
0.78223306
0.7024936
0.76004773
0.86825085
0.5877658
0.38130933
0.35689622
0.37537652
0.37492022
0.39936554
0.3469618
0.3798124
0.34470707
0.63394684
0.91362995
0.5526224
0.6928298
0.8717273
0.34358117
0.6003935
0.5230163
0.6160878
0.9400609
0.77440906
0.5364951
0.4323323
0.78482765
0.6964936
0.8868971
0.36532265
0.37688014
0.3563619
0.3593138
0.37974724
0.3770952
0.39229134
0.38350856
0.424023
0.37713146
0.41447946
0.49578553
0.4122056
0.8940621
0.7364931
1.1256182
1.5105059
1.0171578
0.7699637
0.67805684
0.5593769
0.5050533
0.70656735
0.47650796
0.46692923
0.42459622
0.44760415
0.6216439
0.52350235
0.43871588
0.36746213
0.34424096
0.42874703
0.49461937
0.6111078
0.53987014
0.5206585
0.8435271
0.741737
0.60106885
0.77524066
0.7137486
0.8694835
0.53150165
0.6318883
0.71751523
0.9717197
0.6347862
0.7904867
0.354439
0.38940814
0.33451223
0.3530594
0.359752
0.40696365
0.3600165
0.43138453
0.5092274
0.49216557
0.4616402
0.45602375
0.54132855
0.85120815
0.7651858
2.4334595
1.0309844
0.49934962
0.5483983
0.77608466
0.64590275
0.62791467
0.7490134
0.30005834
0.32472205
0.3895359
0.3691065
0.3834872
0.34659246
0.3241218
0.42874956
0.7089548
0.83076495
0.35583916
0.3530689
0.5004129
0.36648506
0.41691202
0.3907697
0.85863227
0.63691825
0.25317052
0.9370723
0.89643484
0.99943656
0.6968131
0.47464234
0.4053676
0.37892097
0.40349045
0.3572735
0.37505406
0.35761875
0.35964933
0.36987835
0.5656432
0.7729912
0.3329317
0.37014082
0.35456812
0.29276544
0.4475355
0.32797685
1.0416158
0.8036126
0.69597334
0.94287086
0.72769326
0.8287724
0.78609866
0.45855555
0.37578824
0.39916798
0.39927706
0.37137476
0.38596863
0.35856065
0.36020437
0.36218855
0.48477983
0.7496246
0.3402092
0.38988742
0.38519222
0.28178793
0.5680021
0.4568408
1.042553
0.7646704
0.78317314
0.85399324
0.79695237
0.88298863
0.8078472
0.6485661
0.45074305
0.37022406
0.39802063
0.3784752
0.39276385
0.35874233
0.3768302
0.3604786
0.66879475
0.81340003
0.2678197
0.88824505
0.28627777
0.2139388
0.63459027
0.5440276
0.7459265
0.66710293
0.7169463
0.7388945
0.72550696
1.1730573
0.71598387
0.6138023
0.5113231
0.444877
0.3636026
0.37125626
0.37567592
0.376605
0.38788295
0.39685017
0.39657825
0.42782068
0.5554697
0.6695074
0.92339534
0.6908247
0.5517321
0.5244804
0.36423868
0.45396796
0.5760232
0.8094371
0.65510076
0.6898281
0.81980145
0.4980817
0.5620491
0.49334696
0.38131055
0.36684385
0.38392466
0.4078878
0.4564033
0.40381253
0.37915558
0.8359913
0.8875943
0.9173671
0.77070487
0.7542493
0.48412636
0.58925295
0.6427463
0.5140872
0.75693876
0.5106708
0.4824183
0.7448206
0.9401444
0.8535757
0.49590108
0.37841216
0.3671056
0.34954777
0.3748536
0.35186523
0.39244512
0.36853847
0.3288155
0.3948759
0.3608832
0.46617237
0.5111084
0.59801936
0.6397516
0.57344776
0.86204255
0.94548833
0.82689893
0.8126253
0.80738574
0.7523235
0.82017857
0.40478367
0.25194755
0.325089
0.39135715
0.38036546
0.3765705
0.38256735
0.35344627
0.37824968
0.48614994
0.5885057
0.5355321
0.5534558
0.45908302
0.36215183
0.46137056
0.4541849
1.0149715
0.6416113
0.61031544
0.8408501
0.608962
0.63599813
0.9655094
0.58648515
0.3907263
0.32242423
0.3576601
0.35944313
0.36884573
0.3612998
0.35868838
0.35727376
0.6257307
0.8125935
0.34012172
0.33969688
0.3333472
0.3120895
0.4740226
0.39760068
1.4919246
0.7685188
0.53600794
0.65449417
0.7530499
0.86464834
0.8095365
0.5078185
0.29805917
0.35435182
0.3720595
0.35708582
0.37831628
0.33936566
0.36321878
0.35075787
0.6517263
0.67035246
0.35914797
0.60261595
0.36469376
0.25670937
0.40766698
0.38000304
1.0791252
0.9602267
0.7077376
0.50777626
0.8533729
0.9092188
0.8495847
0.43360436
0.4544014
0.38074803
0.37879118
0.3629641
0.3515854
0.34542948
0.38282746
0.35414666
0.49198854
0.87459624
0.5516804
0.5640433
0.5349763
0.39551443
0.34738415
0.5046362
0.49041715
0.73012227
0.64794314
0.7375656
0.9308327
1.0220565
0.98165876
0.6905509
0.42189202
0.37512466
0.3581029
0.36139587
0.36370352
0.34327435
0.36482412
0.34417334
0.3366347
0.43551323
0.9943005
0.7675339
0.7612615
0.8389034
0.75807816
0.9750232
0.50818926
0.7288152
1.0926037
0.8149109
0.5320996
0.8407014
1.1763659
0.6669218
0.52409947
0.44077256
0.37015396
0.38407248
0.39475662
0.38000178
0.40246046
0.4015874
0.354751
0.45693177
0.6167172
0.73546034
0.68254167
0.9121073
0.69492555
0.60665715
0.8727281
0.9633776
1.2228315
0.7773541
0.8372233
0.5720163
0.8461036
0.63661623
0.40799883
0.3363606
0.3439172
0.3419035
0.36893857
0.3456883
0.36344257
0.346047
0.7115411
0.7685613
0.60679394
0.358219
0.37072304
0.34790653
0.39093953
0.33186162
0.33041224
0.6740293
0.66921985
0.815912
0.7956302
0.50293165
0.68124247
0.34005693
0.27753448
0.3946358
0.37204322
0.3425868
0.35912192
0.365899
0.36219153
0.3511582
0.82405025
0.91422045
0.3816509
0.3645256
0.3406652
0.29441106
0.4619051
0.45848483
0.8462703
0.7220655
0.5194192
0.62693536
0.64020604
0.7614784
0.7142288
0.53888327
0.3442637
0.39443576
0.45158997
0.35329303
0.3700236
0.35930175
0.36705783
0.3783578
0.4787906
0.6220044
0.35568154
0.36438155
0.45803258
0.28561097
0.64617056
0.5490266
1.3926444
0.5410155
0.62207144
0.78179467
0.5951644
0.9294485
0.8903926
0.56257105
0.35967523
0.3548873
0.3674412
0.3407866
0.359121
0.32903668
0.33942097
0.36001098
0.5161794
0.6329366
0.4731325
0.63089615
0.34526384
0.31698284
0.60963994
0.38479996
0.66852915
0.9383696
0.5133616
0.86749256
0.62419546
0.6625516
0.63661206
0.42695788
0.38644135
0.36369792
0.39587992
0.35753763
0.346893
0.3359416
0.35741132
0.35136214
0.52328223
0.620158
0.6591093
0.7944827
0.50030816
0.35548458
0.5612079
0.6567857
0.60721326
0.66898346
0.5373302
0.747231
0.72153944
0.56315297
0.9063872
0.57661587
0.4703239
0.44823006
0.4996173
0.52748805
0.6008538
0.44221467
0.40514922
0.3926263
0.41050023
0.44986558
0.45834443
0.58757544
0.66627955
0.96810126
0.5707268
0.52150553
0.67153436
1.0473846
0.44904408
0.4434788
0.6309135
0.4812021
0.5753999
0.4301998
0.40192062
0.35598493
0.3988635
0.3847788
0.38076848
0.36095825
0.37482244
0.32761914
0.4587565
0.3954226
0.5960951
0.6636941
0.54911757
0.5888005
0.6425456
0.56597894
0.6559908
0.7710164
0.59049517
0.6801234
0.92679036
0.70400226
0.7892461
0.59657025
0.65785897
0.38507974
0.37522972
0.32860968
0.5300903
0.3545756
0.4126295
0.36613593
0.47505808
0.3430198
0.36499795
0.5500692
0.5108106
1.0853004
0.9430141
1.1122946
0.9049968
1.2596529
0.8505458
0.9315966
1.018998
0.8080488
0.9212321
0.88757485
0.56055635
0.40944406
0.43228287
0.45921978
0.4781825
0.39282608
0.36536956
0.3538252
0.3661432
0.50790846
0.40658334
0.5023158
0.7103851
0.3793124
0.79735327
0.724141
0.8042996
1.0077714
0.5266859
0.6486029
0.91266316
0.72087115
0.88419694
0.9052878
0.66065705
0.45960003
0.44635558
0.46908456
0.5259561
0.4028695
0.39436334
0.52694416
0.48861262
0.48071554
0.5942616
0.7058473
0.5983827
0.65032953
0.8376544
2.291889
0.8500131
1.5455549
0.7067626
1.143452
0.86375743
1.0366685
1.0801535
0.8157094
0.60304254
0.42731762
0.45636612
0.5289621
0.52705115
0.4261909
0.39468312
0.4339586
0.4693146
0.5782299
0.79387105
1.9314798
0.93067235
0.57032776
0.55365044
0.6169726
1.2726299
1.3301685
1.1893532
0.8687479
1.0792739
1.2626077
1.331667
1.0245126
0.80874854
0.4639271
0.5870327
0.50177574
1.0371025
0.47767183
0.4162307
0.4527385
0.54226005
0.52614695
0.8015202
0.9998358
0.89961076
1.0937532
0.8333253
1.5219133
1.5540519
1.0283812
0.40106392
0.46020743
1.1590694
1.4691797
1.1806678
0.9836741
0.94628966
0.52547616
0.68371785
0.7372924
0.7684242
0.5126947
0.33651888
0.43597034
0.46351194
0.46769124
0.6343272
0.6433496
1.108451
0.7337435
0.6214057
1.0150464
1.4594346
0.9841786
0.8945667
0.8928926
0.85098106
0.4941669
0.51339245
0.39373264
0.48450398
0.54192656
0.8106468
0.9897078
0.7941221
0.44636795
0.37099525
0.3940988
0.48953605
0.61517924
0.62000996
0.44202492
0.66354257
0.83634114
0.7183523
0.59358686
0.34972277
0.42087117
0.43880343
0.7142445
0.86105597
1.463515
1.1363676
0.81490475
0.7385964
0.9473954
0.8195473
0.90543056
0.53859127
0.38937062
0.43954772
0.39505297
0.5044529
0.46210843
0.37959749
0.4982608
0.60351324
0.28971285
1.084287
0.92812014
0.67677057
0.7424218
0.6523814
0.8873921
1.1044617
0.67908454
0.70941997
0.7459346
0.81488174
0.6174533
0.695125
0.45570406
0.36431468
0.3660561
0.32604128
0.37379402
0.43488905
0.85958624
0.6745453
0.50332695
0.5820467
0.42512333
0.69836766
0.9625746
0.58624744
1.038785
0.40875807
1.1368461
0.7703339
0.74314564
0.7673897
0.6258584
0.48910847
0.46369705
0.44654936
0.41067508
0.5455548
0.38315865
0.34364673
0.3409246
0.44351283
0.67691433
0.39909014
0.6558955
0.70557815
0.68218124
0.89385307
1.138842
1.0640815
0.80753016
0.3910712
0.7941515
0.9726814
1.0651948
0.9373466
0.7034204
0.51264614
0.4850774
0.51758164
0.5802187
0.53194517
0.41415927
0.39206952
0.42654717
0.40525982
0.3558017
0.31499246
0.72567934
0.7480111
0.5232346
0.649678
0.62132627
1.8509787
0.8068911
0.72496676
0.84089756
0.8505735
1.1206437
1.101822
0.9854899
1.0195625
0.48122114
0.6957258
0.84987414
0.6759813
0.41651616
0.36216667
0.41862363
0.3882858
0.411283
0.7427236
0.81581354
1.9072052
1.2452794
0.6919189
1.1442451
1.102613
0.51684964
0.9658513
0.8837507
0.7276503
0.5344194
0.6618784
0.64207464
0.7343399
0.8294159
0.65310806
0.55481607
0.5368181
0.4599118
0.36421478
0.36778924
0.44062287
0.47123036
0.41350898
1.0400681
0.89507
0.76325977
0.48825693
0.70540035
0.60685426
0.56786233
0.7550274
0.7333047
0.8742715
1.0179656
0.76683736
0.6946635
0.570025
0.8719145
0.74749506
0.5972986
0.5651851
0.4216808
0.44073287
0.42481768
0.4817662
0.48852915
0.6283202
0.70218664
0.6193374
0.6855918
0.7748765
0.6332672
1.1019437
0.690126
0.5977055
0.8718757
0.95959187
0.8863998
0.7605512
0.9700083
0.81814915
0.9885684
0.47133136
0.392126
0.43495834
0.40825984
0.4541322
0.4625145
0.4728333
0.44648942
0.3218257
0.46770847
0.6461111
0.351802
0.48795128
0.40978038
0.35756242
0.6634869
0.38641554
0.81104696
0.7048137
0.60287577
0.38219437
0.4007537
0.84923613
0.75699663
0.4348847
0.41830787
0.36203092
0.31349307
0.3442191
0.51866704
0.5894942
0.4543378
0.17617372
0.5899316
0.80150163
1.1187875
1.3312391
0.51986164
0.25200483
0.5483733
1.1995603
0.4776418
0.4449097
0.8584531
0.66604835
0.55461776
0.64757526
0.47391507
0.44865516
0.43133786
0.44941777
0.39268577
0.37181106
0.45104587
0.39036423
0.36517417
0.36530992
0.5321899
0.35205638
0.4407112
0.9260114
0.73919725
0.530162
1.814547
0.57753843
0.8149072
0.9288218
0.8099113
0.92750317
0.82095414
0.62102354
0.4774838
0.48392335
0.5228575
0.39228225
0.38823926
0.37198323
0.41164047
0.4904168
1.0043533
1.1010908
0.3861368
0.8688985
0.68798304
0.5518724
0.44034478
0.5434965
0.91000813
1.1787102
0.71296406
0.90514225
1.29533
1.3095107
0.9590407
0.8776612
0.56781006
0.43867633
0.45614213
0.46269503
0.38643605
0.37324852
0.3927282
0.4720965
0.37826943
0.46706387
1.5397248
1.4358486
1.5471139
0.25509095
0.98518276
0.90858394
0.7847216
0.26709986
0.6533795
1.0296634
1.2720962
1.3618187
0.9814793
0.58378255
0.7110054
0.4759966
0.5076174
0.381763
0.3806309
0.37952587
0.3969483
0.47602484
0.45659113
0.5812295
0.7297281
0.6302545
0.7458359
1.6433157
0.61438143
0.7627886
1.3153923
0.71176356
1.0183487
0.67544055
0.5552027
0.44221082
0.83819443
0.9549706
0.7217913
0.45624486
0.44805056
0.57131183
0.4535368
0.38145575
0.45652723
0.5892057
0.5212453
0.5933323
0.6490083
0.60340744
0.46881345
0.7790469
0.5645674
0.59012014
1.1555545
0.37629595
1.0208501
1.0113907
0.8040275
0.9582902
0.6026214
0.7836405
0.49877757
0.40742698
0.3769161
0.5037405
0.4139961
0.41070294
0.45015165
0.5780202
0.52085555
0.40219986
0.53381675
0.62543434
0.6390519
0.888612
0.48152927
0.84856445
0.8375833
0.7452297
0.74417335
0.80599946
1.1568158
1.0805634
0.7658008
0.8057965
0.5170575
0.7144735
1.114348
0.49991816
0.43368214
0.40532857
0.44926322
0.64907515
0.52250856
0.50827664
0.55869746
0.5951368
0.7338473
0.5869235
0.5456366
0.5303147
0.8134934
0.95613635
0.79064655
0.75558585
0.69933325
0.88104284
1.174808
0.9012795
0.62000465
0.72939837
0.6833146
0.39729163
0.3159766
0.28334063
0.2847631
0.5385026
0.7637295
0.37937486
0.49844596
0.79485536
0.84783524
0.9334241
0.871389
0.71364
1.1240103
0.8200101
0.986709
0.79964745
0.793021
0.98895365
1.0333871
0.9516422
0.64846236
0.7397765
0.7506224
0.92182183
0.68143487
0.5800161
0.4913139
0.48060206
0.5012683
0.47202352
1.3480462
0.8390916
1.189319
1.0432913
0.77494174
1.6060481
0.95242685
0.7662673
0.2915765
0.71825266
0.6486857
0.5717993
0.41073355
0.9003453
0.9373873
0.58541876
0.58383495
0.75491834
0.6218891
0.42272484
0.4612598
0.5842411
0.779759
0.523624
0.700913
0.9017869
0.7841605
1.0581895
0.53968406
0.7045335
0.8269217
0.99025047
1.4394568
0.873331
0.96236867
1.0861994
0.82772696
0.72728306
0.8040353
0.85815305
1.4398019
0.6673245
0.5532032
0.35499585
0.34787184
0.45101082
0.51483345
0.7672492
0.7736643
0.84510434
0.45042518
0.6244282
0.7113445
0.9059283
0.83398837
1.0483755
1.0122415
1.1241577
1.1892129
1.2737471
0.83367306
1.2211312
1.1321114
1.3691373
1.3427981
1.4067668
0.5811943
0.44055337
0.39567307
0.95959514
0.6722353
1.353781
1.13664
0.7242503
0.7816843
0.81495243
1.1965318
1.7743672
1.1550822
0.8839614
0.84950936
1.11171
1.2845552
1.5590677
1.3405287
1.5091846
1.0956174
0.6960389
1.1616719
0.78193104
0.7964089
0.6954447
0.61123985
0.37567663
0.49294817
0.5057711
0.60836154
0.8445864
0.8862018
0.58412343
0.45724854
0.73068887
0.6430811
0.78827727
1.0605079
1.3804913
1.129878
1.0763965
0.9513304
0.83792794
0.587992
0.4982752
0.48332334
0.4120295
0.40828186
0.4185521
0.43251634
0.3690823
0.4058165
0.4902169
0.7125649
0.56330544
0.6046571
0.64325523
0.67926425
0.7739914
0.69753194
0.4412048
1.138832
0.9548533
0.9444649
0.89553344
0.68114156
0.71741843
0.5983212
0.60472107
0.50937325
0.39209396
0.36269203
0.3719862
0.39818278
0.34088278
0.35875127
0.39076978
0.5042157
0.60575306
0.6335349
0.722567
0.7232592
0.8761719
0.59518915
0.30096695
0.86634856
0.85822445
1.0172248
1.1068116
0.8110105
0.49722764
0.57032585
0.43458277
0.4910488
0.37368736
0.35710344
0.36207107
0.39322487
0.38782528
0.40441388
0.5170586
1.3617966
1.2322708
0.88073206
0.4477998
0.3631165
0.8747781
0.54061216
0.42119494
0.40577456
1.3520383
1.051869
1.0041833
0.8623712
0.5615992
0.4474348
0.41907158
0.4149692
0.36334342
0.36329025
0.35908675
0.3471408
0.38859713
0.4248147
0.7131269
0.64674944
0.40133643
0.98483586
0.60557675
0.34917262
0.2702778
0.4455918
0.73998415
0.5740671
0.58377147
1.1683601
1.2640287
0.81031996
0.47069228
0.51403844
0.4126206
0.4880967
0.36147714
0.35829222
0.33788523
0.31542215
0.33788916
0.39576337
0.6386791
0.5205041
0.65017927
0.82041216
0.74125004
0.61892015
0.55916256
0.75862014
0.84358335
0.729257
0.8817984
0.72111833
1.1094002
0.8204948
0.5820333
0.46114278
0.38021052
0.3853659
0.35515407
0.37458548
0.38235024
0.3854056
0.3843699
0.440125
0.5457631
0.71364045
0.5103653
0.7410299
0.91091377
0.6824307
0.74925184
0.6199414
0.42562333
0.5291189
0.2618805
0.50128305
0.34290326
0.26384178
0.2691159
0.33037072
0.30746436
0.37156677
0.38336012
0.37853983
0.3295574
0.28293768
0.39982802
0.43893495
0.5852338
0.5325847
0.3213892
1.0594387
0.7845453
0.19484022
0.4669557
0.9765014
1.0207189
0.94367516
1.1225284
0.65673655
0.70984626
0.6368132
0.58088124
0.59493774
0.44097215
0.4485259
0.36894786
0.36236328
0.37193945
0.35026225
0.32126603
0.49958786
0.52542424
0.67221475
0.55152094
0.5982908
0.4603837
0.26988453
0.44539312
0.68298346
0.8596397
0.41562536
0.3381789
0.78129035
0.95003587
0.582875
0.79309577
0.48729825
0.40317723
0.39947125
0.35131893
0.3625382
0.35857302
0.37492096
0.3781649
0.36446857
0.47750977
0.7064454
0.62027705
0.36306787
0.53611624
0.6251973
0.49375236
0.6359132
0.43200615
0.8972811
0.8011583
0.8930371
1.0323877
0.73498714
0.56566954
0.4874004
0.3713683
0.44933933
0.34424496
0.33094358
0.3420418
0.34947783
0.3109252
0.28337675
0.50625974
0.5813041
0.36581284
0.3766671
0.61336684
0.26389405
0.4820137
0.81282777
0.59408426
0.6586606
0.9573507
0.9458446
0.83950627
0.6409084
0.637277
0.53049725
0.39226145
0.41725186
0.35197017
0.35351178
0.34480414
0.3392627
0.34899506
0.28780806
0.4623105
0.5837492
0.90030795
0.5588547
0.7591685
0.3622452
0.4056506
0.90270954
0.6021094
0.7666424
0.7790877
0.9939574
0.8358147
0.8208362
0.60346425
0.5839968
0.39253023
0.44647774
0.3350903
0.33443713
0.2977527
0.28339645
0.26591215
0.3258394
0.44906676
0.51712054
0.74552655
1.0589212
0.63687956
0.8574448
0.5858345
0.6274696
0.7587604
1.4104807
1.4094013
0.5153699
0.2106753
0.535561
0.6221885
0.4007114
0.3589861
0.3856088
0.37203312
0.3752386
0.37100142
0.35728598
0.4249636
0.4160896
0.46733615
0.555145
0.78287303
1.3687028
0.7229103
0.4261638
0.57963836
0.79264504
0.8787665
1.0738978
0.83432406
0.7916752
0.85090595
0.47739598
0.61612546
0.38418466
0.3680562
0.35222033
0.36170107
0.38602003
0.37375003
0.3386131
0.40203184
0.5397414
0.43774405
0.9267806
0.9431774
0.7098245
0.8608206
0.7900329
0.29728028
0.39391813
0.89745224
0.6851753
0.86305565
0.9151544
1.0776817
0.6587927
0.71584
0.51165015
0.4433179
0.48870218
0.4011018
0.37599307
0.34501433
0.41939563
0.41312605
0.3016663
0.5219195
0.68452334
0.5249965
0.7089981
0.45392847
0.29300225
0.5624473
0.686318
0.5455812
1.2444016
0.4512319
0.60143524
0.8362758
0.75101817
0.54422075
0.44064823
0.46313605
0.54090947
0.40046462
0.40878054
0.39552772
0.37094516
0.3907053
0.33048415
0.7528648
0.5557385
0.76116914
0.5996695
0.8644977
0.6539489
0.54313606
1.1276679
0.70607394
0.7254063
1.1683185
0.99892586
0.8942466
0.8580678
0.41542062
0.36054963
0.47135893
0.5026785
0.40423954
0.38841397
0.39667633
0.43368682
0.39449894
0.43361628
0.48421425
0.6805941
0.7963555
0.32862437
0.25469878
0.37551874
0.7608175
0.6148241
1.1155368
0.8578619
0.8342836
0.9247675
0.7858473
0.6365815
0.4701332
0.39235502
0.438246
0.45865545
0.37945193
0.39087534
0.39467657
0.3471515
0.4058024
0.5021494
0.61252296
0.92731625
0.3411968
0.45518866
0.73390526
0.6968575
0.4702834
0.48629972
0.4765404
0.6884671
0.88227105
1.1920139
1.1384016
1.0457937
0.73849475
0.6460022
0.44701743
0.4987403
0.4260207
0.39903772
0.378447
0.3716351
0.40135214
0.547835
0.70221084
0.8649211
0.733135
0.88524777
0.6597346
1.0744699
0.6152687
0.9758951
0.5588799
0.83866495
1.2223531
1.0649387
1.177836
1.01726
1.227301
0.664702
0.41130856
0.44724733
0.39862424
0.4130042
0.41519678
0.3817705
0.42471197
0.5166256
0.7306672
2.0695665
0.7928059
0.87034917
0.93181247
0.7617882
0.6949623
0.99343145
0.41164017
0.4311755
0.7037324
1.0160114
1.1784409
0.8147889
0.5659625
0.42586374
0.41537583
0.42331406
0.41837433
0.40416878
0.38772562
0.30813956
0.3874686
0.59314084
0.4702
0.9692795
0.33534455
0.7071212
0.76022035
0.7168714
1.0336329
0.8928773
0.89032924
0.89845043
1.1777197
0.9213131
1.0960552
0.6426559
0.43958136
0.45188147
0.46109194
0.4838502
0.41365913
0.40468442
0.4394705
0.43737498
0.5201317
0.5001401
0.8164847
1.420348
0.4853254
0.33416376
0.70513666
0.79440886
0.9583869
1.0462723
0.8003013
0.585615
1.000143
0.9577336
0.7411613
0.49700344
0.43364748
0.34654948
0.43505287
0.43409067
0.38604844
0.3683916
0.3995119
0.37152737
0.5394631
0.65099055
0.48069817
0.54351246
0.389806
0.26559472
0.33420622
0.33749285
0.6725511
0.69978213
0.65638554
0.7357863
0.7775934
0.6690738
0.7111777
0.55678535
0.43418682
0.3744845
0.3986209
0.40298742
0.3864322
0.36709338
0.36433014
0.37553182
0.6556418
0.6715853
0.479932
0.4918226
0.46879396
0.2950841
0.36968538
0.2924206
0.6385724
0.61856365
0.7647942
0.61539423
0.83099055
0.73139286
0.77839047
0.5369425
0.4100371
0.33082774
0.38354835
0.39758563
0.36422053
0.3560692
0.34967223
0.33638787
0.54562026
0.63667727
0.4534188
0.51826143
0.38956302
0.34070605
0.454643
0.43124726
0.48306602
0.5427516
0.6691668
0.8082273
0.71447176
0.7561275
0.90230244
0.7237504
0.45215636
0.3058371
0.360631
0.36103466
0.35397637
0.3715587
0.35168937
0.343177
0.3591401
0.45843256
0.57305425
1.4204603
0.8660499
0.87055475
0.6463282
0.8425965
0.50191015
0.8104047
0.9374233
0.77306694
0.79378384
0.96169055
0.86699003
0.87482935
0.5677003
0.45504916
0.3782773
0.39204407
0.36185026
0.37582242
0.3523832
0.45530143
0.35661694
0.51533383
0.7207876
0.7762422
0.5792369
0.8114894
0.7848133
0.68086165
0.90467846
1.1515644
0.6784543
0.5575217
0.98380315
0.9572905
0.8772175
0.64757186
0.5285399
0.270753
0.39045146
0.4023372
0.4047284
0.39080226
0.3844085
0.41147178
0.45150745
0.6325903
0.51590526
0.74320716
0.40228355
0.5634416
0.35388425
0.5352792
0.47335902
0.849469
0.9465243
1.02323
0.8692722
0.9609216
1.0070349
0.6741428
0.35498568
0.32332185
0.40054378
0.41084123
0.39767995
0.39193588
0.410552
0.37436512
0.5234152
0.58338463
0.4116596
0.46519846
0.4102519
0.32770655
0.52880394
0.39104822
0.6780347
0.82665443
0.61037725
0.8774426
0.8016929
0.8916466
0.8491244
0.54526705
0.39995387
0.33893007
0.38545284
0.39231104
0.3630461
0.35367045
0.4082892
0.3944595
0.5474863
0.4826176
0.53898585
0.62542933
0.40783238
0.2539989
0.3641401
0.38388735
0.79328257
0.91011214
0.56353134
0.7272583
0.9227614
0.8765604
0.7940202
0.50595856
0.37808195
0.36004347
0.36387655
0.38833132
0.3628704
0.36545184
0.37767646
0.38024086
0.58490366
0.55070704
0.3687568
0.46504653
0.44151756
0.39714986
0.31989372
0.43817446
0.53147084
0.75558823
0.71095574
0.8279977
0.8216326
1.0097809
0.8374595
0.5172986
0.38274705
0.3531708
0.36873013
0.38906273
0.34509444
0.36170435
0.3631999
0.35954806
0.55929965
0.843162
0.39569116
0.633817
0.41429457
0.6685028
0.44208628
0.4438882
0.7385696
1.0064518
1.2644991
0.71015954
0.80382323
0.86076957
0.946054
0.6598627
0.40725055
0.25458667
0.34528756
0.3402685
0.34460762
0.3555011
0.34404713
0.28663656
0.3969226
0.4320354
0.5752657
1.5494502
0.6468081
1.1084566
1.3640662
1.0753149
0.9272492
0.8870239
1.036906
0.53348696
1.1046838
1.0479994
1.0109373
0.61242574
0.6062266
0.2965904
0.35475767
0.36662707
0.35520786
0.36793974
0.33602858
0.3071777
0.34478515
0.48578316
0.59614044
1.3338016
0.7750236
0.70668775
0.59664536
0.60569227
0.59196347
0.66253525
0.7146217
0.7711749
0.26769122
0.7823419
1.0300677
0.8205306
0.47055435
0.44038317
0.37740847
0.3667004
0.36641222
0.3801944
0.3466518
0.25390354
0.6181577
0.6294245
0.49695894
0.31908706
0.32114097
0.39903995
0.3474607
0.25929853
3.3965836
0.9619835
0.74952894
0.820024
0.79949605
0.95470506
0.8295511
0.5540669
0.4552283
0.3812097
0.3589351
0.37984875
0.35969928
0.3761413
0.39230195
0.31407696
0.8218261
0.7601863
0.34515056
0.33718726
0.32696137
0.31219214
0.41724277
0.47855425
0.7472152
0.6201279
0.9972577
0.8983992
0.87918246
0.899683
0.813011
0.46476102
0.34093237
0.34214684
0.34999084
0.36004564
0.34231246
0.3451393
0.3713499
0.36327106
0.65712804
0.67899776
0.4577805
0.32937068
0.43770486
0.32826462
0.59598905
0.31702945
0.7375095
0.61664855
0.60915583
0.92300934
0.78345585
0.8416893
0.6874664
0.471001
0.4242082
0.36232916
0.35701406
0.3544664
0.34887895
0.35425135
0.366941
0.36676636
0.5648413
0.5930432
0.38975662
0.33393583
0.3645231
0.40659502
0.44964483
0.2993588
0.75321233
0.6891613
0.77570873
0.83989537
0.64514214
0.76148427
0.7593495
0.5105389
0.3825519
0.3881888
0.36299682
0.3652844
0.34952706
0.3557664
0.366574
0.35945833
0.5969384
0.92965704
0.60948676
0.83639157
0.19853276
0.35402465
0.56417537
0.30840364
0.60572946
0.32891124
0.5838884
0.8452351
0.9577695
0.6963549
0.90610594
0.53874314
0.5828818
0.33321175
0.3884123
0.4007308
0.37984052
0.38712442
0.3796648
0.38001996
0.4515425
0.53210384
0.59649587
0.8068641
0.36892185
0.5045324
0.82902825
0.36480877
0.40535876
0.8550753
0.9056289
1.0988219
0.9218031
0.98632354
1.1398872
0.78295785
0.48248228
0.32802126
0.3612468
0.37632102
0.36659774
0.37077743
0.34805942
0.35510665
0.4209036
0.44548988
0.57513803
0.84670585
0.992231
0.9083103
0.28051937
0.7938143
0.7253879
0.6721531
0.373418
0.339593
0.14123225
0.39076903
0.99848205
0.42390013
0.54546505
0.4496878
0.35881838
0.36482543
0.35394302
0.35412687
0.35062045
0.35917965
0.42832372
0.76284164
0.2988339
0.28950834
0.33677313
0.45003083
0.5040553
0.20717803
0.82259965
0.49905357
0.46515137
0.60730535
1.0282305
0.7551444
0.79769534
0.51579416
0.3797141
0.3757297
0.39467505
0.4029051
0.37515718
0.36277738
0.36833882
0.24140996
0.66304183
0.72758245
0.224967
0.3274296
0.40423974
0.31757298
0.34946728
0.37666768
0.6852134
0.7103894
0.6437606
0.91078067
0.9523571
0.90196466
0.7763408
0.5003921
0.31978372
0.336651
0.34519172
0.36518988
0.34285957
0.3463667
0.38982585
0.38133267
0.62493604
0.6837554
0.17128393
0.36171815
0.3561163
0.31615415
0.4484183
0.45894307
0.67909443
0.49793848
0.67058074
0.99643683
0.7526446
0.94026107
0.7510893
0.425264
0.38001728
0.41669056
0.351384
0.40625936
0.35254976
0.33865073
0.33024445
0.3693723
0.4944802
0.6417064
0.3182199
0.34243876
0.38514537
0.40732035
0.49503872
0.33559132
0.86208344
0.6552657
0.83533394
0.89263237
0.669092
0.78192
0.6958203
0.5424983
0.36844468
0.34492627
0.35413116
0.35283187
0.34821445
0.35511866
0.3669743
0.3976889
0.62340546
0.60870445
0.29938385
0.91600925
0.44027448
0.35863838
0.5492554
0.51433957
0.80858994
0.48253578
0.5210316
0.804297
0.8038448
1.0461472
0.7675297
0.5797777
0.42669842
0.2809492
0.34958348
0.3390752
0.33948132
0.3550469
0.3560569
0.36319742
0.34566185
0.5238168
0.58237976
0.62341267
0.7105438
0.29742977
0.35691142
0.48039207
0.3694941
0.6712072
0.8701036
0.83103794
0.7557902
0.65661746
0.7054588
0.5710285
0.6272363
0.65974593
0.35169265
0.33727524
0.34381324
0.36450893
0.38167635
0.34823895
0.32846245
0.4330377
0.661249
0.7574708
0.6919445
0.3967225
0.24645323
0.8891141
0.7659183
0.69378746
1.1264672
0.82140654
0.8013886
0.73470664
0.92416435
0.6207116
0.36711454
0.30829015
0.36327899
0.3636671
0.3656577
0.36411822
0.34935045
0.3128406
0.44047797
0.7112362
0.62661576
0.35355222
0.3596311
0.3699131
0.40066054
0.33285296
0.41262794
0.49619865
0.8703799
0.6899582
0.77403677
0.6840757
0.63714695
0.42210898
0.65751314
0.38297033
0.2868059
0.34467915
0.33939537
0.35582462
0.35274178
0.32880184
0.70408076
0.6436296
0.36224315
0.3764956
0.35187244
0.44533736
0.34110913
0.44308233
1.4872421
0.6608198
0.7281969
0.6839711
0.8282981
0.68392575
0.79720414
0.41772988
0.32203788
0.32738394
0.33019653
0.34898496
0.33001608
0.3361299
0.34747073
0.35152417
0.60611117
0.8880268
0.2732789
0.38563323
0.3218044
0.39374414
0.53927916
0.3851997
1.1923616
0.6943674
0.37645307
0.7184867
0.80033886
0.87630814
0.9774427
0.49240258
0.37696424
0.44843647
0.33417472
0.35981038
0.32397306
0.33484775
0.36697176
0.4041105
0.5811165
0.7586384
0.3744386
0.38702378
0.36287388
0.3722787
0.48329803
0.25886077
0.63546354
1.071088
0.909408
0.93747675
0.91447705
0.8054003
0.88513577
0.5410754
0.44390318
0.4047449
0.3632203
0.3509819
0.3511302
0.3515641
0.35055292
0.3746284
0.5782643
0.76029027
0.26140705
0.93469393
0.22827005
0.45948735
0.6180308
0.34097221
0.53296316
0.6120546
0.6450431
0.7842711
1.0196218
0.76222354
0.99231225
0.67381275
0.3967374
0.3551148
0.35699123
0.3522833
0.3588165
0.35503918
0.3490398
0.3829108
0.39249507
0.43549892
0.5775601
0.7830194
0.74815947
0.6136199
0.66123325
0.67097026
0.5478547
1.0548095
0.7994005
1.0230671
0.67934436
1.0796655
0.7568972
0.6725245
0.60842663
0.4937756
0.4138522
0.3504677
0.3485689
0.3521794
0.31378046
0.37812862
0.3762302
0.5183636
0.596427
0.8267344
0.7146876
0.8273739
0.58729017
0.8544345
0.7951072
0.4426086
0.73726016
0.60076535
0.2841685
0.58081865
1.0967773
0.7404363
0.3963706
0.30297112
0.32839048
0.3560481
0.3658684
0.3535995
0.28490117
0.30277997
0.7634318
0.6755951
0.40765065
0.32653475
0.33611363
0.3003603
0.4410988
0.36782777
0.7878952
0.8997222
0.63936496
1.0016702
0.7103135
0.8109363
0.793619
0.4531535
0.41489568
0.2995398
0.34319875
0.36448705
0.3487206
0.34409764
0.35948196
0.32385564
0.6336159
0.74184304
0.3048904
0.2893178
0.30725557
0.29662114
0.43747902
0.39885667
0.6473466
0.64210397
0.72097176
0.8258143
0.88236547
0.88309103
0.7403172
0.46388003
0.29227346
0.35966322
0.3232369
0.34825662
0.34669745
0.35257834
0.36357772
0.37036678
0.6514236
0.8334675
0.50236046
0.3812497
0.3912366
0.28594396
0.35201052
0.29099858
0.75600773
0.91609234
0.84388345
0.9697697
0.7120095
0.8246778
0.7146181
0.527581
0.35433364
0.3528779
0.32237834
0.34706396
0.35828865
0.34880173
0.32816115
0.35867167
0.59952986
0.5349297
0.55181354
0.43059707
0.3585967
0.30139503
0.4852801
0.5278075
1.2404542
0.652758
0.90305036
0.8647259
0.7650711
0.93375444
0.82362676
0.5111077
0.31943247
0.35250366
0.33097106
0.35218886
0.3343176
0.33607116
0.33587044
0.3525041
0.6103806
0.65210927
0.38343093
0.8586076
0.77656955
0.120664895
0.7048825
0.33759004
0.6538982
0.9062581
0.8409276
0.8635594
1.0208536
0.87840253
0.95401
0.59233016
0.37419108
0.2874747
0.35254648
0.34104726
0.34001535
0.3520622
0.3306795
0.3175204
0.3573441
0.42967087
0.53092265
0.9322252
0.5689004
0.84187955
0.6179174
0.7188475
0.37099865
0.53334147
0.7225706
0.8155873
0.79171556
0.6840795
0.93611807
0.6681381
0.6004559
0.6028339
0.37508884
0.38297236
0.36323363
0.38209715
0.36170128
0.3623581
0.35813662
0.5014554
0.5898543
0.9259279
0.61620224
0.4940112
0.6477286
0.56228906
0.7824194
0.7520606
0.62943596
1.0666252
1.624255
0.76918644
0.91182804
0.6960041
0.32872695
0.2895569
0.3511936
0.33271736
0.3477236
0.35151482
0.3185212
0.35464564
0.632037
0.6474864
0.36383802
0.42267105
0.63516194
0.3580512
0.3360448
0.26111615
0.42161125
0.8296561
1.2917202
0.86041594
0.95711446
0.7707552
0.827492
0.47788325
0.33913022
0.40111664
0.3627902
0.39859754
0.37068734
0.36561608
0.3714336
0.36571673
0.7063076
0.92662096
0.2919451
0.3376919
0.35811874
0.2674425
0.40131098
0.34682867
0.78571326
0.41139865
0.9191628
1.1404332
0.819645
0.90015537
0.8496157
0.49142477
0.28532264
0.36075577
0.31884438
0.33070707
0.32833987
0.34491768
0.3484985
0.38413572
0.70360184
0.7778759
0.38807547
0.38803178
0.36380064
0.3349683
0.37557617
0.2227641
0.81670916
0.8081728
0.64669555
0.9069815
0.6832878
0.8823998
0.75326395
0.38794038
0.41780484
0.35932222
0.34258083
0.34258184
0.3572936
0.35213476
0.33940682
0.3803107
0.68418264
1.030744
0.31098393
0.22276264
0.20648596
0.5937433
0.33526865
0.4249588
0.7841617
1.1060755
0.42031315
0.86042875
0.6623718
1.2746065
0.8005824
0.5936496
0.5550707
0.48528418
0.3832667
0.4170457
0.36845747
0.35654584
0.34090868
0.35318455
1.6215913
0.752981
0.6109464
1.057851
0.5765393
0.6614969
1.0970746
0.7708757
0.71205235
1.0245074
0.84618986
0.8632861
2.304555
1.2737156
1.3297731
1.3708036
1.0290195
0.9408506
0.83932596
0.7008776
0.60106415
0.3937535
0.37789357
0.37953007
0.41912785
0.5592373
0.4074397
0.53391767
1.8485701
1.3315703
0.8290845
2.8384893
2.8852587
0.88143414
0.92784655
0.8346875
1.0592774
1.464993
0.94152236
1.4714206
0.6536089
0.71521056
0.5368714
0.4522843
0.3689784
0.3793279
0.37466902
0.3565579
0.39992005
0.47062016
0.550044
0.8799894
0.7541169
1.005861
0.5385144
0.76644206
1.8708783
1.3048803
0.7817402
0.87863314
1.1213821
0.7131614
0.9222989
0.85804075
0.5941433
0.42044637
0.41452932
0.53154284
0.37820372
0.3734523
0.39215493
0.35556376
0.43304855
0.33216685
0.42818502
0.5265138
0.6938558
0.60679275
0.7882215
0.2630933
0.3313942
0.57159466
0.4764367
0.7906289
1.0363075
0.8696085
0.9311461
0.9130899
0.7121319
0.44202417
0.3999772
0.37477395
0.38043845
0.4139921
0.3702934
0.32215783
0.3445687
0.35798773
0.42619318
0.9893593
1.5050298
0.5259955
0.5517064
0.36773223
0.5685972
0.7631258
1.0845236
1.1713196
0.8021659
0.64397645
0.84151715
0.80069554
0.5201737
0.45033786
0.3943161
0.400255
0.33298048
0.3362448
0.35858545
0.3337822
0.38639286
0.3618605
0.48596805
0.6149768
0.57966745
0.523346
1.1791347
0.31514093
0.5740181
0.46237767
0.5872209
1.3786495
0.8625787
1.1342896
0.9038822
0.739331
0.5061417
0.75896764
0.504347
0.39321783
0.34401652
0.34975433
0.35470533
0.3526424
0.32980552
0.3486599
0.4352864
0.7326973
0.48789668
0.77483153
0.24248862
1.2016401
1.2893326
0.8418625
1.1421809
0.9360994
1.6305691
1.0789022
1.0882404
0.8238098
0.8401324
0.3242969
0.3550918
0.4136912
0.34131595
0.34018555
0.3424026
0.3232902
0.3553188
0.35551983
0.45074594
0.55094105
1.0501581
0.8467655
0.62473404
0.33160773
0.46526048
0.74084604
0.5976681
1.0064479
1.3812058
1.2013602
1.3677311
0.80272925
0.592393
0.41318458
0.37814957
0.369302
0.34180826
0.35031575
0.32975617
0.3315192
0.4055078
0.37806675
0.5473633
1.0193056
0.5145771
0.94799906
0.6573211
0.4184687
0.46792477
0.9748486
0.80828667
0.9632891
0.57375365
0.55051875
0.8140115
0.5195702
0.6857624
0.41327742
0.41770422
0.3914284
0.349776
0.36959013
0.33762822
0.37831837
0.40734556
0.3605734
0.6065871
0.6068503
0.623404
0.7819311
0.33874395
0.2662878
0.72257304
1.0258067
0.8218666
0.5573756
0.6613078
0.5894016
1.0030986
0.75886875
0.6465548
0.37625837
0.35387984
0.35022837
0.34577495
0.3582065
0.3534697
0.32490855
0.60423934
0.5696026
0.48701048
0.82923204
0.2610385
0.20570475
0.32659873
0.30525988
0.25294164
0.6558404
0.93429506
1.3142773
0.92653614
0.6738369
1.0146759
0.7801335
0.4368582
0.27132627
0.31335354
0.3471192
0.33198267
0.32817912
0.32989198
0.2959218
0.43370253
0.5893351
0.36027235
0.5735633
0.3544571
0.29030213
0.47206327
0.3878423
0.7831945
1.0264182
1.2260051
0.8795656
0.8209133
0.79207194
0.6376214
0.46648774
0.42156506
0.20881456
0.31408545
0.32179525
0.3171707
0.31659496
0.30763733
0.30138296
0.44570443
0.66026187
0.5413544
0.5726796
0.40539795
0.18020514
0.41557714
0.2999199
0.7328282
1.342689
0.9795347
0.9263699
0.71481425
0.74388915
0.69004565
0.4726514
0.3453161
0.30167282
0.32963744
0.32342705
0.32693243
0.32753247
0.29889345
0.29751468
0.3908152
0.5341161
0.7000464
0.68326944
0.39128196
0.26205537
0.4747748
0.36938477
0.7058468
1.04058
1.1491442
0.83850914
0.7111271
0.813967
0.6396572
0.36253738
0.35435605
0.39589548
0.36399803
0.35394853
0.34255993
0.34293067
0.3325415
0.34787658
0.3794723
0.6624947
0.5428876
1.1734862
0.38422152
0.33728513
0.28176197
0.4799757
0.5859011
0.4750558
0.908117
0.7298571
0.82123643
0.6952168
1.2123963
0.8305991
0.32533336
0.41094178
0.3649539
0.36585826
0.3373808
0.3447632
0.31406155
0.2968056
0.3270905
0.51978457
0.50221306
1.6651595
1.0694548
0.91351146
0.6343385
0.3438573
1.2571046
0.62533766
0.6462769
1.1176045
1.2151834
0.76473933
0.8731182
0.6806721
0.72841823
0.29643255
0.44625553
0.44654158
0.36837786
0.38466996
0.43064606
0.36275944
0.2649208
0.436081
0.48715043
0.6264031
0.98825264
0.8373986
0.60760003
0.5250704
0.073188424
0.20417488
0.20567697
1.1042275
0.93359995
0.77065766
0.74093765
0.51086164
0.4584854
0.36491796
0.35070735
0.32551834
0.33731857
0.3496465
0.35527316
0.2874022
0.58003086
0.6838947
0.49645916
0.5362908
0.2883726
0.455033
0.47562227
0.3218436
0.80035543
0.6453551
0.8606066
1.3503243
0.94347477
0.9159949
0.9814018
0.61462355
0.5635666
0.37923533
0.32333
0.3713149
0.33578464
0.32496482
0.33994207
0.30275112
0.41565278
0.8154795
0.60198975
0.47682533
0.31150517
0.18405408
0.36565688
0.43629822
0.41447937
1.4940041
1.1772604
0.932161
0.9237168
0.9925985
0.92887056
0.6365419
0.45977998
0.32624188
0.32769927
0.34049404
0.30965126
0.32749045
0.33154696
0.30418378
0.4213695
0.5216059
0.63830316
0.49496812
0.32519597
0.28138435
0.40092993
0.5116095
1.8110119
1.1763257
0.8688014
0.9735524
0.84151113
1.0437661
0.7444988
0.6236849
0.36940882
0.35968316
0.3470356
0.33376563
0.31831378
0.31097215
0.2971569
0.31724596
0.35022342
0.6440374
0.8403797
0.30144075
0.40297177
0.33780715
0.42021233
0.43278635
0.60672694
0.42781842
0.39232603
0.85283196
0.9826476
0.66940594
0.65505165
0.5705231
0.32016906
0.3550884
0.34069064
0.302424
0.30537054
0.32002175
0.3213878
0.32364064
0.36991355
0.7263732
0.80342144
1.2221198
0.63089633
0.48908797
0.39114755
0.4194796
0.33521318
0.59004724
0.8476969
1.1082704
1.0000881
1.1037564
0.893231
0.7689222
0.46217853
0.34582672
0.36958018
0.3469951
0.32781848
0.3352201
0.30274022
0.31477064
0.3168241
0.3715377
0.47834593
1.4017895
0.608346
1.0795528
0.85839874
1.048196
0.5226292
0.81316125
1.0157765
1.0097396
0.9284447
0.87268925
1.1706604
0.8618609
0.67132306
0.454378
0.49191785
0.39919046
0.34911466
0.350167
0.33988687
0.30377495
0.2810785
0.42265746
0.50668204
0.6393343
0.86865354
0.96441436
0.86297923
0.77194643
1.0170299
0.76891965
0.9449383
0.8034808
1.2097267
0.8761997
1.1951307
0.6349672
0.38235423
0.34204853
0.35886222
0.34745553
0.3335781
0.3315567
0.29989395
0.3275856
0.556182
0.3105158
0.4787275
0.7958163
0.18492872
0.3361709
0.28432634
0.43817148
0.38666463
0.41225374
0.9278082
0.95256335
1.2572498
0.9199418
0.7278576
0.63627106
0.47002885
0.28310454
0.30335617
0.31389913
0.298692
0.32891306
0.3237617
0.26874596
0.38335305
0.3620654
0.6630536
0.42291862
0.31250608
0.22348613
0.43825784
0.39077246
0.73641205
0.77506274
1.2413654
1.0492661
0.85875195
0.8219666
0.77444255
0.47824386
0.49721768
0.23837656
0.3191623
0.33468068
0.29960167
0.30376986
0.28685272
0.26339197
0.36435196
0.62873787
0.5184701
0.6155252
0.34119272
0.22889182
0.3954109
0.406545
0.8750952
0.7249556
1.3538206
0.9222816
0.64919543
0.6028386
0.81079435
0.61054206
0.5002456
0.38666615
0.337327
0.34659478
0.33982784
0.3445956
0.33545718
0.33708447
0.37401634
0.7505713
0.6671056
0.54004616
0.45351347
0.5405155
0.7359071
0.5941571
0.6542992
0.7623637
0.7917415
0.6176055
0.88724214
0.9209213
1.040011
0.8787186
0.65096414
0.31678587
0.38255998
0.38192084
0.3237623
0.32080725
0.29805234
0.29082808
0.3166033
0.6798043
0.5688641
1.1660513
0.7353688
0.27844793
0.6228577
1.1966834
0.82537705
0.7436926
0.8419468
0.78799886
1.2437937
1.1026303
0.9110429
0.95218
0.50981575
0.39741224
0.43949753
0.38639373
0.33892006
0.33046255
0.2677608
0.27051648
0.29003072
0.3727196
0.4280137
0.5548329
0.7807251
0.8599973
0.630817
0.91835034
0.3670147
0.7263801
1.4699934
0.49556628
0.26020712
0.42877507
0.61149323
0.32889527
0.3677305
0.3804847
0.5754807
0.614944
0.51874876
0.39796713
0.34807587
0.31138295
0.33020163
0.44741818
0.44430813
0.54310834
0.48537934
0.28919578
0.91647977
0.56646085
0.72548765
0.4277636
1.1085026
1.3015571
0.8138521
1.1015998
0.9648877
0.9264738
0.66925454
0.32224035
0.33143935
0.2757966
0.31451443
0.31774217
0.27184975
0.26242623
0.4158244
0.59071785
0.6474848
0.82181257
0.27681062
0.31189376
0.31972164
0.3588797
0.33340588
0.29960778
1.3291475
0.9758409
0.97010565
0.73415554
0.93573695
0.62314093
0.577345
0.22364455
0.31738642
0.33309847
0.3180015
0.31827044
0.320419
0.27277666
0.37498567
0.3911621
1.589534
0.33605438
0.3054159
0.2496334
0.41718838
0.36477047
0.37050143
0.73728883
0.60302114
0.8719172
0.9073896
0.80649877
0.84747577
0.5489299
0.39827633
0.2946296
0.3301927
0.31606725
0.31936735
0.33094925
0.30920848
0.2809223
0.36909786
0.6644727
0.39918777
0.2773788
0.31086245
0.38350356
0.34875217
0.41912103
0.39742425
0.6563132
0.7186586
0.95952576
0.8168527
0.7361479
0.6886139
0.5011777
0.60066015
0.2889315
0.31640556
0.31508255
0.3168878
0.3172282
0.29584756
0.29669362
0.3283656
0.6126232
0.75559855
0.5901739
0.3500271
0.24171329
0.38041687
0.7718757
0.62116027
0.86804754
0.9266441
0.9560888
1.0027602
1.0300093
1.2076235
0.86462873
0.6560156
0.3525737
0.3337316
0.33586222
0.31034312
0.32595283
0.31368676
0.34384406
0.3550415
1.0571268
0.6920729
0.6526481
0.7192007
0.38904405
0.5569558
0.2915011
0.55024374
0.71792036
1.3210042
1.0417717
0.81274605
0.9714451
0.9680439
0.85248643
0.5806392
0.35584295
0.3410714
0.3331283
0.3254401
0.33381528
0.30034837
0.27696556
0.35641468
0.3519831
0.42413867
0.64002204
0.72712857
1.6830208
0.71128297
0.7762964
0.57212657
1.2286122
1.1989979
1.2480882
0.94191915
0.90132946
1.088277
0.55211097
0.7337187
0.35593548
0.35499114
0.34934914
0.356468
0.34624094
0.32851174
0.27493432
0.30636746
0.42104873
0.5696131
1.2189103
0.5189403
1.0087615
0.9327656
1.7306434
0.20950001
0.09003398
0.25235674
0.49855843
1.0797851
0.5570015
0.8615953
0.588563
0.4510018
0.39526474
0.33491436
0.33022758
0.3396913
0.35705674
0.32590142
0.31653687
0.5402654
0.72287965
0.7282213
0.49696314
0.2765254
0.53941494
0.4209042
0.28318575
0.6513603
1.4191958
0.9881779
1.0624117
0.8093632
0.80831397
0.83645123
0.6323721
0.49666628
0.27552694
0.3286517
0.34561393
0.31927216
0.30787516
0.31466958
0.2686212
0.3293866
0.75914896
0.959662
0.31495836
0.26564363
0.2509517
0.34294543
0.42227766
0.43984312
0.9923301
0.92277527
0.9522327
0.85488176
0.7435491
0.8028824
0.56992286
0.47253287
0.24767983
0.3062427
0.2997071
0.3035088
0.32315984
0.29860955
0.27281016
0.38124803
0.57427716
0.7673961
0.34929484
0.28375942
0.24515557
0.42815426
0.43270993
0.4074326
0.6289606
1.6966023
0.9294947
1.0686198
1.0170703
0.7972974
0.60538435
0.35607675
0.31737122
0.30136558
0.30015025
0.30277693
0.307688
0.29139292
0.2738806
0.31029347
0.73054814
0.8024752
0.43237624
0.34341344
0.2853254
0.32692373
0.5632748
0.53463894
0.7606076
0.7538996
1.1319636
0.73223954
0.80991316
0.7448973
0.640731
0.66311973
0.3639067
0.3142841
0.30574417
0.3162789
0.30156726
0.29304653
0.28100505
0.27993184
0.79815954
0.5611336
0.6067073
0.36859766
0.54509646
0.54110324
0.43328243
0.8298528
0.94942003
0.9943748
0.7006636
0.90050787
0.9700833
0.9710703
0.7955363
0.79489034
0.6124532
0.4376133
0.374945
0.37339923
0.35982922
0.31707355
0.28238606
0.30263588
0.4542363
1.1076155
0.89928174
1.0302314
0.52780986
0.45221385
0.6602534
0.77547765
1.7164686
1.5276585
0.93019295
1.2480808
0.7985768
0.8737788
0.6454906
0.5413406
0.47877946
0.45760036
0.3815798
0.34115493
0.3319941
0.31258592
0.2949239
0.37651706
0.3879443
0.43730468
0.5651945
0.95333356
1.1607636
1.2819412
0.9331003
1.3611791
0.9951921
0.59451026
1.4151407
1.1219075
1.2679724
1.081033
0.7100902
0.7118486
0.39322835
0.3299305
0.36026382
0.32628667
0.3235278
0.34676018
0.3018032
0.28650287
0.302159
0.768836
0.7073461
0.23960376
0.36502114
0.3066188
0.38534263
0.3179613
0.6137396
1.0997659
1.0974696
0.93310887
0.95005375
0.9532966
0.76786464
0.6172823
0.26432723
0.31650284
0.34939763
0.31518185
0.3099175
0.3449465
0.3143219
0.47125393
0.817559
1.0999069
0.23430008
0.2745234
0.28399184
0.38820225
0.56766
0.6025907
0.8147182
0.75715864
1.0173156
1.035184
0.73803157
0.9207453
0.7111131
0.5375265
0.26713592
0.31321105
0.30677477
0.3019038
0.31011838
0.2966666
0.25939173
0.33280474
0.78687334
0.9935574
0.35317466
0.27666056
0.1362229
0.3502272
0.36681005
0.4456004
0.80635756
0.63967156
0.8613031
0.9612217
1.0443094
0.86547315
0.8021934
0.43908814
0.3743687
0.3333462
0.30089766
0.29161364
0.29920268
0.2899604
0.2725581
0.29575196
0.674363
0.8166056
0.6639137
0.28987265
0.29267877
0.44086206
0.40060008
0.98300195
0.72728103
1.0660344
0.89431757
1.1331959
0.8926051
0.86094886
0.77032244
0.4955582
0.34053904
0.3331181
0.29654297
0.3020685
0.30429187
0.28169495
0.26716012
0.3379839
0.7439075
0.535657
0.7265771
0.3940082
0.45031765
0.33691534
0.57879186
0.6496471
0.4114427
0.9976184
0.9583392
0.78106356
0.9030602
0.84445846
0.7775855
0.58740455
0.43135262
0.3450866
0.29394728
0.30016586
0.31213805
0.26369247
0.26364455
0.25578484
0.35976967
0.48329628
0.6927979
0.8999137
0.820213
0.6998771
0.8636936
0.500468
0.6913148
0.8118758
1.2146013
1.3925614
0.72982
0.99613893
0.6448811
0.85654175
0.66372067
0.39608166
0.3930815
0.3609514
0.35633108
0.3633298
0.3553998
0.26826662
0.41505325
0.50698626
0.847725
1.0713285
1.0327207
2.0448873
0.31647405
0.11991778
0.27540386
0.47813204
0.20578223
0.9555959
1.0647873
1.212057
0.7068524
0.5380518
0.4142937
0.3359396
0.29913566
0.30475706
0.30515328
0.33198363
0.26865706
0.40755677
0.7624173
0.9756114
0.5108368
0.32204637
0.4565212
0.52058923
0.4190921
0.7440217
0.7308738
0.8301209
1.0582776
1.1088018
0.9231403
0.84534687
0.6732549
0.5553917
0.4656686
0.3403361
0.4390435
0.30835035
0.31001812
0.29897293
0.35220587
0.40902448
0.8043028
0.6842858
0.29158282
0.37651145
0.39307517
0.34716493
0.5183381
0.51830274
1.0934464
0.7224328
1.1230236
0.8198309
0.87661624
0.8624461
0.6566047
0.43175766
0.3182503
0.31732562
0.29197478
0.28790322
0.31420943
0.31870797
0.3147124
0.35341218
0.6818718
0.63939476
0.4144959
0.31796253
0.25772795
0.42655772
0.3148764
0.32806882
1.1919278
1.1557654
1.0961859
0.9558414
0.6530094
0.5781689
0.78340864
0.40721738
0.43984994
0.28921315
0.3032838
0.29914996
0.30923793
0.24954724
0.34777436
0.32711545
0.5604836
0.75515294
0.26794702
0.32814696
0.24350342
0.20842901
0.5434062
0.80946547
1.4361641
0.45597532
0.7394571
1.6126122
1.0260773
0.8605102
0.85816294
0.5180664
0.3650972
0.3331757
0.3058828
0.31934634
0.31234026
0.3164044
0.31241173
0.3269467
0.66223794
1.378255
1.3141651
1.0588474
0.41717854
0.29760987
0.2503403
2.0951657
1.0087273
1.0604421
0.8629963
0.88556063
1.4647022
1.3778621
1.060028
0.583918
0.34244463
0.37462866
0.339609
0.3165541
0.31828046
0.3062328
0.27547407
0.23164067
0.34829754
0.779665
0.7722458
0.66996974
0.61821723
0.7375233
1.6141711
0.81921846
0.914896
1.2239348
1.109649
0.9290905
1.1217705
0.99987066
0.8890708
0.613023
0.43745178
0.49880984
0.4693713
0.40855414
0.3737456
0.39188004
0.33466774
0.3106465
0.37472284
0.55435294
0.7347413
0.9121116
1.0550171
1.4406275
1.3923124
1.3451256
1.1742538
0.6820414
1.0925736
1.1974537
0.43511263
0.6028641
1.0545397
0.44163448
0.58032805
0.3489447
0.32466564
0.32435417
0.31703794
0.292923
0.25997394
0.41199484
0.48926014
0.4016836
0.664071
0.45424247
0.772789
0.6837583
0.59476894
0.5810225
0.84036165
1.0348088
1.120188
0.8514953
0.56550884
0.689629
0.60659873
0.5906464
0.45274228
0.2923212
0.3670635
0.32817918
0.33103794
0.33346245
0.32147273
0.28825563
0.5334562
0.6271943
0.35323712
0.6739135
0.71472377
0.6362529
0.5657877
0.68647546
0.65007246
1.0129849
0.8540462
0.69528806
0.72184753
0.6847216
0.46164763
0.6499243
0.42733842
0.36022645
0.44382536
0.36139542
0.3440475
0.28399903
0.27828237
0.25010112
0.32564592
0.4367413
0.45200497
0.7899767
1.0624208
0.83898747
0.5825166
0.8111723
0.7520307
1.4657799
0.94805455
0.91972345
0.9546287
0.8547094
0.72283417
0.6278682
0.46583208
0.58310264
0.40395468
0.32343978
0.31548643
0.30034682
0.284399
0.26722854
0.41149536
0.41795665
0.54579043
0.5395627
1.0434812
1.0233802
0.55665004
0.6615458
0.88875353
0.70399684
0.8904186
0.98914576
1.2976183
0.8945376
0.6241754
0.601223
0.5158747
0.40984508
0.49416998
0.33869407
0.32929033
0.30793738
0.24118763
0.29437536
0.44879666
0.3844429
0.47563753
1.6345865
0.90775317
0.78034544
0.7758967
0.70088524
0.82535386
0.64528733
0.72024345
1.399938
0.88702077
0.93058574
0.70390147
0.865779
0.6542029
0.5457758
0.57788265
0.3670787
0.34670165
0.34751517
0.25831723
0.2714537
0.32837164
0.42367285
0.6034158
0.70133805
0.7789805
0.7724586
0.55125743
0.6761284
1.21751
0.80786425
1.1084716
1.287185
1.0615528
1.3704616
0.7769941
0.6860334
0.7291067
0.41391388
0.47558737
0.36796054
0.3561217
0.3765696
0.36230764
0.3728607
0.3626309
0.44972786
0.59843534
0.44705784
0.851747
0.8061112
0.61361647
1.4756342
1.3608519
0.8542763
1.0455568
1.2407739
0.9016945
1.2071588
0.6221743
0.63473475
0.56068945
0.4063583
0.5595918
0.3545144
0.35090518
0.35999846
0.3067842
0.2902039
0.3202038
0.36833534
0.6069169
0.85260046
1.0506954
0.85004455
0.82867545
0.7618721
0.6118622
1.3955783
1.1295615
0.7998567
0.7277524
0.83834225
0.6544044
0.7427843
0.5067799
0.5413119
0.53176093
0.3449648
0.30764017
0.33764675
0.31000984
0.29431647
0.4184218
0.37964475
0.47572443
0.56467855
0.8549582
0.5929025
0.8686475
0.60020834
1.1829815
0.6690367
1.0271035
1.0067371
0.8380607
0.7801463
0.66138905
0.71956444
0.4501015
0.59160125
0.41543946
0.33172676
0.3247323
0.30918223
0.30725795
0.28308514
0.6266538
0.49222794
0.46007508
0.59281904
0.957737
0.67135525
0.83466583
0.62700015
0.49057412
0.63473874
0.8421329
1.2190464
0.9923736
0.7921229
0.74565977
0.5744521
0.42060426
0.5237422
0.44082645
0.31728435
0.330398
0.30499667
0.34522495
0.26828676
0.35404837
0.49213007
0.51881653
1.0316002
0.9487314
0.362283
2.0786383
1.3363886
0.8569768
0.6775631
0.83843553
0.7096144
0.35886586
0.50798565
0.38136822
0.5481354
0.66663784
0.5122754
0.46052733
0.32107592
0.28405392
0.26344103
0.3164833
0.08190474
0.20403123
0.68261427
0.5319716
1.1468604
1.566088
0.9177624
0.8355582
1.3621689
1.2844796
0.37161025
1.1905428
1.1916099
1.2315041
0.917886
0.8257472
0.6355536
0.32734373
0.47569737
0.35716537
0.32370222
0.3239665
0.31258577
0.29741216
0.25126848
0.3120384
0.39053014
0.60657364
0.5101752
1.2864261
0.81720823
0.66875905
0.50694066
0.9057309
0.84995544
1.3807957
0.8517422
0.8884538
0.75092006
0.8475124
0.68279517
0.52801687
0.44126928
0.39998636
0.34405804
0.33862275
0.3219432
0.3107421
0.35904464
0.38661927
0.47294998
0.7046727
0.7265592
0.7677003
0.6298251
0.6648136
0.8683726
1.4935585
0.7878689
0.8414291
0.8351572
0.8400326
0.9630629
0.81123984
0.7939373
0.8409817
0.66149235
0.5403067
0.37256414
0.35084993
0.34774047
0.32950735
0.4563403
0.33004794
0.39147514
0.49077362
0.61240935
0.94413567
0.68288
0.5835746
0.63886356
0.78029436
1.0150653
1.834569
1.3905866
1.2517879
0.9393062
0.9401009
0.73301524
0.5333868
0.36222178
0.37984082
0.32996476
0.33185938
0.3315248
0.358124
0.19009155
0.4522097
0.41674167
0.47595322
0.7689239
0.5929544
0.5740358
0.76995265
0.6936706
0.7967837
1.0339818
1.1855783
0.98264647
0.8230579
0.81307495
0.83434784
0.91561735
0.29587185
0.3429634
0.35840854
0.3357168
0.32192546
0.31274754
0.36052427
0.41002896
0.36174926
0.5913814
0.53620094
0.6711731
0.45342484
0.52362823
0.5916016
0.9586137
1.0266222
2.3488233
0.8647691
1.0142426
1.5977757
0.90003866
0.9456723
0.47021833
0.36104643
0.32916942
0.33428758
0.33844018
0.36354807
0.3430834
0.3150318
0.31008297
0.64710766
1.2214254
0.6720854
0.3512535
0.5671395
0.44269097
0.626753
0.4635586
1.138295
0.8933681
0.7966209
0.9694191
1.5798097
0.792522
0.5401724
0.63495505
0.3422436
0.3368002
0.33208853
0.33722013
0.33806598
0.31874752
0.28059703
0.27198708
0.7029051
0.7926477
0.7163503
0.9474219
0.30255023
0.33597323
0.42197993
0.51160705
0.6637153
0.95723766
0.96263784
1.1049743
0.977649
1.045969
1.2970182
0.62055236
0.547894
0.4359316
0.40531078
0.36028886
0.35564926
0.33415082
0.33037096
0.3799938
0.3292689
0.44748187
0.7756781
0.4167539
0.9280308
0.5505244
1.0081077
0.7972925
0.744513
1.2773329
1.2094173
1.0402527
1.3442858
1.405287
1.5158603
1.3335305
0.4999647
0.4346087
0.4989983
0.44937676
0.47934854
0.49676087
0.33074299
0.26895157
0.39160886
0.41837376
0.5874978
0.3831527
1.7565807
0.62244374
0.7964351
1.2214545
0.77750665
0.7739109
1.6498325
1.6440073
1.0599738
1.1021212
0.712674
0.8431354
0.35376307
0.3650386
0.3707154
0.36049104
0.35847086
0.37081748
0.30586055
0.30589408
0.43119964
1.1145132
0.23179168
0.99318844
0.40044507
0.33479622
0.3991797
0.96337575
0.75059795
0.8606188
1.1750057
1.0570211
1.0457293
0.88799614
0.64563996
0.592759
0.41702247
0.31985927
0.3736174
0.3262241
0.3289224
0.32810786
0.3543186
0.27418554
0.8839514
0.83591574
0.3354143
0.41693646
0.20592839
0.5436214
1.168381
0.64575994
0.91127145
0.7867307
0.8338916
0.9368106
0.78215635
0.75319916
0.6187138
0.46638843
0.43246973
0.32689247
0.35376975
0.31672692
0.31373844
0.3282066
0.32901528
0.32608607
0.6383688
0.9729126
0.25889158
0.50337124
0.35350606
0.2736143
0.4675595
0.522475
0.7355253
1.2232682
0.9304137
1.2096106
1.3632662
0.97676045
0.586853
0.45483416
0.41460937
0.33475643
0.313551
0.3245265
0.33879638
0.30848864
0.3103572
0.2925469
0.6978346
0.6055412
0.5640466
0.3646052
0.26282194
0.60688555
0.6779575
0.47452608
0.7924064
0.7116683
1.0363874
1.0563996
0.74919075
0.89740294
0.69984746
0.550268
0.36159703
0.3318609
0.31796828
0.3257251
0.32507083
0.31649897
0.302386
0.30449742
0.7788709
0.7953081
0.718939
0.611369
0.3000254
0.18168765
0.65550226
0.23663616
0.5390369
0.8214635
0.8352431
0.6655941
0.911015
0.8245721
0.831913
0.5404012
0.3380519
0.3524337
0.31633663
0.3121372
0.309507
0.2938167
0.31053194
0.31485584
0.5144228
0.48090428
0.9500964
1.0645066
0.8947407
0.36181274
0.9020776
0.7888285
0.7392548
1.1205124
0.7711344
0.8973503
0.53753173
0.41151527
0.4290089
0.45809788
0.59958225
0.43549928
0.37951785
0.38641226
0.35338092
0.34979984
0.3475084
0.18737456
0.30504307
0.33857158
0.6478687
0.7683756
0.76092243
0.72904825
0.809741
0.37021753
0.994629
0.88592845
1.17975
0.8354699
1.0033847
1.1185108
0.74760115
1.0741137
0.42280483
0.35378814
0.35529175
0.32059234
0.33483052
0.34294835
0.27481508
0.2627545
0.37120157
0.47701952
0.52136683
1.1717032
0.81011444
0.40119937
0.57432216
0.39069954
0.7888646
0.74519074
1.1327857
1.1159313
1.0997698
1.1729379
0.70199394
0.4277574
0.7555825
0.18368667
0.2797157
0.27264127
0.32350433
0.64649504
0.26374435
0.48425353
0.5056967
1.0324994
0.58900195
0.3847048
0.29268765
0.18328354
0.94082075
0.5507439
0.5685786
1.6065567
1.3240147
1.7493497
0.6811561
0.69345236
0.54302096
0.5771088
0.31153184
0.32157138
0.31663916
0.30995893
0.3130105
0.31244996
0.2989099
0.29553798
0.7186774
0.5798569
0.6231294
0.5113242
0.41463244
0.6104631
0.5123954
0.5992822
0.8793108
0.8640236
0.9834657
0.9234172
0.78496265
1.0586082
0.62873477
0.43858007
0.4003872
0.27914467
0.3145252
0.2944086
0.31222537
0.291206
0.26581457
0.34825623
0.28261408
1.5491079
0.71499175
0.6011959
0.16787836
0.40496564
0.44352722
0.9368998
0.44113013
0.90772885
1.1168828
1.0997736
1.543215
0.8988367
0.8489499
0.5080235
0.4034043
0.35126472
0.32045957
0.36064017
0.3360538
0.29147726
0.29735285
0.32354155
0.8601805
0.7779511
0.80352354
0.77225596
0.31414595
0.41099522
0.5543873
0.37182283
0.8504521
0.922006
0.9820074
0.8125088
0.8839046
0.80806166
0.6390289
0.86756635
0.46807402
0.4900351
0.3346695
0.28401706
0.30102777
0.3300993
0.22198492
0.30096993
0.24778205
0.5557161
1.2151897
0.6613734
0.58770335
0.76957315
1.0076731
1.1424568
0.36536607
0.96149975
1.4971967
0.89040804
0.42041168
0.48515463
0.74892575
0.36533275
0.69448006
0.42079818
0.3570707
0.34546307
0.33057323
0.3050811
0.33507183
0.5817151
0.33312654
0.508006
0.5900058
0.8964878
1.276836
0.76223767
0.47252613
0.7951322
0.97588897
0.7896492
1.5316285
0.56817627
1.80063
1.3589724
1.4121851
0.8081024
0.49670678
0.29725417
0.38069823
0.35360762
0.35558504
0.34477657
0.43397713
0.35417798
0.6362735
0.8594465
0.4672313
0.38063294
0.24910209
0.33268064
0.8688711
1.3974788
1.2609814
0.7058484
0.92684156
1.1496441
1.3164423
0.84696406
0.6977549
0.59205973
0.3348096
0.3353798
0.33515975
0.31599185
0.33490774
0.35310704
0.31220016
0.35038397
0.7079137
0.9005702
0.43314067
0.2964044
0.2025316
0.2596412
0.43263796
0.81006795
0.9992637
1.1987019
0.9844898
0.9159455
0.7524502
0.94618
0.72644746
0.4561984
0.35746208
0.32316422
0.31596774
0.30744693
0.32391822
0.33738327
0.32375488
0.27407712
0.8715349
0.54334056
0.49812657
0.3203671
0.3130735
0.4066791
0.45810544
0.34008223
0.9944337
1.4124752
1.0307525
1.0230438
1.0358679
0.79869926
0.57394373
0.5376207
0.39220175
0.3271499
0.31507963
0.33197322
0.34305674
0.3150611
0.28864765
0.28415033
0.66014653
1.0541929
0.65309364
0.3163593
0.24619642
0.32794717
0.42205465
0.48892298
0.9798987
1.0990946
0.93429077
1.1173346
1.1772692
0.92533916
0.8322853
0.4834499
0.36805978
0.34042802
0.3150997
0.31058827
0.33569086
0.3158727
0.29794392
0.26408166
0.62769973
0.62526
0.93292516
0.8003758
0.35556367
0.25026906
0.57276344
0.5262231
0.76945513
0.8729391
0.9239422
0.96932226
0.74502844
1.056349
1.1524905
0.8349391
0.38084918
0.3948092
0.34512156
0.32741928
0.32214788
0.3265946
0.30321512
0.3543274
0.3350892
0.38384002
0.7396857
0.76139677
1.0490981
0.28241327
0.9873817
0.67091715
1.6626214
0.95422846
1.0247563
0.4190331
0.5326761
0.55356437
0.46641847
0.5875911
0.47154287
0.38217816
0.35191897
0.3454765
0.31952873
0.31642526
0.3353397
0.24397326
0.36407307
0.44120786
0.7129629
0.9750944
0.8888739
0.86909616
0.7621009
0.5184823
1.5762709
1.0142591
0.8750275
1.4851459
0.6149234
1.3742853
0.7626418
0.5243206
0.39145204
0.33898854
0.36077073
0.32046568
0.32326746
0.3441098
0.33664444
0.29542166
0.72343343
0.79513013
0.44361162
0.3351836
0.27045578
0.26283062
0.49154103
0.33561394
0.894169
0.6956251
0.66897434
0.856538
0.8829878
0.72536147
0.58461416
0.41016987
0.28608122
0.32779175
0.31905442
0.31657866
0.31710693
0.32274464
0.3045806
0.29217333
0.8269876
0.925056
0.45695838
0.5972437
0.5546837
0.55874246
0.5016797
0.4080109
0.9114694
1.3382139
0.8425214
0.9235756
0.8903883
0.83309454
0.5846211
0.41268197
0.3550716
0.33882982
0.3256431
0.29410875
0.3014276
0.33965823
0.3316308
0.29255867
0.63039505
0.8993529
0.5563923
0.4008493
0.463642
0.33079612
0.38393885
0.29955703
1.4087492
1.5193937
0.8340839
1.4206421
0.9737144
0.70127153
0.5365406
0.45979387
0.36576825
0.293063
0.3342137
0.30075797
0.3112336
0.33501682
0.27681112
0.3791627
0.7879788
0.62732226
0.45436245
0.4204236
0.21926779
0.3291818
0.60128415
0.33622125
0.70002043
1.0602047
0.73535764
0.5973869
1.1995593
0.7386687
0.6779868
0.38674808
0.33154142
0.31960538
0.29541808
0.30425924
0.3111106
0.28960097
0.27180946
0.34082842
0.72417253
0.62163866
1.1812944
0.8152443
0.21261472
0.4299047
0.60749865
0.56818235
0.6392466
0.87870824
0.9266236
0.614672
0.88442016
0.93509215
0.74553144
0.45575765
0.42160943
0.34418526
0.31552306
0.31257647
0.31732032
0.28684777
0.26572534
0.28034082
0.2696632
0.3815661
0.6098708
0.61272675
0.27247602
0.8794679
0.91577786
1.1223376
1.0356494
0.70948035
0.8703856
0.67468536
1.2267207
0.89555293
0.7836993
0.5785674
0.4712354
0.3678043
0.328007
0.31995407
0.31367186
0.33659005
0.26210377
0.29103425
0.32535148
0.5230462
0.8585751
0.9292695
0.92555785
2.334323
0.57515734
0.82589245
0.6572859
0.7046947
1.2483077
1.1015815
1.3046454
0.96598256
0.99405473
0.53756696
0.3454728
0.30408803
0.31675118
0.3015829
0.30991808
0.337318
0.3344742
0.3601851
0.47815764
0.87880623
0.21877411
0.39848587
0.34457278
0.34434333
0.3282005
0.5165175
0.6853872
0.83297855
0.8134642
0.96822125
1.174204
0.60702395
0.6379029
0.44482958
0.2604421
0.309311
0.31016397
0.29693878
0.31585997
0.34482667
0.32644385
0.31438938
0.58163506
0.9533944
0.4063183
0.32802606
0.26039803
0.3238664
0.4481645
0.45443332
0.8844944
1.0081687
0.9695039
0.8147178
0.7313103
0.5248806
0.42064717
0.3600604
0.41131395
0.29324517
0.30442834
0.29321462
0.30935833
0.2779556
0.27292046
0.318066
0.7556142
0.62964463
0.6013475
0.26451206
0.25437522
0.39251482
0.4992271
0.5105941
1.2659432
1.1605883
1.3016182
0.92298734
0.64929956
0.7137905
0.5649386
0.44265687
0.30098104
0.30275503
0.2848086
0.28981733
0.29878628
0.29953587
0.2677872
0.37523606
0.42834628
0.8215767
0.7243473
0.31308404
0.26649144
0.2875008
0.79686004
0.69005805
0.8231651
1.1664354
0.7515916
1.1890887
0.7901243
0.81209254
0.62547624
0.40346262
0.35123837
0.3138784
0.29509273
0.3212483
0.30719528
0.30593967
0.28680363
0.35164684
0.5809445
0.59463763
0.3614927
1.3190702
0.6515956
0.38039577
0.65642786
0.820333
0.7992048
0.70364916
0.901904
1.0413588
0.99381065
1.0695511
1.1389601
0.6067922
0.45030195
0.3065759
0.29996732
0.31374776
0.30906105
0.28347367
0.3447798
0.36629727
0.33456567
0.5587119
0.7739337
0.6877249
0.75439525
1.9810169
0.7575552
1.5592269
1.3250556
1.1212915
1.05632
0.7610103
0.9306329
0.9455731
1.1043203
0.9027239
0.5904946
0.39006373
0.36997527
0.3323145
0.32870442
0.32147694
0.30718926
0.26774555
0.37554637
0.42698565
0.6368717
0.87285805
0.85119504
0.9904325
1.4331676
0.7237364
1.0010949
0.6312466
1.0110437
0.6543658
0.45529822
0.46733898
0.47535247
0.8023515
0.54048634
0.3803896
0.43582872
0.36382756
0.35188764
0.3211726
0.23059139
0.3559208
0.35291344
0.314877
0.51578254
0.86069864
0.7330291
0.4216254
1.1418779
0.47136378
0.95794225
0.7659122
1.288631
0.74034405
1.3231982
0.91813403
0.7898367
0.8650836
0.55634373
0.52148306
0.40643486
0.31995103
0.30664426
0.32677546
0.3131709
0.34230745
0.2756382
0.3453122
0.88551915
0.7007076
0.867301
0.996243
0.49501756
0.6351661
0.83567786
0.68371546
2.3340385
1.2301098
1.0269126
0.89258707
0.7865435
0.7477835
0.58632153
0.43770346
0.33855703
0.33028764
0.3271038
0.3343184
0.29969582
0.37587783
0.30265325
0.37872598
1.0015651
0.42531344
0.9525912
0.7592555
1.0730364
0.54142094
0.60814184
0.37120667
0.24040633
0.8359537
1.1995996
1.0615636
0.8113848
0.8108796
0.50378394
0.48334774
0.46386948
0.34602913
0.32462987
0.3182119
0.27453858
0.25560236
0.36852357
0.34803173
0.80658317
1.2375047
0.4799142
0.29141656
0.6370798
0.32515895
0.49234673
0.6691474
0.79193723
1.0351031
0.9598362
0.85095817
0.7546155
0.95976806
0.5341008
0.7589541
0.6951601
0.36320904
0.36597896
0.34592584
0.32983634
0.3244764
0.2598316
0.7319368
2.1020052
1.1618791
1.069127
1.2844447
0.7338795
1.4196384
0.5511753
0.4910712
1.7865818
1.217515
1.0396167
0.89961916
0.8992055
0.95589614
1.0285511
0.7609016
0.9041339
0.38342968
0.33618975
0.33927047
0.2548454
0.26831818
0.20817852
0.31677467
0.3860622
0.86326975
0.7372157
0.81338525
1.8265556
1.8970969
1.0487264
1.1949546
1.2404366
1.0079509
1.0191152
1.1325722
1.1867162
0.8018411
0.68063056
0.38151908
0.37142718
0.34186947
0.3176326
0.3449616
0.3371062
0.29420507
0.36070836
0.3529743
0.629077
1.1881304
1.8082427
0.67162937
1.9092419
1.4844912
0.7213681
1.5031043
1.036751
2.1459365
0.69397813
1.0652359
0.55501205
0.567948
0.3677697
0.340581
0.31924745
0.29996222
0.3120117
0.2846168
0.36932325
0.6575947
0.7505143
0.8069544
0.48841748
0.49199158
0.32692996
0.5285039
0.48656562
0.53976196
0.6142639
1.4160328
0.6764487
1.2257209
0.9557219
0.8852793
0.8081672
0.42406553
0.34500793
0.3476847
0.3387491
0.30638266
0.29863966
0.32703424
0.2985974
0.25803185
0.8602676
0.7791625
0.30433878
0.4384489
0.33368745
0.38871032
0.45541134
0.37045962
1.2221528
0.8558503
0.91263705
0.90399593
0.7847145
0.8380708
0.6465698
0.41009337
0.3419957
0.33064365
0.32109654
0.3044203
0.30552635
0.3212887
0.32427064
0.26967034
0.93889076
0.94291055
0.37854725
0.3680115
0.38449335
0.4594824
0.64389026
1.1245697
1.2166936
1.4143649
0.916026
1.223831
0.8061487
0.9132837
0.6944485
0.4165948
0.40103483
0.32249787
0.3164031
0.2945681
0.29310623
0.2925807
0.29843754
0.30028287
0.6953973
0.7880646
0.34803826
0.49285612
0.3757303
0.41647747
0.51855576
0.48386106
0.7883681
1.031734
1.1071962
0.9298882
0.7288234
0.89879614
0.59601545
0.4311694
0.3167149
0.321643
0.30282608
0.31868458
0.31560078
0.3343565
0.4174472
0.38663393
0.86771214
0.8066605
0.8207233
0.94941103
0.69174373
0.640206
0.3030324
0.41358227
0.82228947
0.9378381
0.88848317
1.0882535
0.94369966
0.8160518
0.8205292
0.689617
0.4131055
0.38125676
0.42000794
0.34355122
0.33507687
0.320724
0.30474097
0.25276345
0.37892234
0.43029046
0.7553787
1.3665085
0.94754785
0.62691617
2.4624245
0.88392836
1.0778167
0.99237204
1.0137682
2.654458
1.1059216
0.98836225
0.7688758
0.67285526
0.83004814
0.5704695
0.7065313
0.40780193
0.36383146
0.3755084
0.3698071
0.26563558
0.30210376
0.39416036
0.7259116
0.97637445
1.0033269
2.006386
0.953927
1.3499123
1.350534
1.1493288
1.2561823
2.4023397
1.2340719
1.0956297
0.8376553
0.6583922
0.41812366
0.33225924
0.36392388
0.32042104
0.31553715
0.38784993
0.3855888
0.32935235
0.52567154
0.6391361
0.560235
0.35440278
0.36502033
0.41236702
0.50307345
0.77055156
0.73936474
0.8120569
0.7717368
0.91318643
0.8461876
0.61883414
0.29612508
0.48449686
0.5180144
0.30507317
0.33478007
0.33656448
0.30937156
0.31472942
0.26038858
0.2874159
0.7338862
0.6268126
0.40065408
0.36470705
0.33913177
0.34858263
0.29995853
0.63083977
1.0557476
0.900111
0.8472158
0.8872336
0.9501221
0.7067677
0.7351825
0.596542
0.37671044
0.32567102
0.30493662
0.29261473
0.29154393
0.34641665
0.28012902
0.29335675
0.47246605
0.627365
0.48300043
0.35496348
0.3993894
0.533339
0.53255624
0.51901853
1.1261102
0.681281
1.0410069
1.4341036
1.0017108
0.78237665
0.642357
0.44945267
0.38943562
0.32230252
0.30721557
0.30234325
0.30100235
0.2953365
0.2666424
0.3246607
0.47214907
0.78358406
0.17422101
0.45079967
0.33650535
0.40887302
0.48071948
0.7387991
1.0408654
1.0442482
0.8966712
1.2285846
0.7657567
0.9171387
0.70052505
0.54566354
0.375082
0.3023324
0.30031818
0.31741455
0.31015095
0.31810737
0.28516325
0.31118897
0.74841446
1.0631362
0.35952
0.69396293
0.188555
0.48399177
0.46795297
0.8275944
0.6988865
0.7378995
1.1069261
1.2647524
0.92868793
1.0793326
0.9859232
0.49000272
0.38080752
0.34716517
0.3095709
0.30738673
0.2971908
0.29492813
0.2831649
0.31352046
0.37404194
0.44646013
0.6816088
0.8739142
0.8297086
0.6444938
0.8643393
0.8662971
1.0451547
0.80056864
1.3356416
1.1786271
1.0754858
1.2185168
0.9688965
0.9001301
0.56095195
0.39615437
0.3291346
0.33417937
0.32290822
0.32023296
0.28287205
0.26614735
0.40079957
0.3607373
0.65075904
1.0624049
1.6859244
2.2100182
0.94462794
0.5684159
1.0922927
0.9632091
1.4552358
0.93675685
0.8581286
1.7308563
0.69000137
0.5377117
0.4619287
0.34258083
0.27354136
0.2956696
0.35659865
0.36336792
0.24467799
0.3586753
0.67138803
0.8318289
0.13776022
0.17052424
0.23197445
0.65667063
0.3748532
0.36537623
0.6059199
1.0850618
1.1470143
1.1189617
0.6300057
0.7952048
0.7844204
0.42636338
0.3254316
0.3283677
0.30683184
0.28731278
0.28545648
0.30897424
0.25684938
0.23909932
0.73139465
0.76904714
0.34303632
0.39856556
0.27147916
0.3832621
0.35687128
0.35984376
0.67843056
0.9619965
0.88798296
0.8157743
1.0342982
0.84174466
0.78395325
0.46101
0.36323798
0.311174
0.30435878
0.28223535
0.28701615
0.30808687
0.24726525
0.24712887
0.7525812
0.89857864
0.35551664
0.29317886
0.3421078
0.41172314
0.39306557
0.25110868
0.8999616
0.67804736
0.789344
2.5246336
0.17213735
0.6650185
1.010233
0.43518817
0.336159
0.30221644
0.29473683
0.27673727
0.27751955
0.29654166
0.3012635
0.35604963
0.62842035
1.0268718
0.65988636
0.28346568
0.3356393
0.28945076
0.21801886
0.42709604
1.1716082
1.458644
0.7398268
0.9924129
0.8670844
0.88750315
0.69900036
0.42981324
0.3317407
0.31807667
0.30022454
0.30319118
0.29655236
0.29128772
0.25404572
0.26781404
0.6132362
0.90372974
0.7490667
0.7053469
0.489367
0.6951686
0.35214546
0.4842059
0.91717505
0.7757807
0.9821048
0.8168519
0.8881376
1.047789
1.0847977
0.67901087
0.4089114
0.34365264
0.3136453
0.31283596
0.30163196
0.29781017
0.26861
0.31046098
0.35497418
0.599518
0.7164938
0.8317149
1.2629884
0.7894169
0.6441077
0.58010316
0.6973797
0.7967006
2.471631
1.148119
1.038093
1.0309056
1.001808
0.9216048
0.58014464
0.42491525
0.383342
0.37177384
0.40132892
0.4053579
0.37783322
0.31458858
0.21400765
0.34617493
0.64925677
0.6126952
0.7860927
0.70555085
0.6976963
1.2429416
0.4197825
1.1371258
0.7931471
1.0718758
2.675655
0.7015188
0.42680985
0.76736414
0.29270408
0.38900855
0.3299121
0.31758454
0.28712428
0.30745485
0.25934717
0.40963593
0.50392634
0.83712256
0.4058423
0.3961687
0.30075696
0.42851973
0.45665592
0.516288
1.0945715
1.0895426
0.82259154
2.532705
0.9192505
0.719185
0.60939527
0.39613307
0.35898197
0.29712686
0.306858
0.29310665
0.3481301
0.3252747
0.23509604
0.22639704
0.6742491
0.82038844
0.25207624
0.45729494
0.16694635
0.40439373
0.37317356
0.48588276
0.70272046
0.847383
1.0230169
0.7345485
0.9132193
0.6878033
0.5854244
0.47819078
0.3464261
0.31943393
0.31531084
0.29798675
0.30449787
0.31755966
0.29257134
0.27364403
0.83082396
0.77712536
0.3844632
0.35251516
0.40155557
0.31628102
0.5426221
0.7540965
0.70234
1.4957304
0.7887422
1.0173588
0.9187077
2.523404
1.0095547
0.688775
0.33676636
0.2535882
0.31135088
0.30460575
0.32194203
0.27705616
0.24434587
0.2897274
0.99646664
0.99097216
0.36639178
0.40196708
0.3162782
0.32311296
0.3335411
0.50857365
0.84422034
1.672195
0.79018027
1.1930956
1.8238637
0.75252783
0.6641183
0.4508378
0.40621522
0.32235754
0.3061679
0.30924216
0.31696668
0.30271405
0.28538814
0.27913013
0.768196
