0.8679062
0.49974027
0.44011414
0.3763856
0.41483608
0.37482497
0.37142313
0.42860198
0.50570583
0.590897
0.5483235
1.1762223
1.9842755
1.0937203
0.6685488
0.47735503
0.42182514
0.3946946
0.3757002
0.29120585
0.2889032
0.31809157
0.38808134
0.91041636
1.0352535
0.40846813
0.31211326
0.30114144
0.32900983
0.35381156
0.34509945
0.40295738
0.49292323
0.6951432
0.7806681
0.7870217
0.649501
0.6781572
0.5142304
0.41061956
0.38280857
0.33249924
0.3254492
0.283436
0.27486458
0.3088414
0.49335697
0.5106088
1.0365711
0.9611793
1.7310784
1.1240855
1.0392921
1.2805367
1.353566
0.7507453
1.1161113
1.5469337
1.6040502
0.86594474
0.905846
0.6859423
0.5973801
0.49973568
0.42835602
0.37744054
0.38803896
0.33385906
0.28114662
0.3668144
0.45238793
0.45638517
0.5131667
0.9470365
0.8559209
1.1027511
1.1832904
1.2709754
1.5691102
1.7511466
1.3912956
1.3784517
1.7716081
0.8753337
0.6458213
0.7290195
0.92079103
0.55029875
0.3924268
0.37125763
0.35945165
0.28091815
0.34179893
0.3973141
0.46704262
0.57188326
1.6114967
0.88367045
0.6061651
0.4716762
0.6411076
0.49259308
0.46210268
0.40746444
0.6436982
1.0852066
0.8730899
0.6448297
0.6338599
0.6707555
0.51793796
0.44259915
0.362364
0.35506964
0.34817553
0.2994927
0.3325309
0.3963823
0.40897074
0.48779687
0.49122432
0.89145344
1.4015491
1.2140825
0.53714263
0.9400238
0.6471673
2.0291505
1.0962832
1.814725
1.4002947
0.98146456
1.3825603
1.5493
1.3262216
0.6175181
0.5455896
0.5068804
0.4467186
0.3359006
0.3930095
0.5016092
0.5724374
0.5289727
0.5270981
0.4723019
0.6683174
0.7686678
1.1305109
0.9352372
1.0572937
1.221024
1.6047481
1.444503
1.6140472
1.1454957
0.90703845
0.8901931
0.4169017
0.35720578
0.32623753
0.29773396
0.3013106
0.24688065
0.2610023
0.27277005
0.37416962
0.72312707
1.0547274
0.7545115
1.4043782
0.6763591
0.41007134
0.33551133
0.47682735
1.9353869
1.449824
1.3117529
2.0739248
0.9655805
0.86789066
0.5269518
0.92615044
0.5254025
0.39532948
0.3550623
0.30404666
0.3161482
0.28465846
0.2715542
0.41617727
0.6454607
0.97647697
1.0759046
1.1526103
0.83651704
1.1555892
0.99563015
0.939971
1.1338972
1.7149291
1.5234939
1.5812918
1.8027828
1.0995741
1.0736524
1.0214206
0.6106168
0.6190489
0.9142351
0.6527695
0.548191
0.39921752
0.40889034
0.41872406
0.49535745
0.43927202
0.5821331
1.0352713
1.9895267
0.60331106
0.4303937
0.43104813
0.5369995
2.2194746
1.3342538
0.58661604
0.68379843
0.7440638
0.89309156
0.47829264
0.4413534
0.3794475
0.30808258
0.32642764
0.27988532
0.25566393
0.2743854
0.35101822
0.42887613
0.52489483
0.73599344
0.6385989
0.42516193
0.3977557
0.43348238
0.42304382
0.50197744
0.5408589
0.8204911
0.7810088
0.85873586
0.6431296
0.5116726
0.50869554
0.38259473
0.31700516
0.31028917
0.29892617
0.26270482
0.28886437
0.34980878
0.32262883
0.44877222
0.89746433
0.8577523
0.8896854
0.76193386
0.43279582
0.5482611
1.3194369
1.1966107
0.92170846
0.8215453
1.6763799
0.78992575
0.76353544
0.6134307
0.82935256
0.38027072
0.3594968
0.32417932
0.30189806
0.23202324
0.20810255
0.35041484
0.58012927
0.57032645
0.7248427
0.44672194
0.38147822
0.37470132
0.35452202
0.36693206
0.39146256
0.4352488
0.47738224
0.3881374
0.40604582
0.35642573
0.46187323
0.60769606
0.45033377
0.3925525
0.32259363
0.2946235
0.28013083
0.21632543
0.19533038
0.30798006
0.3737102
0.7249808
0.61955464
0.3995052
0.30873424
0.6584399
0.3849882
0.28454855
0.29480425
0.41901326
0.40604457
0.5238798
2.0880418
1.0737557
1.2373282
1.3408357
0.6203503
0.5445678
0.45952064
0.33035183
0.2893577
0.2862798
0.26235583
0.31866887
0.40264148
0.8311963
1.035422
0.8773368
0.53978735
0.3575848
0.38785735
0.8183954
1.6663116
0.90668285
1.3996667
1.1832469
0.9249572
1.6093413
1.1532401
0.9282043
0.5635398
0.50060755
0.32256046
0.25486344
0.28175405
0.26935858
0.26801077
0.30622265
0.4656139
0.8658973
0.5692721
1.2125413
1.2485316
1.0544301
0.8675656
1.3769782
0.66437614
0.907454
1.783724
2.1632643
0.9765689
0.64868045
0.60450524
0.6001323
0.5784251
0.38848728
0.30898142
0.255839
0.2976925
0.3005155
0.27356297
0.2767444
0.4598812
0.5793659
1.3578037
1.0535147
1.4162756
1.1927681
1.4534492
0.83889127
0.9489689
1.2030997
1.3947706
1.181652
1.1736947
1.6296195
0.92333436
0.85217613
0.695931
0.88223064
0.4215756
0.3368116
0.30453834
0.3328477
0.32343847
0.26083857
0.70419216
1.1933813
1.370295
1.2905029
1.3593539
2.2957723
0.92731524
1.2678533
1.6793189
1.194054
1.4432867
1.1171453
1.2902768
0.55700016
0.64409935
1.3757364
0.56060654
0.40285975
0.28291303
0.27988452
0.29163378
0.23301223
0.20427188
0.34841183
0.71790475
1.0149888
1.3028394
0.6669862
1.0819734
2.172248
1.5958539
1.7101698
1.872985
1.0537223
1.119592
0.978428
1.1016624
1.0289626
0.72766197
0.80675954
0.45675436
0.3655833
0.26485813
0.28716332
0.26733896
0.26124564
0.20783785
0.28095147
0.4241719
0.93901455
0.97920966
0.60620195
0.67178077
0.5775421
0.42885506
0.35600513
0.40919438
0.5323474
0.5713244
0.44084534
0.38724977
1.0755605
1.4216181
0.7031897
0.5474013
0.53525245
0.29314002
0.28371614
0.26357678
0.24900907
0.19481224
0.32517713
0.4959524
0.78580046
0.59760284
0.8901791
0.85622555
0.24327418
0.29740578
0.6626342
0.7342711
0.8207604
0.77586234
1.3633672
0.69130427
1.5866314
0.6054882
0.5595438
0.5780424
0.26517782
0.23680416
0.21834785
0.23587331
0.222242
0.18235794
0.26277158
0.41625112
0.9255927
0.98156077
0.4406036
0.30474433
0.32674763
0.28186676
0.3480742
0.47536525
0.54765725
0.6868056
0.57200617
0.8025193
1.59139
0.667291
0.97098446
0.5068499
0.26934934
0.24368155
0.22622007
0.2559895
0.23987857
0.2073052
0.3580936
0.99863565
0.8116893
0.4088861
0.37023365
0.2523378
0.4041253
0.5489285
0.8839468
0.64468855
0.6356826
1.1993911
0.97786593
0.94184345
0.7594757
0.719094
0.5795799
0.9291946
0.32683784
0.31282753
0.25469005
0.2629143
0.27189693
0.28953996
0.31032982
0.4946632
0.9230882
1.0661186
1.6334165
1.3836567
1.3074759
0.50605243
0.47618827
0.4200496
0.44099054
0.60908926
0.42931914
0.423373
1.5784718
0.42017633
0.56223077
0.5254789
0.29249412
0.25905612
0.2399123
0.26356748
0.25314108
0.26993367
0.30598447
0.47450465
0.8546014
1.3521961
1.5033163
1.5502508
1.3865347
1.1938322
1.2301613
0.82553273
1.6176152
1.0303931
1.2323847
1.3705705
1.1063027
0.61804515
0.47899184
0.5647571
0.28187197
0.21866515
0.23174936
0.23443499
0.21866965
0.19295105
0.2658712
0.6712662
1.156395
1.1529329
0.5581653
0.39120787
0.30992085
0.29707265
0.43556762
0.53741115
0.5542965
0.40332404
0.3150129
0.36579698
0.29721114
0.39717588
1.0147473
0.52016795
0.25520343
0.23825726
0.20908421
0.21836314
0.20890507
0.18274385
0.26479575
0.48221552
0.7762686
0.78542364
0.8250559
0.35283434
1.1186279
0.659246
0.61082894
1.1296709
1.3990384
1.6255624
1.5546061
1.0926912
0.9976534
1.0943302
1.4940561
0.65443105
0.29906192
0.25233266
0.22845611
0.23325247
0.22375908
0.19923356
0.45444882
1.3322997
0.95332026
0.90805423
0.9797589
0.8170436
1.0058014
0.56378335
1.0210239
1.0083768
0.65782815
0.45555794
0.6063564
0.38401926
1.3453218
0.739193
1.3437214
0.21478379
0.25622666
0.25795996
0.23909372
0.24985597
0.23554936
0.20759588
0.29470608
0.42135888
0.9040163
1.0689164
0.22241804
0.20223475
0.252612
0.25898162
0.28516072
0.26245654
0.5291037
0.5250722
1.1621903
0.8981058
0.99664676
1.1048888
0.6203503
0.5307701
0.2590556
0.24468473
0.23297378
0.26606947
0.2501358
0.21838784
0.36269253
0.45698193
1.2429216
0.889885
0.6939697
0.6391452
0.8893967
0.32617077
0.3297893
0.5734634
0.8403222
0.619624
0.53455925
1.6876283
0.8389396
0.75574243
0.7981732
0.9299476
0.6598437
0.30226997
0.26203543
0.26724738
0.28568172
0.2756062
0.29865927
0.398973
1.4982126
1.3086095
0.789219
0.84886396
0.36027694
0.22066054
0.42168146
0.4202899
0.5343019
0.5541925
1.0651138
1.2046944
0.8821276
1.3476182
0.38836467
0.49175632
0.3286642
0.28081384
0.2484572
0.2815334
0.27955517
0.2598502
0.26487514
0.5124857
1.4378659
1.5871544
0.65868694
1.156114
0.50891864
1.3992875
1.460655
1.5618173
1.646873
1.5268433
0.8186281
1.495223
1.1422299
0.608478
1.2864969
0.43025514
0.27299985
0.22493681
0.23138067
0.24540228
0.2279799
0.27022326
0.39277622
1.3319013
1.3906554
0.7814827
0.44697592
0.2872618
0.4072795
0.39859843
0.6647364
0.7289844
0.4013637
0.5711987
0.46923664
1.2214789
0.877691
1.0729156
1.2438418
0.4998888
0.22447506
0.2304888
0.23939836
0.26024085
0.30532387
0.32015902
0.41552213
0.6185807
1.1650673
1.0537479
0.92220193
0.6218184
0.897216
0.16434598
0.43393707
0.6238718
1.3609182
1.2175009
1.0716145
1.2087191
1.3316592
1.1528962
1.2095292
0.6025667
0.27226895
0.24807301
0.24186474
0.25911772
0.25063935
0.38279817
0.86473006
1.0935011
0.6021351
0.42375597
0.26976705
0.39939135
0.22118583
0.5957445
0.5314499
1.2266734
1.1351513
0.6257863
0.8693138
1.7169641
1.1556917
0.8812549
0.91824216
0.39376178
0.25755477
0.2967269
0.2752908
0.27638012
0.28341544
0.26073074
0.30546787
0.61309683
0.8478631
0.36861706
0.42937875
0.37028265
0.5743042
0.84317243
0.88659304
1.5372263
0.5290478
0.5189966
0.8976566
0.7727632
0.4982605
0.6788963
0.625715
0.5987445
0.24931204
0.2624793
0.23889953
0.27240098
0.2714649
0.21000722
0.22043332
0.37768933
1.1868098
0.81411433
0.36774665
0.27795145
0.2977821
0.32655814
0.40989953
0.30027354
0.28325942
0.33451733
0.8317128
0.36287287
0.46397367
0.45321465
0.39542702
0.41340247
0.2489486
0.25093323
0.2602386
0.2774851
0.25308275
0.2063151
0.27218673
0.37163687
0.86773795
0.8046767
0.5051502
0.39044353
0.25650856
0.9676386
0.8127533
0.5264347
0.72194356
1.3845185
1.4873961
1.078217
1.5389507
0.68738914
0.67348844
0.4179797
0.32234985
0.3054396
0.26138735
0.30132735
0.29233387
0.31410807
0.33441693
0.5085733
1.2433665
1.4691516
1.4724
0.5870302
0.7770016
0.38250467
0.6211227
1.0259707
0.8493166
0.686242
1.1679451
1.2341737
0.8974086
0.53697485
0.5672752
0.7613332
0.15245551
0.28005442
0.2547347
0.25084198
0.24183252
0.1887815
0.396447
0.5301225
1.2993553
0.8399289
0.71594936
0.95144373
0.26709795
0.28343463
0.2694869
0.88145
0.21974924
0.2606925
0.34832168
0.4224812
0.40041795
0.89920753
0.3424922
0.5030869
0.19730812
0.23015681
0.24112496
0.28090638
0.18758485
0.2363329
0.30761066
0.5802185
0.6771412
0.40805197
0.34681296
0.29792017
0.42830023
0.45820883
0.4646044
0.25113767
0.37539586
0.44902474
1.4756839
0.4248205
0.4089957
0.3719697
0.29554707
0.5812324
0.24593091
0.24859715
0.24257898
0.27338454
0.2706136
0.23856676
0.32053477
0.37969753
1.388423
0.75156945
0.56773204
0.68404675
0.6445271
0.7783482
0.5805548
1.1903421
1.4682213
1.922061
1.251849
0.1491372
0.50006807
0.6176465
0.4672211
0.24372897
0.34250826
0.2699565
0.2414029
0.27493417
0.23871079
0.22859323
0.2702487
0.59299034
0.43014944
1.2548933
1.2614532
0.55330527
0.44519848
0.43321466
0.21690422
0.3489012
0.54273117
0.702481
0.546172
0.39778557
1.8689302
1.4924536
1.043196
0.6290912
0.45331252
0.31802708
0.28840214
0.2365087
0.24754488
0.223889
0.4332683
0.8121232
2.0572512
1.0314533
0.79661214
0.75973344
0.46352255
0.62002724
0.51062876
0.4030359
0.62176216
0.9922357
1.7012157
2.6105244
1.4166485
0.9954833
0.6775701
0.6104155
0.61053455
0.4471917
0.2745574
0.23739308
0.27251107
0.2691115
0.43377507
0.5473123
1.5525336
1.5038208
1.7128716
1.5118493
0.3370514
1.1976359
1.6880605
0.7679093
1.6954328
1.0579399
1.2293185
0.8640708
1.1325147
1.0011908
0.5701448
0.6874388
0.36941537
0.29874542
0.2498971
0.29520193
0.29770538
0.26263097
0.280734
0.79888994
1.1891316
0.7008827
1.0530151
0.9060974
1.084154
1.3311254
0.57270044
1.6100178
2.0117984
1.0949023
1.110087
1.1659507
0.5311054
0.42023915
0.76660675
0.42240402
0.27060714
0.24065965
0.2764247
0.2542906
0.27444503
0.23089188
0.440366
0.5042981
1.5237459
0.5740486
0.61387986
0.4686617
0.457902
0.591065
1.252667
1.0396345
0.32382393
0.5771094
1.984877
0.8057053
0.6950525
0.6736184
1.2144446
0.8920105
0.28823286
0.27034932
0.26586574
0.28771156
0.28414655
0.29612085
0.44729298
0.5088394
0.9508191
0.36637542
1.2095206
0.8165225
0.52452534
0.95624286
0.64373964
1.358706
0.8548746
3.533466
0.9510952
1.1997763
0.9245221
1.0309592
1.0982565
0.5887097
0.24805608
0.29724327
0.28385907
0.29092464
0.29590994
0.3981138
0.5949842
1.1633024
0.98308575
0.28986037
0.8324441
0.79606676
0.78254503
0.64455974
1.9122475
0.7945011
0.981813
1.1752204
1.3312738
1.1263915
1.0182383
1.6346433
1.3940226
0.48866197
0.30558595
0.2756085
0.25099787
0.2391606
0.24639323
0.25221226
0.45185214
0.7273247
1.1055003
1.1237096
1.3721125
0.6916422
0.46525723
0.4011511
0.45823443
0.45693132
0.8352336
0.37822792
1.6627517
0.9499646
1.6712267
1.3924491
0.64882076
0.5767214
0.3675099
0.29893032
0.2537031
0.2573589
0.26660988
0.24630585
0.37667713
0.56284016
1.1789808
1.0470278
0.49821448
0.57356936
0.7166197
0.52355945
0.6175789
0.5050146
0.37219095
0.76069444
0.8398155
0.6257825
0.612173
0.50541604
1.0553111
0.47571677
0.29448187
0.29018107
0.2610417
0.29062444
0.27680546
0.2798843
0.3661547
0.53421235
0.9347799
0.83148724
0.37229738
1.2253546
0.51565206
0.6570561
0.8857673
0.424739
1.4878336
0.6165233
0.9991673
1.128024
0.47079617
0.49717015
0.47522056
0.43142185
0.31825736
0.266027
0.23713425
0.26672396
0.2991245
0.3004695
0.2995007
0.46288186
0.69359255
0.16514677
0.27158472
0.20106587
0.5526776
0.5185463
0.5604287
0.49531072
0.5312114
0.55347866
0.6166821
0.55159163
0.73905545
0.3321345
0.5566832
0.5085546
0.31994548
0.28426003
0.29516312
0.31010094
0.32567158
0.32231313
0.4753841
0.50339305
1.1693029
0.5523529
0.5726934
0.39070505
0.6347017
1.7176656
1.8100594
0.8337123
0.98304266
0.7014031
0.8338941
1.2616338
1.2731323
1.1535727
0.7936962
0.52458507
0.29626358
0.26948005
0.26030105
0.28313735
0.28042173
0.45014715
0.4276033
0.5562297
0.960015
0.42501268
0.3568587
0.6964106
0.31815353
0.39037767
0.18475255
0.7043906
0.36272147
0.520961
0.653256
0.54681677
1.3241185
0.9902138
1.3088553
0.31287202
0.31462008
0.27404645
0.27097937
0.29905662
0.30351967
0.39203876
0.48698533
0.66241646
0.93025094
0.61840695
0.9501706
1.0993053
0.41621062
0.54971945
0.5156726
1.5451007
0.96154666
1.7434578
1.430158
1.5752031
0.87062967
1.3316547
1.1305344
0.79642653
0.1481199
0.2823451
0.27901483
0.2538533
0.2380648
0.32655764
0.30290678
0.4737973
1.0200014
1.7640592
1.1963248
0.765149
0.5658686
0.39594856
0.5830141
0.99043477
0.58372945
0.69158876
0.6705591
1.4937338
0.9601235
0.812777
0.7106485
1.1101111
0.54082495
0.39522126
0.26792353
0.24286327
0.23890477
0.28909725
0.3630811
0.73691195
2.616307
0.8279365
0.93820655
1.1996244
1.889581
1.1878259
1.9031271
0.6330228
1.7189484
2.5873458
1.3319939
1.2716528
1.0171456
1.1301543
0.8581502
0.8244677
1.4764274
0.3775307
0.2492738
0.2275249
0.28413826
0.29947904
0.42443678
0.51701826
1.146152
1.2049448
1.1110449
0.94289005
0.33255014
0.75088716
1.6023167
1.3584266
1.4215047
1.1923698
1.1107954
0.8295323
1.3061304
0.5927399
0.43788546
0.39234477
0.30823657
0.28815958
0.2588575
0.2811248
0.30272043
0.32307333
0.4331827
0.60098845
1.5013211
1.7175955
1.8802797
1.4053153
2.0745475
1.3126181
1.6231444
2.4767268
1.4102519
1.0773332
1.779161
1.1869915
1.2529284
1.3941689
0.9576724
0.8421926
0.30515584
0.276702
0.25606215
0.26643983
0.28124803
0.24012607
0.42251554
1.186571
2.0244143
0.75394505
0.57557034
0.6181659
0.9102297
0.8045675
1.8360958
1.1929003
0.52726156
0.76073897
1.2739846
0.7701553
0.6445446
0.652147
0.99076736
0.55863816
0.25928122
0.25170165
0.26043367
0.2883662
0.31722975
0.29200828
0.31778288
0.4908973
0.7557923
0.63087523
0.7909326
0.4604925
0.6169153
0.5602623
0.7176515
0.36065522
0.5431545
0.43612134
0.30097458
0.5252439
0.97606117
0.92094326
0.24627218
0.44981256
0.361603
0.2681684
0.25842854
0.28550223
0.3002609
0.27519104
0.31051043
0.3534249
1.0638055
0.45367756
0.46928436
0.6525272
0.8858578
0.52357215
0.55638033
0.656717
0.5826598
0.74559003
1.9061877
0.34214967
0.97148687
0.5210847
0.48087192
0.514713
0.34580353
0.03980333
0.3182503
0.21358582
0.19807565
0.6312197
1.2343519
1.5994269
2.7987921
1.7421178
1.296993
0.35556513
0.1758214
0.31315455
1.092027
0.68398553
1.1504844
0.9540647
0.6581554
1.4288033
0.82095796
1.1181223
1.2500672
0.17842618
0.3969212
0.3181693
0.27070907
0.29412955
0.24000254
0.22292122
0.3908467
1.0135121
1.0740012
0.49229768
0.879885
1.30255
0.59633267
0.45669323
1.0043676
0.8174142
1.7254056
0.9692498
0.60423607
0.6278914
1.1416054
0.65108705
0.6640318
0.45575336
0.28388235
0.26093054
0.24169496
0.26257572
0.27554467
0.26450974
0.36487553
0.3251724
1.2648135
0.7286331
0.6185476
0.4338037
0.3424591
0.22812378
0.36256495
0.47452405
0.5050333
0.49306855
0.87041783
0.7863768
0.6226506
0.4726509
0.6117137
0.8044869
0.33706585
0.3133051
0.27593228
0.29593036
0.29374138
0.2784063
0.33569556
0.43624696
0.7964186
1.9512899
2.4539554
2.2311988
1.2862219
1.4761373
1.670851
1.5111239
1.2596883
0.8521277
0.686052
1.5255152
0.20322028
0.39314416
0.5506696
0.48277462
0.36681354
0.2996075
0.28597626
0.29486743
0.2727408
0.23511457
0.2867547
0.46116647
1.506076
0.50569755
0.9334974
1.0007641
0.47811168
1.8672577
2.085496
1.4583212
0.6521875
0.6690132
0.9255009
1.3171129
0.6286607
0.48756334
2.3004315
0.50694555
0.25057778
0.24801221
0.26619926
0.28728363
0.2876711
0.22947332
0.36404777
0.4175258
1.0076778
0.4204622
1.0359789
0.35455278
0.37035957
0.20008865
0.082524925
0.18380788
0.2554855
0.3414659
0.45517457
0.3048208
0.8281392
0.73466074
0.3312962
0.5100553
0.35009348
0.2547256
0.26710182
0.28560588
0.31946513
0.26480186
0.30666897
0.40055767
1.3687351
2.1166332
1.6213443
0.47958592
0.17447284
0.24165076
0.24626395
0.36722875
0.7882264
1.0304623
1.498563
0.54628515
0.97692776
0.6905924
0.9967682
0.5869463
0.30666402
0.27810237
0.27525154
0.2775445
0.2858941
0.26692122
0.26922232
0.5829448
1.3101702
0.62797046
0.7402012
0.467386
0.55423397
0.20066375
0.40483078
0.39240795
0.695508
0.52177685
0.34145424
0.370229
0.6576422
0.49445772
0.5290351
0.50964177
0.30876106
0.2736603
0.25664842
0.26820874
0.27187657
0.3018926
0.2845766
0.43045136
0.79451054
0.36652854
0.27451017
0.37452683
0.27382803
0.32475057
0.34670436
0.28638092
0.78618133
1.2031753
1.1856638
0.6557742
0.8352392
1.2194654
0.31955776
0.45571634
0.4140214
0.32002822
0.28335807
0.28416073
0.26542872
0.26032686
0.35549876
0.39806652
1.14906
1.475914
1.5990193
1.6097391
0.9379018
0.15102637
0.5795583
0.60274273
1.8401165
0.8845445
1.35527
1.4144547
0.60790014
0.8199497
0.507874
0.6698715
0.2736753
0.33029506
0.29340693
0.28453067
0.26429263
0.29875895
0.35992366
0.6240008
2.5754998
0.7095454
0.7823022
1.0722202
0.7406751
0.6886137
0.56528914
2.0261233
1.0897423
0.75867444
0.57109356
0.73418844
0.42903027
0.57505184
0.4409997
0.6613595
0.29069677
0.27281484
0.2687493
0.27990675
0.28167227
0.23098013
0.28574702
0.4486191
1.8438562
0.7879018
0.8287241
0.61356884
0.42811173
0.9208487
2.0619292
0.92864215
0.53995186
0.86523336
1.0381106
0.57155365
0.62691045
1.1217796
0.56753135
0.54345566
0.2591249
0.26979887
0.27170905
0.28042036
0.28461862
0.29723033
0.38723704
0.7716669
0.40589225
1.152331
1.004425
0.48019207
0.3230559
0.17662731
0.06430215
0.37143257
0.6207498
0.70485526
0.43986738
0.3452592
0.89463305
0.7940306
0.37164682
0.49593684
0.36420175
0.2526821
0.26194987
0.2746513
0.29974747
0.26097822
0.3605122
0.47473752
0.6947541
0.5338485
0.40115422
0.504333
1.4254396
0.78050894
0.5323012
0.70146555
0.99376345
0.9479598
0.71231663
0.5431112
0.49003428
0.6290284
0.6424046
0.56987053
0.30856106
0.2560009
0.23904973
0.24760407
0.24134517
0.23744935
0.17968354
0.36860675
0.7755981
0.39655194
0.8335728
0.67286485
0.83975035
0.55928594
0.60323465
0.6592147
2.3394165
1.5280359
0.51278436
0.95262027
0.99795043
0.97836465
0.5877817
0.49890676
0.32840812
0.28479457
0.24572617
0.24878922
0.24014366
0.23400459
0.29783335
0.3723789
1.040471
0.31732506
1.3798661
0.38912562
0.43289766
0.15925539
0.38749275
0.79766506
0.4816372
0.44832858
1.7473438
1.1260983
1.1587029
1.3315561
0.5493864
0.41525942
0.3366067
0.26710182
0.24105021
0.2530347
0.2783604
0.2589731
0.29590216
0.43137196
0.5881712
0.6514218
0.8771636
0.47297406
1.1957791
1.099016
1.0418316
0.605193
0.4623398
0.80047107
1.3949523
1.1548104
0.740599
0.9950967
0.78309023
0.4461132
0.3004141
0.27413267
0.26325986
0.26888686
0.28962976
0.2754487
0.28130546
0.34758896
1.0734566
1.9599391
0.47431067
0.28619328
0.29820466
0.2671442
0.43403658
0.45149446
0.43810692
0.61217064
0.6198247
0.652246
0.50071144
0.6876736
0.7200022
0.76815706
0.23639199
0.27966952
0.2737626
0.27674672
0.27570057
0.23765272
0.2960618
0.43509597
1.6262728
0.8391023
0.7055345
0.3650774
0.22798288
1.8597615
1.0048771
0.6849755
0.7451221
0.4256945
0.95874524
1.4598641
0.836554
0.5635072
0.7822945
0.4134615
0.2533261
0.25625023
0.23867145
0.23035893
0.21028277
0.22061065
0.36166173
0.52830184
0.568492
0.42751008
0.4939257
1.1062248
0.5055156
0.6333029
0.7613748
0.7337669
1.2457672
1.2668185
1.5510604
0.8626827
0.92827725
0.9301967
0.7656623
0.46263286
0.25851163
0.2565171
0.2597407
0.31237167
0.30613816
0.29687095
0.8257312
0.7648909
0.7193668
0.8322518
0.6411638
0.6120101
0.4175594
0.8630827
0.6880477
0.9941368
0.74040174
1.6115048
0.77715284
1.0425868
0.5596653
0.5463445
0.8532399
0.26525575
0.261678
0.22973236
0.2324838
0.22727472
0.22742051
0.17928863
0.2849128
0.348889
0.7498857
0.4539649
0.955254
0.45647445
0.26160493
0.31566492
0.35847092
0.37830195
0.43299896
0.5254625
0.5374737
0.9077311
1.777254
0.4732534
1.089575
0.8526675
0.3229205
0.29156408
0.25036037
0.24199188
0.2228243
0.20983759
0.33270776
0.543295
0.8914533
0.738651
1.0437025
0.23093054
0.063339025
0.83678424
1.0676566
0.6960486
0.43064862
0.31835252
0.7038684
0.683152
1.0202858
0.4200936
0.5094506
0.71757275
0.554047
0.29105282
0.22973433
0.2371051
0.22845975
0.22559842
0.26594907
0.4454907
1.4410352
0.44542307
0.84161246
0.37092865
0.6266958
0.6984586
0.16725877
0.23721641
0.3880975
0.55981547
0.80922604
1.3039134
0.65146136
0.61484635
0.34751502
0.45309126
0.30241513
0.2551158
0.25233847
0.26172745
0.27057165
0.26533318
0.2459352
0.46436572
0.42056304
0.7767828
1.3086323
0.5152964
0.1669406
0.381255
0.40820333
0.34623706
0.72348696
0.7004846
0.7453172
0.72636026
0.75979686
0.56465024
0.9412194
0.50595486
0.2782328
0.24240702
0.24668616
0.26076797
0.26059857
0.25005692
0.25069854
0.50197214
1.1547625
0.9929715
1.1815975
0.19064862
0.3031088
1.9879342
0.7402175
0.6973395
1.7183626
0.48747995
1.1784914
0.581467
0.49729612
0.8140956
0.48614138
0.4477591
0.25080025
0.23425332
0.22837096
0.2539001
0.25416425
0.23173678
0.30672938
0.6124415
0.6131601
0.51256967
0.6433414
0.42311978
0.5706377
0.67372495
0.47351804
0.08663195
0.5012993
0.21734038
0.18609568
0.37402028
0.2601613
0.49943382
0.46080643
0.39597917
0.33643854
0.22210613
0.24558702
0.27104336
0.2725008
0.23705065
0.35322133
0.39386693
1.08466
0.6156512
2.367467
0.30336374
0.6255022
0.89004964
1.482739
1.4153951
1.4289006
0.90007037
0.7988776
1.1133995
0.5338476
0.5714221
0.83895254
0.588919
0.26355693
0.2800718
0.2680155
0.28687117
0.29226398
0.28287843
0.23497346
0.6112121
1.2287179
1.1753255
1.2713416
0.40023515
0.7199594
0.33748797
1.4712219
1.0031755
0.96046185
1.43859
1.1589853
1.3763739
0.6160878
0.59187573
1.0621479
0.55085206
0.2399517
0.27975982
0.28118214
0.2733716
0.29310578
0.27648652
0.33245757
0.50422776
1.1547973
1.1872709
1.0362788
1.0397111
0.26343718
0.56078136
0.66384286
0.39795274
0.35368782
0.37711126
0.7379099
0.7472721
0.77000505
1.0614078
1.3446807
0.23605749
0.2765379
0.31184885
0.274786
0.28094056
0.29199964
0.28164375
0.46684256
0.5437638
1.0847011
1.0060507
0.5864159
0.75032985
1.7773238
0.58082604
0.6524829
0.7450258
0.889474
0.8538848
1.6926464
1.0482427
0.92423755
0.78747296
0.9026598
0.34575322
0.65145755
0.28034067
0.2505628
0.26835772
0.30103984
0.3068833
0.34739003
0.55602133
1.1023959
1.2537626
1.4818118
1.9073306
0.95916015
0.65234256
0.75268835
0.7627812
0.6276082
0.9358826
1.2701328
1.3781167
0.88015276
0.6547137
1.114493
1.1232452
0.35343748
0.29363966
0.27660728
0.28168318
0.28480896
0.28241706
0.28159237
0.55542785
1.7082584
0.61586183
0.17508328
1.0624492
0.63476
0.60135233
0.82329535
1.8691305
0.822752
1.0608344
1.1475941
0.5725915
0.789457
0.5842779
0.8298444
0.55814207
0.24107274
0.2697919
0.2737645
0.291902
0.28817174
0.26184356
0.30814046
0.9280139
1.0051619
0.4607588
0.7527355
0.25267175
0.45796672
0.27785358
0.22853944
0.43901747
0.79449165
0.7566188
0.71734357
0.5406796
0.42112955
0.6584595
0.28966975
0.2512223
0.21756533
0.29977232
0.28065622
0.2891429
0.3012057
0.2870251
0.42816335
0.8174551
1.135322
1.1359032
1.0262132
0.34603488
0.5512111
0.5487496
0.48443732
0.58708864
0.8010726
0.66864544
1.1077074
0.9177385
0.72706217
1.0738435
0.89228004
0.47889844
0.30092767
0.30216488
0.28504926
0.2870421
0.28245217
0.27162865
0.32946375
0.55337936
1.2766728
0.70176697
0.6799874
0.51856637
0.4200973
0.24968728
0.27520442
0.38549253
0.52753866
0.5164126
1.6107192
0.70039093
0.7488458
1.5055003
0.8339867
0.5345364
0.30220574
0.29131883
0.272496
0.29122302
0.3064568
0.31350207
0.31823263
0.505896
1.7143475
0.64061576
1.5559554
0.25595003
0.1936472
0.6064262
0.4675819
0.7815072
0.736111
0.8965403
0.72968006
2.11619
1.4175478
0.19376135
0.64312094
0.4071745
0.29742852
0.2950757
0.26040524
0.29036698
0.30519736
0.29246482
0.43881258
0.77137375
1.6679941
0.95068604
1.3350294
0.5964991
0.35060242
0.30530626
0.2694269
0.54802054
0.43128508
0.3965259
1.2034036
0.9708176
0.33844432
0.92618483
1.0786321
0.4806629
0.29593918
0.35770237
0.27496886
0.29116005
0.36924908
0.2899977
0.4734731
1.3099829
0.38702023
1.457811
1.5137161
1.5517417
1.3854176
1.2763177
0.79989076
1.0101141
1.6264213
0.39527836
0.53790295
0.75804114
0.580522
0.4173196
0.7466072
0.41775236
0.2986496
0.239483
0.26388925
0.28706458
0.2943955
0.2874342
0.26383495
1.158761
1.1045394
1.4917456
0.53155947
0.95191824
0.82076937
0.81996626
1.2975138
0.99101764
1.1065474
1.2462734
0.35343757
0.50361055
0.9520442
0.4942799
0.55759835
0.59487647
0.2663283
0.27556533
0.28028765
0.28911138
0.2887988
0.2817084
0.40032843
0.6959234
0.9327233
1.4242175
1.4264085
0.98082966
0.5988316
1.4994764
0.6312496
0.2304323
0.7261644
3.4577026
0.8167834
0.646614
1.2108418
0.75122225
0.59824383
0.5728785
0.29094324
0.28380522
0.28129935
0.27659273
0.29644832
0.29068178
0.47909924
1.7489681
0.04933137
0.6020835
0.34812546
0.47558898
0.31636173
0.37314025
0.31104517
0.3340883
0.5746619
0.5973942
0.7497696
0.9425256
0.4975783
1.1655022
0.6073818
0.3084051
0.25732583
0.26351637
0.2705924
0.2830213
0.28326383
0.26624906
0.47647256
0.9854971
0.5141432
0.61088157
0.77403665
0.8331068
0.5235031
0.6504068
0.41554546
0.33182788
0.56382346
2.5278838
1.380228
1.1289754
0.75734043
1.0262731
0.9775628
0.33825442
0.28621385
0.29642883
0.29442087
0.28024718
0.2823749
0.27972916
0.36747363
0.60323155
0.6295738
0.9489752
1.2566328
0.9675129
0.845167
1.3308425
0.6817063
0.8874192
1.2913846
1.2997139
0.99672145
0.8909699
1.2726244
0.71757084
0.5823601
0.6856336
0.29973248
0.31530008
0.25794977
0.27503604
0.30013323
0.29812068
0.4456412
0.6316275
0.8425156
0.7212141
0.33779573
0.23250198
0.36650112
0.29170534
0.3492803
0.588068
0.45443994
0.40355363
0.4507831
0.49126053
0.4590029
0.49376798
0.8150506
0.22664422
0.2757665
0.25535217
0.23933795
0.2536076
0.27850938
0.31498942
0.3480179
0.40222976
0.3029744
0.28186908
0.37718782
0.23797327
0.40277737
0.47728053
0.38600838
0.66633755
0.89796984
0.409442
1.1632082
0.87396324
0.81564283
0.6599335
0.834879
0.27512574
0.19867215
0.2413693
0.24553102
0.26265627
0.24844033
0.26627275
0.2812042
0.61994386
0.5701685
0.68275946
0.30330122
0.8409667
0.4084014
0.15966123
0.41652784
0.32069784
0.3632009
0.25351274
0.32913554
0.45953825
0.5241264
0.5785328
0.6002097
0.44287446
0.24513826
0.25795335
0.2710899
0.27729163
0.2731098
0.25060394
0.35282996
0.424709
0.4660439
0.47046414
0.6310653
0.32662788
0.32098314
0.4369421
0.3138196
0.39601442
0.39909884
0.42701104
0.40274754
0.6118572
0.54977417
0.5376976
0.6737367
0.46673706
0.23762196
0.2573762
0.26953983
0.2841979
0.28832266
0.3209929
0.41350383
0.73740476
0.4533291
0.34350118
0.39288032
0.2585391
0.25909102
0.4272769
0.38797897
0.45952305
0.48351854
0.29051197
0.53907067
0.5203525
0.51424396
0.38407502
0.68154675
0.34033313
0.23767698
0.25509354
0.2651611
0.2856703
0.28867018
0.26599517
0.29237655
0.83936924
1.5174861
0.4574018
0.68062335
0.44013268
0.3414565
0.6517141
0.5223329
0.4139325
0.2909458
0.46412998
0.32637632
0.8858577
0.5492294
0.8868346
0.48179144
0.21479294
0.2739307
0.25395375
0.26015747
0.27984786
0.29159832
0.28959006
0.3095154
0.48680764
1.0146695
1.2086045
0.423047
0.17705089
0.2674034
0.32794747
0.52288806
0.3943701
0.3813711
0.8139584
0.5059158
0.5026787
0.5308806
0.41624227
0.4457419
0.20126036
0.27846983
0.26372415
0.26223597
0.2828906
0.3029674
0.3163694
0.3153309
0.35374525
0.3227271
0.4484558
0.7529107
0.3185956
0.6706603
2.1072145
1.5035489
0.8476957
0.036096457
1.8546972
1.9656938
1.0866257
1.2057152
0.95726633
0.4647845
0.29798806
0.28595066
0.2830107
0.28056452
0.30966806
0.31911877
0.3118753
0.34025025
0.50482583
2.0409164
0.2810741
0.19114235
0.86580306
0.28882214
1.1960686
1.3568547
0.7694344
0.7625632
0.7891059
1.2165612
1.1923312
0.3819404
0.60107225
1.0806726
0.4724711
0.24087769
0.25220847
0.27123633
0.275196
0.26604518
0.24581662
0.29270685
1.065959
2.008985
0.9058594
0.9128516
0.476665
0.9355359
1.1647937
1.9799707
0.59649545
1.2341205
1.3320125
1.135639
0.49429116
0.4270977
0.6382055
0.54267365
0.64770883
0.2283333
0.2592891
0.26650193
0.29625267
0.27476376
0.2873908
0.3209097
1.9419224
2.267912
1.013703
1.4171659
0.46094698
1.00016
0.68018895
1.0372866
1.898348
1.9635636
0.5862273
1.0439447
0.9528283
0.9560372
0.6807451
0.510243
0.56259173
0.261221
0.2592044
0.2731644
0.28317988
0.2924508
0.38075262
1.4655505
1.0202408
1.1024371
0.9355706
0.113327146
0.07611656
0.3730419
0.5018933
0.14761606
0.4635352
1.5611731
0.7760839
0.8690537
1.1548549
0.83343774
0.500671
0.39487308
0.45312268
0.23242348
0.24512592
0.2608856
0.27220082
0.28157562
0.44317466
0.5346868
0.9838069
1.010907
0.38309073
0.9763566
0.37436745
0.2380997
0.36908084
0.35823712
0.3073273
0.7008705
0.38156903
0.5833157
0.39744422
0.4572093
0.59507203
0.26035893
0.18161184
0.2816148
0.23381993
0.23775172
0.26037362
0.28832164
0.2842636
0.4774979
0.7082194
0.83040273
0.50444317
0.62513745
0.25173908
0.59655267
0.41417134
0.8181321
0.49427357
1.457798
0.68893296
0.5082285
1.0918888
0.97213423
0.7635323
0.51649034
0.4111734
0.29321754
0.25111207
0.26111352
0.27680525
0.29712993
0.34509453
0.37220216
0.5992608
1.6673206
0.08101201
0.5471116
0.44159028
0.08407536
0.34013733
0.4671701
0.5148055
1.2668757
0.38560233
0.95536536
0.93730253
0.7288937
0.524047
0.7504343
0.45047674
0.24866205
0.24601096
0.26598185
0.28576446
0.29151586
0.32718772
0.6629327
1.4322038
1.2864733
1.3680536
0.4707052
0.090884626
0.30467343
0.4318233
0.47683856
0.37797937
0.51585263
0.91902715
0.40597093
0.37588844
1.0613822
0.30838284
0.43968913
0.19533002
0.2370561
0.21832031
0.25421187
0.27449352
0.25448006
0.24317437
0.4492705
0.7336153
0.9347857
0.5937667
0.2683969
0.35808924
0.2415899
0.36010483
0.32914084
0.20752892
0.33346105
0.49193755
0.32853857
0.4905582
0.5443482
0.5670436
0.6247818
0.51911956
0.19156194
0.24823537
0.2607612
0.26717538
0.26104787
0.23150137
0.6372604
1.0283933
1.0202018
0.80898035
0.7008246
0.555827
0.5859561
0.5135183
0.5878226
0.61102706
1.5651088
1.2647543
1.3444021
0.8113286
0.52839804
0.5214121
0.5644804
0.41223308
0.2256166
0.24688938
0.25112167
0.2711637
0.28731474
0.2961713
0.7052626
0.95306873
0.93531764
0.4839776
0.35062853
0.46232852
0.4323913
0.35889646
0.36543527
0.45813444
0.34968147
0.32943416
0.4255858
0.97631454
0.57352227
1.2249755
0.5944558
0.31449014
0.22943187
0.26477832
0.26480564
0.28898442
0.30818152
0.2862257
0.85853225
1.2955656
0.42887527
0.5259711
0.7712013
0.2294159
0.41744065
0.33535117
0.53089696
0.4508885
0.38726074
0.75487757
0.61770576
0.47502282
0.50396675
0.5580037
0.9949183
0.35791022
0.23103881
0.25276533
0.25428188
0.27449483
0.29094344
0.29430214
0.41966265
0.80447984
1.4140573
0.3309667
0.65609676
0.37217626
0.4710689
0.43125787
0.34066257
0.72251797
0.28431973
0.5484694
1.0945469
0.89162517
0.7057861
0.9163117
0.43649417
0.26732022
0.25389573
0.28182748
0.27389878
0.27820045
0.28937238
0.3001517
0.67347527
1.5691451
0.9644389
0.27873984
1.0285256
0.41895634
0.2524321
0.1911673
0.3061226
0.61096406
0.4520694
0.9487081
0.6008221
0.48117185
0.73875207
0.6982081
0.23706713
0.117946595
0.32975668
0.23292646
0.25410643
0.28407785
0.2831971
0.45717221
0.8017132
0.84843457
1.2865977
1.6659534
1.8964945
1.431016
1.1285956
0.7591395
0.45632285
0.43877384
0.57975507
0.79589313
0.6082629
0.24680117
1.002086
0.5063901
0.5369958
0.32060412
0.4814668
0.2546292
0.25201407
0.2567047
0.27502352
0.2668496
0.64992785
1.0131198
1.0523884
0.104352355
0.41201955
0.8498265
0.3053405
0.35779077
1.0354334
0.33173105
0.4140092
0.13210821
1.1273067
0.6262052
0.9976866
0.36903882
0.24958193
0.59734935
0.20913517
0.23165017
0.27060255
0.2785465
0.3700178
0.40077972
0.5163767
1.0698298
0.42076516
0.8430212
0.34545863
0.4418633
0.3079994
0.19552991
0.28039467
0.28685758
0.23678222
0.5004124
0.48170725
0.4277415
0.5227468
0.39906207
0.6277778
0.5882828
0.19929805
0.2542438
0.26181048
0.2813935
0.28725165
0.35310334
1.1078713
1.15084
2.1675553
1.5518315
0.5582528
0.81129116
0.5698588
0.36473644
0.39094454
1.2879207
1.2125698
0.627175
1.2999846
1.2691735
0.23861307
0.27414262
0.3253498
0.47315472
0.25636408
0.2414487
0.25915223
0.27500725
0.2721602
0.329463
0.44327167
0.4556533
0.94092846
1.3860613
0.53803736
0.48110983
0.39974752
0.4832605
0.34028915
0.52722406
1.024163
1.1986804
0.5885505
0.738885
0.52254695
0.49885094
0.3445893
0.36620143
0.23532456
0.24391589
0.25851774
0.2845891
0.2844357
0.37182903
1.0789853
0.9427868
1.3272663
1.1624708
0.26691765
1.0681709
0.32637626
0.7022775
0.3976995
0.44480252
0.30720603
0.9545629
1.7132331
1.2305884
0.7605119
0.28484502
0.23373282
0.6342517
0.22659159
0.2344377
0.25165445
0.271409
0.2909311
0.28266954
0.6041669
0.6112983
0.43188024
0.5931161
0.5841488
0.6143999
0.28720757
0.23175982
0.28203177
0.611415
0.87115926
1.2810272
0.65489286
0.61182666
0.99912333
0.6980633
0.43835708
0.14816591
0.25150287
0.24673495
0.26112255
0.28141516
0.27383423
0.40591916
0.6747675
0.76813847
1.7042391
0.64072514
0.81531775
0.57634157
0.44996974
0.39726987
0.5570129
0.79227924
0.27052897
1.0878315
1.4335514
0.463763
0.36475256
1.0134851
0.8294265
0.8299557
0.22345066
0.27756166
0.28111133
0.28885028
0.28494048
0.51393056
0.949623
1.4964727
0.41784367
0.5070428
0.14308858
0.13814557
0.4727721
0.45024145
0.07836336
0.20530364
0.16394705
0.31865752
0.29422885
0.7069065
0.2656901
0.691387
0
0.37559238
0.2007539
0.25472814
0.2568717
0.27633768
0.3037834
0.5931341
1.1063787
1.2065043
0.8074295
0.18323854
0.3920088
0.52010477
0.21003193
0.15822756
0.146779
0.72169816
0.2657028
1.1195972
0.4983148
0.53656745
0.5597982
0.7319047
0.5531166
0.408716
0.20936698
0.2564717
0.26285163
0.27824685
0.26222324
0.310077
0.41330817
1.3270428
1.1915224
1.5707039
0.15391847
0.5619341
0.59238994
0.44755042
0.3548452
1.3063351
0.8125817
2.3197155
0.6783534
0.6357294
0.5087921
0.5336169
0.20524567
0.5060287
0.21964404
0.24397755
0.24354342
0.25382966
0.3065802
0.30957615
0.58744353
1.2674125
0.7873472
2.233727
0.46287525
0.22760895
0.22366112
0.2547799
0.23267388
0.33433643
0.4559621
0.3888483
0.34132206
0.53401273
0.38824037
0.4573781
0.4425521
0.30849692
0.20835418
0.2298857
0.24737358
0.27982402
0.29468143
0.2837667
0.3351835
0.52600926
0.98721474
1.0824819
0.7026988
1.1737093
0.300746
0.2075713
0.87769467
0.9809422
0.47750473
0.7808912
0.33499986
1.4290881
0.50186276
0.32809028
0.1763666
0.40044978
0.19125557
0.25739372
0.24904618
0.268305
0.29966015
0.3032981
0.77804285
0.7179761
1.0877593
0.21080318
1.0740188
0.4477364
0.56142914
0.9718824
1.394559
0.48747915
1.0228297
1.4978236
0.6999247
0.9350738
0.6275674
0.47146207
0.4884182
1.4375105
0.2733966
0.25725517
0.2633938
0.28752857
0.30665296
0.37575945
0.61293155
0.36481938
1.185751
1.7064849
2.113544
1.0490332
0.9992655
0.7737286
0.5602224
0.7314808
0.69009227
0.66031873
1.3566927
0.5685488
0.30407414
0.49487507
0.7493238
1.2507964
0.39088276
0.26465857
0.2501877
0.27198264
0.28377888
0.33569172
1.6589227
0.99797845
0.30744117
1.2910419
1.6219182
2.6771579
1.6094692
2.0156512
1.3751687
2.5466912
0.6743438
0.9182955
0.5190957
1.3357136
0.94163
0.6643927
0.46219414
0.37914604
0.22471529
0.27370998
0.27251813
0.28097916
0.2597013
0.99137104
0.5111152
1.2856613
0.8444276
0.4969286
0.7078766
0.26289356
0.30324042
0.45402575
1.0743502
0.39662042
0.68383896
0.7288136
0.63393044
0.47284347
1.2275432
0.56237644
0.28351083
0.4143717
0.21430835
0.24374938
0.25569773
0.4479109
0.28457603
0.30961433
0.45875221
0.9849993
0.8004322
0.60922706
0.29238498
0.1488654
0.14083108
0.2897083
0.36984557
0.2977378
0.266552
0.4078857
0.5000388
0.63786674
0.50241995
0.42847437
0.5663276
0.21667024
0.27623966
0.2419847
0.25361764
0.26533377
0.24464127
0.14387363
0.21049193
0.19580486
0.100215435
0.54348457
0.3309645
0.26786232
0.3018591
0.2496632
0.4354661
0.4588556
0.32157314
0.30566686
0.44021675
0.48237306
0.42236927
0.36094508
0.24679753
0.143569
0.27702212
0.22937348
0.2475352
0.26715744
0.2734251
0.21885672
0.21235806
0.27294445
0.24599946
0.04241437
0.43249452
0.24578208
0.24937567
0.30093983
0.3440281
0.46684787
0.39353284
0.31326616
0.68127143
0.4068431
0.36929235
0.31342095
0.15025431
0.16950515
0.28558475
0.24352029
0.25622872
0.28411958
0.29091206
0.28669843
0.28456947
0.31701577
0.32189682
0.37078172
0.38693735
0.23915502
0.4704874
0.35675263
0.39227933
0.37431756
0.31405914
0.3529642
0.4282369
0.37591526
0.38558888
0.3812948
0.15462098
0.13617542
0.23918831
0.27692688
0.26383066
0.28315914
0.28546527
0.3041496
0.33015925
0.3689355
0.24674526
0.2936725
0.34497347
0.34874249
0.34272078
0.31733727
0.36593077
0.41333005
0.4122805
0.3089714
0.22153321
0.3663329
0.42947733
0.553146
0.15730509
0.1984821
0.18661249
0.2626423
0.25530076
0.26292643
0.25710472
0.2612178
0.23898771
0.46021396
0.22325167
0.18519771
0.36621168
0.24799433
0.36217722
0.31877792
0.34142464
0.25157186
0.24800068
0.25187758
0.2481964
0.41189057
0.51106304
0.51901203
0.41369358
0.34469014
0.26359984
0.26392147
0.25972095
0.26234886
0.20181262
0.19065896
0.33413386
0.2884539
0.121943116
0.20699286
0.4724714
0.32598794
0.26469368
0.5366665
0.30691472
0.35331643
0.35522595
0.39121488
0.32006443
0.43994313
0.5014603
0.5443399
0.51970804
0.37710893
0.28798583
0.26318148
0.26527843
0.28215
0.24695787
0.20201838
0.29955313
0.23894554
0.2046487
0.25358835
0.50730217
0.38130423
0.28398842
0.3832578
0.29828084
0.36588305
0.3565683
0.2891577
0.46849653
0.42433906
0.4769937
0.79771686
0.2181338
0.22526196
0.25471485
0.27290177
0.27612182
0.29913798
0.30598453
0.28401497
0.4170437
1.2140846
0.49050716
1.7477319
0.7229459
0.3415667
0.49300763
0.39583927
0.31730658
0.51908964
0.69159734
0.5254673
1.2287713
1.0739707
0.4377525
0.43140382
0.57158023
0.52352816
0.21216938
0.27975962
0.26041767
0.29121444
0.3077005
0.3119366
0.73550934
1.0044687
0.5968929
0.48318243
0.5553147
0.70738906
0.3101213
0.6251334
1.4986336
0.21532536
0.17395264
0.3469818
0.7011827
0.27151603
0.3212326
0.26558933
0.5607023
0.19067219
0.2301119
0.3106721
0.24996623
0.28563032
0.30244356
0.3336216
0.48594615
0.5423659
0.6788625
0.61239576
1.7934755
0.2784659
0.49086982
0.5783847
0.49866843
0.79707015
0.56646705
0.8344288
0.6378296
0.2808693
0.49501958
0.28357387
0.11968547
0.11346629
0.29174817
0.26699668
0.2573382
0.28269798
0.29080203
0.39183205
0.6319716
0.6181255
0.89853495
0.3760939
0.32389817
0.33100733
0.32639232
0.31868464
0.38466328
0.61217445
1.1466444
0.5878491
0.46994138
1.1682485
0.5924879
0.78186625
1.1711032
0.7758233
0.24271894
0.29693726
0.2917413
0.29749104
0.2806101
0.32447276
0.9933951
1.2641344
0.92530817
0.5145386
1.1694201
0.66325396
0.47674957
0.5476061
0.1496174
0.30551282
0.27868307
0.4410578
0.989433
1.225413
1.3645238
0.72715634
0.2698654
0.43026838
0.22736654
0.26688668
0.2562056
0.2811503
0.29346326
0.38357496
1.1055366
1.0004435
0.85092103
0.6230531
0.23384485
0.26178685
0.2619122
0.19047007
0.23487619
0.19597062
0.31477645
0.7568536
0.33630434
0.48137897
0.49318445
0.45272863
0.4071199
0.319946
0.23852256
0.26130038
0.25852224
0.27833802
0.27554542
0.28937006
0.6984692
0.50083977
0.4182378
0.3975785
0.40518615
0.29222742
0.23011348
0.43113384
0.5471338
0.31561604
0.34203887
0.17607963
1.350043
0.41154456
0.9508609
0.6571497
0.26511937
0.30327162
0.22608534
0.26072922
0.26823783
0.28778085
0.30525944
0.35590795
1.3751358
0.7987509
0.37144884
0.52823585
0.35759258
0.39218482
0.31607023
0.17267993
0.34679037
0.7263721
1.0362529
0.24015668
0.44783273
0.4577055
0.5488248
0.48760086
0.3742627
0.42323482
0.25901198
0.2989975
0.2632742
0.27433074
0.27769545
0.38668826
0.5511778
0.7263373
1.021077
0.7203175
0.70475566
1.1161708
0.3992301
0.5918799
0.29864708
0.23499063
0.6177242
0.7625469
0.524974
0.43960622
1.8032914
0.80099005
0.27396488
0.2684206
0.25016183
0.24039179
0.24123606
0.25733826
0.26673028
0.27839
0.9957344
1.123474
1.1206735
0.49269116
1.3335998
0.38012218
0.41281697
0.24886498
0.3714596
0.32562143
0.6130534
0.28213722
1.2113035
0.58296305
0.5396527
0.5461652
0.27257293
0.105036795
0.27079698
0.2503001
0.26911756
0.27655426
0.28260726
0.43363926
1.425811
1.269837
1.5365933
1.1007652
0.6289157
0.74196744
0.39986822
0.37307984
0.35629523
0.4059433
0.5394347
0.301052
0.14981174
0.22738749
0.3212892
0.18601114
0.5447285
0.15920836
0.20569259
0.26936418
0.25216427
0.22293583
0.22216356
0.23335984
0.33763155
0.7040773
0.6499552
0.53600806
1.4550213
0.44057852
0.75611293
0.34154993
0.5177099
0.3100007
0.37288857
0.50187755
0.6040034
0.6754438
0.33785477
0.24473694
0.57058316
0.45444512
0.21804932
0.27316016
0.26959544
0.28652292
0.28921336
0.307443
0.31343403
0.5481417
0.9292202
2.3681417
0.7695234
0.64757866
0.99582106
0.30131948
0.49617466
0.28978097
0.8728523
1.3080491
1.0548925
0.18826243
0.5459328
0.7263398
0.12321472
0.39655194
0.20863271
0.26628345
0.27212405
0.28509048
0.27986184
0.31278035
1.327614
1.0715137
0.63188946
1.6636274
0.54963183
0.20265025
0.19755
0.33348128
0.46362776
0.59335315
1.647398
0.34310016
0.80914533
0.5636063
0.5070818
0.5723845
0.4045766
0.3998513
0.2508832
0.2730149
0.26576862
0.28030533
0.30165023
0.33291978
0.34607378
0.6131796
1.4236134
0.621693
0.31853005
0.18490094
1.474973
0.33526617
1.34031
0.12364769
1.1706375
1.2589109
1.1624161
0.46402028
0.45577306
0.505013
0.705428
0.33489683
0.23864695
0.27548805
0.26816142
0.2722138
0.3031577
0.32065588
0.3118447
0.5821292
0.5440798
0.9125151
0.38286826
0.19447553
0.1391665
0.23874664
0.41789877
0.67048657
0.6072593
0.47755104
0.5006949
0.71744746
0.43816268
0.6154137
0.41752565
0.30621892
0.24314848
0.2351582
0.23753324
0.25431046
0.27201638
0.28975627
0.77269554
0.94866526
1.4054887
1.9498287
1.0122333
0.9145556
1.6697767
0.22433925
1.0347975
0.47621924
1.0411541
0.71603996
0.79614526
0.562941
0.5655703
0.3048414
0.33062077
0.21573302
0.26812476
0.26181108
0.2672571
0.2889419
0.311383
0.36356035
0.5457843
0.7404792
0.28601107
0.23901775
0.9967976
0.33311585
1.0230594
0.29056197
0.47216994
0.71590596
1.311619
2.038871
1.018705
0.8925152
1.1020666
0.6006632
0.30513352
0.78225833
0.17562863
0.30430415
0.28268293
0.30153802
0.30543116
0.33806714
0.38827264
0.8196032
0.82255465
0.27906513
0.31637785
0.25030082
0.17439738
0.35091963
0.30415723
0.42826062
0.53500724
0.33315504
0.587991
0.27618623
0.36887014
0.5892597
0.43119746
0.35826182
0.2861194
0.29026026
0.26609492
0.2699061
0.25821245
0.28475457
0.6375618
0.7020641
0.2538397
0.45861822
0.83577514
1.1666057
1.1851704
0.96563834
0.9054725
0.40152168
0.43376482
0.46700236
1.2237036
0.90371406
0.45589265
0.4325731
0.6320877
0.2730299
0.28568456
0.27693278
0.27047756
0.28462613
0.29906678
0.32118765
0.5208627
1.0314696
0.4233275
0.73612446
0.9850884
0.11613959
0.45136467
0.45782968
0.6142507
0.36529744
0.47555706
2.167695
0.7659456
0.66471636
0.38409698
0.56005
0.39405602
0.20113793
0.27560022
0.23127553
0.24844578
0.26523393
0.30117923
0.27322066
0.24392352
0.8066028
0.45153052
0.4591468
0.80251306
0.58784425
0.5337391
0.6367757
0.4191866
0.24737236
0.9728797
0.20603263
0.30890465
0.5115224
0.49828115
0.34352598
0.28704464
0.37589476
0.2516455
0.26042873
0.26884302
0.2632057
0.2875106
0.36336485
0.4076968
0.85856056
1.1184963
0.39238912
0.2799642
0.627137
0.33679044
0.4834603
0.18594286
0.55460966
0.2938628
0.24852988
0.42121485
0.4994381
0.39708558
0.48122063
0.21450374
0.43052864
0.33219948
0.28954765
0.27705228
0.2650466
0.2973953
0.31095204
0.8397392
1.2326092
1.5180151
0.9431623
0.8019363
0.32298943
0.59295493
0.62359643
0.51006126
0.3657687
0.27354595
0.499981
0.31979382
0.6450209
0.74082965
0.68418527
0.49272212
0.17201325
0.22635385
0.2611418
0.24609
0.2545352
0.25128874
0.2875935
0.54108816
0.24567005
0.93350035
0.88329643
0.6987335
0.2024805
0.3023284
0.32727823
0.26529858
0.2981843
0.33535764
0.4375332
0.31995305
0.53085434
0.5335915
0.32523558
0.106875
0.18636784
0.21503556
0.2452344
0.25109515
0.23337293
0.24462506
0.26158988
0.39980096
0.6460207
0.677064
0.6530191
0.27983254
0.24530521
0.26689345
0.36099824
0.7425607
0.7375177
1.0809269
0.41764408
0.2616858
0.5652563
0.4512445
0.58779687
0.4248932
0.36578295
0.269383
0.2585144
0.26494646
0.2713464
0.2827248
0.3155478
0.51131064
0.92908496
1.1968604
0.84732574
1.099766
0.16587207
0.48342374
0.13927147
1.5497917
1.5848652
1.1571705
1.1678011
0.7455311
0.8146013
0.6370136
0.7083603
0.13877818
0.24913341
0
0.27813968
0.26221785
0.2489472
0.2653683
0.3645725
0.68027127
0.93967
0.7119524
0.75809276
0.43854895
1.0245438
0.9048094
0.30436808
0.22946161
0.5110059
0.6398626
0.4731434
0.6352688
0.3216989
0.6840226
0.5826176
0.8697245
0.49950483
0.25204772
0.2586343
0.24743474
0.26040816
0.27151856
0.3003296
0.3097406
1.0312043
1.4669839
1.3471258
1.3717597
0.11246246
0.61466914
0.3054711
1.1954609
0.12329462
0.48697922
1.0085361
0.61356264
0.31258905
0.45317838
0.32768318
0.49524963
0.2747916
0.28446037
0.2537345
0.26016474
0.27939776
0.29764527
0.30573186
0.33659887
0.9231889
0.3881327
0.3888388
0.35410348
0.20125884
0.32003042
0.17069697
0.43108216
0.6077839
0.4626704
0.3138765
0.4212003
0.5168033
0.5316187
0.67063147
0.49674395
0.1691382
0.2458148
0.23872277
0.24397513
0.25436875
0.28202322
0.40092376
0.9070494
1.0582784
1.2485362
0.6016401
1.9340096
0.57384175
0.7455649
0.3716053
0.41650784
0.565691
0.4653989
0.61923695
0.69548666
0.49318117
0.56785387
0.44242173
0.36734122
0.21391329
0.27246365
0.24071804
0.24655014
0.24839589
0.29021248
0.3675342
0.44530186
0.31678638
0.7575578
0.41242954
1.1635958
0.85055906
1.1369495
0.9445043
0.6270656
0.58041507
0.77910125
0.5375122
0.49659002
0.6100426
0.4861581
0.31282032
0.62971
0.3697323
0.19494325
0.2805491
0.25867364
0.25157273
0.25625247
0.25613382
0.37460053
0.42743504
0.33827406
0.20865488
0.37033284
0.29001042
0.26046166
0.19623461
0.19982547
0.24339676
0.32577744
0.20631874
0.43359977
0.29456466
0.37516677
0.4252675
0.15110692
0.27714783
0.2147142
0.2534127
0.23840842
0.24636
0.10539791
0.26577735
0.2661976
0.2517154
0.13772562
0.26998928
0.33028677
0.35079065
0.27336732
0.22905126
0.20453107
0.2105762
0.36201814
0.40635663
0.3716176
0.3365349
0.36362156
0.4970733
0.2012339
0.20488086
0.23154745
0.25098282
0.23002553
0.24943921
0.19628915
0.20954162
0.27272308
0.27818635
0.10529134
0.145827
0.5175602
0.8474066
0.40797964
0.44013298
0.33124495
0.32994774
0.37943628
0.7649057
0.6986737
0.531351
0.6412421
0.43236896
0.76019543
0.33594632
0.20453936
0.2520307
0.25697458
0.2783056
0.3015677
0.2937284
0.50015616
0.61275417
0.30118468
0.0138458945
0.36244723
0.37113672
0.33992243
0.49181047
0.41934916
0.35429722
0.4791129
0.47209454
0.9316689
0.3683211
0.51717836
0.58600485
0.34783885
0.26572675
0.21206489
0.25291058
0.2604626
0.28688
0.31263804
0.29295906
0.6037398
1.4398633
0.3245625
0.7887111
0.40897918
0.20530754
0.4090987
0.44437402
0.2655117
0.59419245
0.4260069
0.30382547
0.34211832
0.30455506
0.27995628
0.4246322
0.6522959
0.17695588
0.20245156
0.23287258
0.2674689
0.2424511
0.2440634
0.18664768
0.1762717
0.25916314
0.29260144
0.27316213
0.27442205
0.343284
0.39465076
0.41958946
0.3198261
0.32596037
0.32020664
0.30090433
0.4277074
0.25136283
0.33044213
0.6066208
0.3348205
0.24716187
0.23651406
0.2481218
0.2332944
0.26360768
0.26966923
0.28770575
0.31735995
0.38785508
0.73711485
1.5884513
0.9872924
1.3003896
1.0870936
1.3332652
0.980493
0.37179014
0.48942393
1.3584865
0.72680783
1.2703108
0.4995269
0.28307903
0.36215404
0.26433045
0.22504413
0.24907139
0.26347092
0.27836382
0.32720262
0.34664428
0.44204664
0.42231646
0.36204365
0.37587854
0.62704635
0.10789788
0.19459906
0.16451263
0.42031652
0.23326743
0.19235697
1.1311268
0.51393306
0.32492143
0.39750952
0.47160074
0.3167072
0.39416227
0.23102477
0.26592553
0.26148498
0.27202335
0.31529352
0.34571695
0.44543898
0.6110446
0.72197753
0.47115025
1.0223216
0.29526454
0.25868213
0.39742395
0.7606827
0.31377524
1.0383567
1.6652142
0.41370028
0.7010492
0.48219588
0.4277554
0.3934542
0.20487133
0.21864799
0.25758582
0.25869602
0.27242318
0.2781963
0.29632333
0.68072844
0.9046649
0.2938438
0.34595448
0.38863784
0.5070014
0.7780654
0.4935564
0.9708483
0.55698675
1.0080967
0.349955
0.52562904
0.526358
0.45104173
0.504718
0.41802675
0.26076666
0.20828497
0.2258308
0.2371887
0.2503496
0.26585943
0.25740966
0.36172128
1.042154
0.25218326
0.36080456
1.0509592
0.252629
0.1547431
0.42014223
0.34282103
0.49246532
0.61133677
0.6245706
0.53055835
0.62998325
0.4772784
0.51578265
0.28216687
0.14357162
0.24455953
0.2144092
0.22080755
0.225916
0.26248214
0.24555945
0.378574
1.1373247
0.25767124
0.13343173
0.17845672
0.19599187
0.32615203
0.25758043
0.25552222
0.28798205
0.38769144
0.28070915
0.21462232
0.31538194
0.35239482
0.3604381
0.28235263
0.23271692
0.21546271
0.2201441
0.2019763
0.20490527
0.34673277
0.085552424
0.250888
0.3123002
0.34709173
1.0277721
0.45851064
1.8295746
0.41885987
0.5672161
1.0174941
0.39652094
0.43684402
0.66060865
0.65843105
0.370379
0.40963322
0.5097571
0.30350456
0.23275232
0.2720297
0.25127858
0.24408194
0.25510237
0.32518053
0.2850468
0.6406537
0.4384207
0.61057585
1.8100004
1.2711635
0
0.54294145
0.35925645
0.2922675
0.29788214
0.9040297
0.6050888
1.7260377
1.0227103
0.5809311
0.2937362
0.89419127
0.29603595
0.20784321
0.23904544
0.2478123
0.22326273
0.28009674
0.30504858
0.50966275
0.7148836
1.2001184
0.42708912
0.16669267
0.27895978
0.28714484
0.2788372
0.63607
0.82960945
0.9398593
0.75816786
0.29401103
0.3389238
0.4603185
0.1473197
0.43848112
0.16401663
0.19501173
0.2349875
0.24914715
0.26028892
0.31675723
0.37397948
0.39316866
0.24771771
0.22913802
0.23936912
0.2670382
0.3224336
0.36932534
0.41035387
0.32733473
0.25541353
0.24258566
0.3330271
0.3611733
0.35257718
0.34044576
0.42441204
0.174921
0.23286662
0.20455375
0.23140886
0.22831535
0.23811615
0.13121751
0.22882742
0.2974268
0.22272784
0.14564654
0.104742706
0.4569439
0.3025735
0.22834298
0.3267037
0.3011953
0.3109073
0.19098103
0.20555112
0.26694265
0.33404264
0.35580155
0.4235332
0.18128821
0.2318973
0.16760397
0.21745548
0.22994691
0.2536289
0.25891298
0.23562023
0.2615774
0.28770068
0.19381356
0.24456123
0.24746564
0.24204636
0.21896404
0.25567186
0.31776738
0.35445115
0.19140446
0.25298554
0.15810347
0.2713224
0.34566888
0.38596898
0.117081106
0.21732256
0.18055579
0.19907841
0.20404401
0.20944926
0.27588567
0.27185163
0.28952628
0.3302136
0.37319165
0.38963076
0.15741247
0.28077683
0.2662132
0.24181849
0.23466563
0.2909751
0.21269462
0.2581399
0.30370516
0.36328444
0.29033965
0.29552597
0.18679729
0.20324054
0.20345846
0.19224122
0.1984562
0.19803706
0.24600041
0.2550689
0.32435447
0.35610482
0.26929787
0.3372212
0.27808857
0.28844053
0.27413756
0.38874182
0.22978798
0.2524021
0.2695156
0.37232408
0.29662716
0.32713762
0.28873518
0.33234912
0.19945613
0.1931265
0.20375225
0.23902866
0.22366303
0.20045814
0.19536826
0.2652709
0.25764012
0.250371
0.2874966
0.28333458
0.2937087
0.3371424
0.2881411
0.23529395
0.3032719
0.26720345
0.2866649
0.4099971
0.15388721
0.26071736
0.3411765
0.40299985
0.18245941
0.1582275
0.13657704
0.21491131
0.21693978
0.16072121
0.14897585
0.202831
0.3145158
0.2647612
0.16453072
0.071160555
0.23425114
0.2556368
0.30857995
0.21161681
0.275677
0.29627585
0.27219617
0.12507015
0.33758926
0.37453598
0.33060864
0.33841264
0.27021423
0.2254129
0.2891893
0.24598905
0.24375907
0.25327855
0.062323246
0.27177465
0.27260607
0.24956462
0.04784644
0.26391318
0.39707103
0.3760454
0.3120466
0.25001016
0.24313045
0.28639954
0.20136404
0.22908065
0.10026714
0.37881497
0.28216928
0.41297978
0.28249398
0.22504783
0.2051098
0.2324082
0.23594356
0.24564889
0.19069153
0.22335497
0.31771627
0.19883877
0.2062144
0.2904794
0.4104585
0.21451622
0.28000653
0.36398074
0.21497855
0.37856558
0.20846194
0.23606104
0.1951567
0.32974577
0.4188142
0.40684173
0.15847129
0.20437431
0.18850753
0.22793111
0.24037436
0.26396576
0.28460336
0.27108583
0.28936058
0.28217763
0.21106529
0.27395374
0.37726808
0.17369875
0.21121818
0.2729745
0.29768997
0.2965555
0.14990038
0.26728073
0.21574166
0.29822865
0.29236296
0.39512414
0.17092186
0.20687631
0.20707837
0.21366188
0.22983691
0.26000908
0.30089197
0.3009201
0.33527344
0.36338374
0.29066712
0.36513558
0.24894598
0.16770926
0.21511388
0.22355485
0.29847315
0.25578287
0.29413927
0.24692988
0.47629035
0.4055014
0.21605417
0.31201607
0.23320708
0.23497027
0.21000764
0.22525164
0.21795613
0.24526137
0.26938742
0.27798095
0.42506188
0.36830458
0.31993675
0.3577801
0.2813986
0.22957343
0.33338982
0.25005487
0.24852028
0.22831768
0.21778947
0.15270445
0.3290617
0.24919239
0.26301804
0.319717
0.2227039
0.16471678
0.22042483
0.25057778
0.23901272
0.21925479
0.22438252
0.2755143
0.25510135
0.24394396
0.29299992
0.47311836
0.79831266
1.100614
0.3834816
0.24138385
0.32936633
0.629869
0.28434527
0.92588705
1.4586881
0.5102895
1.2805874
0.77996
0.38376123
0.3452559
0.20461097
0.23064408
0.26185557
0.27231163
0.24902189
0.2966269
0.36994547
0.47197387
0.9882011
0.87510586
0.7991722
0.543531
0.6569312
0.3513928
0.4526303
0.49301577
0.5507759
0.34966484
0.5994921
0.5579587
0.4204888
0.41575128
0.23551112
0.3547016
0.23749247
0.2781105
0.26470524
0.26616398
0.30045757
0.38411507
0.3733267
0.85414225
0.76618373
0.72395605
0.38234094
0.6581352
0.79092556
0.45000008
0.35357672
0.3779182
0.8544887
0.38910294
0.63130075
0.682183
0.34545636
0.6306449
0.6790226
0.31211174
0.22952023
0.23548472
0.24923563
0.27123678
0.28038356
0.29094106
0.34989908
0.19199279
0.16875365
1.6236033
0.7513837
0.9754769
0.35063413
0.47219634
0.5713619
0.22009903
0.46109363
0.5894985
0.33511177
0.37117288
0.5523195
0.4317128
0.1440714
0.1628921
0.25031617
0.25911668
0.26729986
0.27024078
0.28431675
0.31704515
0.5521923
0.8336415
1.6247833
1.6324338
0.44597477
0.5650841
0.6366004
0.3364297
0.7794304
0.2666743
0.6243061
0.8894011
0.47309664
0.8601798
0.8175985
0.36649707
0.32017416
0.2695799
0.22882524
0.23941842
0.24734974
0.25863284
0.2729934
0.29741442
1.1336371
1.7333868
0.78964037
1.1250776
0.29143625
0.4374879
0.45880917
0.82376736
0.13290513
0.29984045
0.3996525
0.43870747
0.29869193
0.33204594
0.7092933
0.9264841
0.4927385
0.39781153
0.27085412
0.27567932
0.25266093
0.26437733
0.29202786
0.30195215
0.31113204
0.38383093
0.48792025
1.796063
0.78512657
0.3213679
1.0577314
0.8497031
0.15750009
0.5597367
1.1542734
0.34034237
0.29140076
0.5133591
0.31320813
0.365143
0.3281208
0.5365351
0.28938743
0.27162284
0.25808698
0.28469214
0.2859044
0.30773082
0.32571572
0.8642491
0.50741506
0.6608399
1.0561485
1.1863037
0.5359163
0.9915593
0.40498316
2.141905
1.1174439
0.4178452
1.0311267
0.5927768
0.6607311
0.3899314
0.16216287
0.41790974
0.23484144
0.24142027
0.26709017
0.24649444
0.21746579
0.4322916
0.47209156
0.59651065
1.2166247
1.9902315
1.0891849
0.41963184
1.2938081
0.95177644
0.77396834
0.4706248
0.85243326
1.0143219
0.662603
0.68400705
0.6215987
0.7066892
0.61768234
0.3932948
0.049055252
0.2772898
0.26494706
0.26161084
0.28381488
0.29811487
0.9729224
1.8258286
1.3616543
0.44910508
1.9408208
1.0652691
0.79892457
0.8767574
0.81659514
0.15690362
0.45902246
0.57175785
0.33770457
0.43048984
0.42360795
0.5470405
0.52900577
0.39919984
0.203771
0.22521979
0.23661435
0.2737618
0.26980114
0.25685695
0.5757695
0.81834626
2.0737464
0.5744712
0.45622557
0.3929046
0.43093625
0.6097392
0.53558385
2.656345
1.2973927
0.4296091
0.60372967
0.4509712
0.33644333
0.284148
0.26836142
0.43820435
0.20213157
0.21448076
0.23972684
0.24833831
0.261418
0.25142115
0.39168882
0.40552568
0.98434544
1.3715748
0.4552376
0.66077095
0.2075356
0.18424413
0.22286734
0.36872867
0.4073439
0.2951101
0.31572643
0.3442951
0.34999636
0.34062964
0.9686614
0.13019738
0.23430145
0.21797109
0.2208558
0.23599482
0.24302131
0.2572582
0.719978
0.72581404
0.53491795
0.5230077
0.47221008
0.49465448
0.17472818
0.6614436
0.81981355
0.20074931
0.4415175
0.47454426
0.62401223
0.42264923
0.5756957
0.6269617
0.3457009
0.21730214
0.8045345
0.37989435
0.27709883
0.2480627
0.27054155
0.2888977
0.4967057
0.5032898
1.1583751
1.2919637
1.3257291
1.2080456
0.44089094
0.82171637
0.31928438
0.35759985
0.5325615
0.5246607
0.75757945
1.9655801
0.5390693
0.8995781
0.38048783
0.66188055
0.2381069
0.24245292
0.2446774
0.25092393
0.2872944
0.30358142
1.0217375
0.35861278
0.44939008
0.29693872
0.3360988
0.0067533585
0.1988411
0.30243093
0.18833327
0.47773936
0.6439349
0.30448383
0.4377601
0.29404026
0.2799338
0.32873756
0.47364688
0.31399384
0.21360835
0.17483783
0.24125007
0.28213423
0.2310138
0.27060634
0.283866
0.20312539
0.15426746
0.1354528
0.2116867
0.13386607
0.30879393
0.2120018
0.24453118
0.2649022
0.2760033
0.16530496
0.3375526
0.26395738
0.5494922
0.371612
0.46006224
0.20753038
0.2738063
0.23338762
0.2562314
0.25594276
0.18835187
0.22184956
0.16851825
0.35478783
0.43731144
0.66574866
1.1971967
1.3608986
0.3004647
0.5522276
0.6984375
0.8913702
0.68611294
1.0917938
0.7849984
0.45611006
0.27200526
0.7543939
0.23592937
0.31979004
0.19783095
0.26948807
0.24809852
0.25180125
0.26142138
0.2596095
0.5948408
1.8249687
0.46893457
0.48899367
0.48691043
0.46984056
0.37879917
0.26104766
0.3648476
0.30926272
0.47792694
0.54732794
1.0256995
0.6610715
1.2652594
0.90709686
0.44472364
0.2812002
0.21362755
0.23696646
0.22279906
0.24561441
0.25844648
0.4841644
0.49107084
1.1837866
0.42726332
0.9068455
0.99114525
0.22985882
0.21956304
1.2449714
0.9517019
0.85605675
0.26232144
0.7672376
1.1312174
2.0858505
0.7042032
0.8128869
0.28820908
0.32330075
0.23808312
0.2520821
0.26648492
0.27065322
0.27939165
0.32077703
0.3362101
0.3328662
1.2720057
0.49984756
0.31581178
0.8431549
0.29624256
0.5701291
0.4623001
0.7440946
0.37591237
0.4420936
0.37052834
0.60730845
0.8853877
0.4669553
0.512181
0.31640962
0.24828735
0.2619079
0.26363203
0.2671157
0.30630973
0.31968114
1.3681229
0.7883333
1.0434004
0.59732974
0.31905368
0.3342292
0.21539095
0.59858036
0.110928446
0.26776618
0.51136917
0.35540277
0.30609098
0.2954349
0.37034962
0.38371107
0.21199161
0.17430228
0.2197803
0.22967145
0.24037972
0.26645815
0.2512892
0.2964113
0.58580345
0.34789345
0.24875447
0.26830602
0.2807137
0.2593055
0.22853607
0.19217652
0.25868687
0.2913442
0.2219032
0.30684578
0.218438
0.19926745
0.44472176
0.34079313
0.1706152
0.16454476
0.21077257
0.23465079
0.24911153
0.23073244
0.20817658
0.26058745
0.33677948
0.30000213
0.15179077
0.16139919
0.14452565
0.23089224
0.30077812
0.21291396
0.22640619
0.39498848
0.35448322
0.38256893
0.51818216
0.797354
0.7956623
0.36347842
0.3951006
0.3122346
0.2498534
0.2302618
0.2630229
0.25850227
0.344955
0.31189063
0.42069566
0.39380157
0
0.52067995
0.65371025
0.41012856
0.3200123
0.34553802
0.23517027
0.3143488
0.34260044
0.33770296
0.36293864
0.37210974
0.48724896
0.34868017
0.37234145
0.1981906
0.2624519
0.26814026
0.26576912
0.26634765
0.2721775
0.3631197
0.45635143
1.1230001
0.8663175
0.8532776
0.9193808
0.65162295
0.3732211
0.62846667
0.9928424
0.5029889
0.4214095
0.7386885
0.62118703
0.69877136
1.4829497
1.4493452
0.35194063
0.2837724
0.19901335
0.24925715
0.252137
0.26309815
0.27939048
0.34957984
0.377381
0.49948564
0.75544435
0.87199074
0.89758617
0.40860817
0.6039893
1.491206
0.4663954
0.44882283
0.7404226
0.24981344
2.0973344
1.0284384
0.5651614
0.6600238
0.35423064
0.21896964
0.19000891
0.23376226
0.24156687
0.24384028
0.26584503
0.2768936
0.41895488
0.5234694
0.5637698
0.2481173
0.16420516
0.20183182
0.22840542
0.053909544
0.1732685
0.24804038
0.3570584
0.3774462
0.35190058
0.28728175
0.3830876
0.28957835
0.51128006
0.23733658
0.23495159
0.21883976
0.21498692
0.22815853
0.22405979
0.23475236
0.19251671
0.5561291
0.6007281
1.4022146
0.65698415
0.22139907
0.23205894
0.24605137
0.23757172
0.31237102
0.3135459
0.3374721
0.29795223
0.43005157
0.63336194
0.45246717
0.14493302
0.2154944
0.2427699
0.20559233
0.2236644
0.2326248
0.24018458
0.26183158
0.5708706
0.602248
1.1412513
0.73728234
1.7404954
1.2056203
0.45170537
0.6584184
0.029035572
0.5103239
1.3596847
1.3027806
0.9930619
0.34944344
0.9099518
0.40463337
0.29609105
0.18414938
0.2526109
0.2395333
0.2639765
0.23709616
0.25680512
0.33268872
0.30838192
0.6976921
0.30405858
0.24326286
0.22444656
0.26260778
0.21643469
0.16719422
0.34954515
0.16466734
0.2427297
0.63649046
0.29274023
1.2734286
0.7334054
0.8814424
0.5518595
0.26173002
0.23746607
0.23436332
0.24471426
0.24831179
0.2560772
0.2267429
0.36965093
0.22131553
0.81526804
0.3126028
0.75648886
1.3774507
0.24945891
0.58181196
0.5551468
0.3928545
0.49165168
1.1625508
0.7565232
0.54208916
0.44942468
0.62120354
0.28326908
0.24883482
0.18726349
0.22334728
0.23934978
0.24639395
0.24260902
0.26641488
0.4572788
0.4225465
0.8718455
0.67689645
0.49458912
0.22923282
0.31456146
0.2929629
0.21134126
0.35743254
0.21080014
0.36665118
0.14190558
1.3639498
0.6112742
0.5769017
0.2699397
0.22461212
0.20920157
0.22622931
0.23943421
0.24587658
0.25628826
0.2356286
0.6721909
1.3859497
1.14969
0.35665977
0.25346875
0.07103455
0.21918148
0.27796182
0.23048335
0.27521408
0.41523755
0.19629103
0.39780304
0.38716245
0.53494054
0.60921836
0.226823
0.244993
0.21393102
0.2216835
0.23921579
0.24534133
0.24923927
0.29380542
0.60251075
1.4557213
0.7118227
0.8215896
0.28292656
0.40019998
0.2585898
0.2196354
0.2512862
0.15750444
0.18223315
0.28103194
0.33974
0.379489
0.28023618
0.34917784
0.56246716
0.18775156
0.18668139
0.23099336
0.22267997
0.22010353
0.17863375
0.21209225
0.2652818
0.15931103
0.33615348
0.2168726
0.29120287
0.21442163
0.19624227
0.20956087
0.20287493
0.22228765
0.1849519
0.18644992
0.16832855
0.28723624
0.2648415
0.30235857
0.21651241
0.20660847
0.22074792
0.224846
0.21553817
0.17677286
0.18085584
0.21178144
0.20646748
0.20767191
0.2545053
0.24776882
0.27692688
0.21804345
0.2540429
0.20004568
0.24760327
0.37335196
0.7281077
0.8987353
0.56882167
0.47478384
1.0346973
0.69384456
0.325899
0.2832704
0.22817299
0.2541228
0.2689706
0.23459953
0.22797567
0.24673858
0.32573202
0.623724
0.12146914
0.6479295
0.19081336
0.49215472
1.1161098
0.66795003
0.7678577
0.57774895
0.9237147
0.63797
0.24022168
0.98651737
0.9631861
0.63628197
0.33782518
0.293147
0.19419467
0.23132002
0.24397594
0.25643817
0.2624678
0.26463217
0.31015787
0.99214596
1.328693
1.5461917
0.42114732
0.27022654
0.9665846
0.6516295
0.23652339
0.34906822
0.5475845
0.70363766
0.7685331
0.3124248
1.0388304
0.76141703
0.24224085
0.2886491
0.21262938
0.23960018
0.25078672
0.2543761
0.26215416
0.2733655
0.7927378
0.7896563
0.3465332
0.24867624
0.49826267
0.06489012
0.5187002
0.5771848
0.2226834
0.24416387
0.6011411
0.5045525
0.7551797
0.38821876
0.7346107
0.48382798
0.15145996
0.2868499
0.24392933
0.23591194
0.2420643
0.24753818
0.26064372
0.30057505
0.22161892
0.5519409
0.59656566
0.32045725
0.3983998
0.6177811
0.2528732
0.5333891
0.31603882
1.2667882
0.17285159
0.8013072
0.39538085
0.38818532
0.29242656
0.81063795
0.42281777
0.2856144
0.2423118
0.22558826
0.24175292
0.23291612
0.25360724
0.28046027
0.72565967
0.2872624
0.7272098
0.90939295
0.6325763
0.8136173
0.17962009
0.13289553
0.48329097
0.42702004
0.39673427
0.32072765
0.2634606
0.44685704
0.7632821
0.96828103
0.49143517
0.25066435
0.22471818
0.2223145
0.22123346
0.22592741
0.23792943
0.27026063
0.7764487
0.069322556
0.49968407
0.8007149
0.4132855
0.27682057
0.6123038
0.5679172
0.20974568
0.48378375
0.040772263
1.056492
0.508892
0.418961
0.2520222
0.35493106
0.22237027
0.34586525
0.25708792
0.23903075
0.24186161
0.25084546
0.28013325
0.6017868
0.38221943
0.44640756
1.6926858
0.2732725
0.19592708
0.21659711
0.24507552
0.41948998
0.63070637
0.4606592
0.4457866
0.27146158
1.0477197
0.5360329
0.6093122
0.6930943
0.13201421
0.26607275
0.35361758
0.22471222
0.2541345
0.2488578
0.24668252
0.31039548
0.3341839
1.2947567
1.0573138
0.65606326
0.20483911
0.9242162
0.7347869
0.7685705
0.9723615
1.4961271
0.55276525
0.9776755
1.1443602
0.7107211
0.70678854
0.56476843
0.86180395
0.23474765
0.2232787
0.23505482
0.24604991
0.2494773
0.26900595
0.65564907
0.7770838
1.3247595
0.520788
0.57073104
0.48949897
0.5943489
0.7565831
0.78699297
1.4013184
1.5123361
0.8413019
0.97367686
1.2649051
1.3423517
1.5449191
0.70571226
0.4407336
0.24046189
0.18598765
0.22188371
0.22600776
0.2355338
0.24517214
0.2756834
0.38953793
0.65289503
2.1518607
1.2855855
1.1326122
0.4422644
0.34517965
0.33146778
0.44600195
0.5951519
0.69028413
0.6826154
0.7304009
0.3191463
0.584311
0.24067694
0.31818923
0.2903241
0.24512881
0.23338637
0.24769568
0.25063854
0.2753284
0.2966055
0.6128635
0.27792135
0.57646716
1.2762357
0.36296323
1.1881589
0.5601046
0.41976365
0.28918603
0.66118705
0.48561826
0.33966678
0.43629816
0.46064547
0.4824933
0.35501853
0.40459397
0.3869412
0.24964374
0.24115193
0.23947948
0.22816733
0.2639004
0.28963834
0.4081936
0.08104575
0.3254427
0.88684237
1.2959442
0.43256876
0.9689425
0.21211922
0.8948238
0.44740814
1.0202498
0.690768
0.53393453
0.97636807
1.4632008
0.42241418
0.29355574
0.22692546
0.30211887
0.24261883
0.24385184
0.24808306
0.26412156
0.3029789
0.94947636
0.32441822
0.42582828
0.33606333
0.279929
0.25376603
0.44959125
0.7478082
1.7855366
0.6464165
0.86832494
0.6588839
0.8861388
0.3896978
0.44002342
0.6419836
0.58296317
0.3325118
0.7915878
0.24649298
0.341041
0.2739461
0.28490523
0.41696554
0.43822128
0.13061887
1.5597496
0.55394304
0.4667982
0.4960944
0.5290511
0.48250124
0.41156092
0.4612085
0.36837503
0.34879622
0.6526494
1.5462136
2.7711842
0.62909275
0.31406736
0.33011553
0.19173121
0.22627744
0.2330696
0.21033365
0.23127851
0.4881204
0.9143565
0.8841658
0.6531135
1.3835156
0.59772253
1.1864415
0.77683204
0.3897951
0.6074537
0.23255071
0.28578258
0.8559872
0.6505647
0.89479554
0.5759979
0.5642398
0.9527131
0.29111576
0.25042385
0.25750664
0.25197458
0.25363073
0.26005024
0.2842442
0.39726037
0.79624707
0.937852
0.5434007
0.6164488
0.81277937
0.46704924
0.29787108
0.24828655
0.6773171
0.23972088
0.38774982
0.8530161
0.46978748
0.4681578
0.76208705
0.40855283
0.12602311
0.203417
0.22967473
0.23583153
0.24033174
0.21745098
0.590243
1.5286877
1.0004323
0.39632195
0.60027546
0.28141743
0.15806726
0.23174965
0.18281749
0.2574774
0.2887079
0.2784558
0.5169617
0.51302505
0.42988542
0.50107384
0.38716578
0.23753637
0.2716237
0.20989096
0.25569192
0.2501291
0.25275412
0.29507208
0.24812564
0.22021884
0.25775602
0.24099714
0.39872354
0.22905672
0.22884712
0.19869584
0.21532813
0.22335652
0.26370758
0.23459584
0.18890435
0.1989015
0.27248228
0.33400062
0.38035026
0.23443604
0.21763042
0.208388
0.23036301
0.22322819
0.23785353
0.28477573
0.2606305
0.25263846
0.34625903
0.26170483
0.20866501
0.18763384
0.24957547
0.2793755
0.21645918
0.28853968
0.26642594
0.2765326
0.26802713
0.22498676
0.35998544
0.36280516
0.392984
0.28639698
0.23007947
0.24006957
0.21177989
0.22266778
0.23711187
0.22677153
0.26566806
0.3464725
0.35450086
0.25124142
0.29711843
0.2845993
0.28971243
0.16336685
0.21901077
0.30393597
0.17560202
0.22278416
0.19557309
0.2650551
0.27252567
0.3653569
0.35537437
0.25162393
0.20399311
0.22887585
0.23961094
0.25079587
0.22599453
0.20045239
0.23656926
0.23875245
0.2721298
0.25941515
0.5011676
0.258418
0.26864243
0.23834231
0.2301974
0.19607607
0.19955498
0.3212198
0.32990992
0.119927526
0.27652335
0.3531693
0.28080425
0.23135138
0.21361905
0.19071871
0.23832747
0.26135898
0.2302672
0.20526996
0.214394
0.23889065
0.2374852
0.22518125
0.2493141
0.32693076
0.33788043
0.37006432
0.19623476
0.2934536
0.2652016
0.42556304
0.29104
0.35539085
0.58672804
0.36147052
0.2982376
0.23797348
0.24342752
0.30144176
0.25536707
0.24839467
0.2563595
0.18472761
0.2812342
0.2683796
0.1768013
0.32471567
0.3086845
0.25585988
0.31072366
0.2726279
0.3171252
0.36883292
0.27422333
0.22910732
0.28182596
0.28500614
0.35507575
0.67975914
0.49989033
0.49803635
0.1332798
0.24722666
0.26883575
0.2698928
0.27598447
0.28329018
0.33124152
0.9348777
2.1829011
1.129786
1.252462
0.51176196
0.48936328
0.28874683
0.8994518
0.764773
0.16088676
0.83149177
1.4221836
0.6342936
0.7114319
0.91713107
0.50215894
0.472242
0.31019115
0.23146936
0.22542751
0.2469916
0.26205412
0.27934054
0.59983057
1.0733972
0.7273073
1.1805553
1.426198
0.41852897
1.0209833
0.26270825
0.49983615
0.30141014
0.28981325
0.74717313
0.3408023
0.6321592
1.3648652
1.016329
0.22666058
0.2899924
0.32781893
0.22025934
0.23540583
0.25507838
0.25747058
0.26249486
0.32891175
0.5092637
1.217142
1.1409283
0.64722306
0.20054275
0.4703148
1.0636407
0.23418978
0.74441653
0.5213998
1.6241252
0.05476928
0.67020524
0.38908416
0.36568078
0.30757007
0.676629
0.7472759
0.2842543
0.27090335
0.25679544
0.25594297
0.2833415
0.3556832
0.6716498
0.45627597
0.8425958
0.5685604
0.1977618
0.6726802
2.1393502
0.71208084
0.38069758
0.32906002
0.4853126
0.218348
0.5518244
0.40531862
0.39949945
0.38727295
0.26799646
0.3055957
0.27395803
0.2520971
0.2427065
0.24852452
0.2517399
0.3005009
0.46793342
0.78042185
1.8624625
0.9709968
0.35236174
0.41635203
0.20539123
0.3160799
0.20493764
0.2978924
0.3608929
0.5705272
1.8103657
0.19428408
0.5751213
0.47674802
0.4218335
0.26812774
0.2477411
0.27719334
0.28541037
0.26566887
0.24416634
0.27939236
0.40580794
1.55961
0.5829322
0.38689154
0.15752175
0.22693607
0.17853233
0.1875588
0.24660364
0.62821996
0.5726947
0.69795257
0.5687692
0.4044514
0.5781216
0.43071
0.44089028
0.35673967
0.2190493
0.22891009
0.25182778
0.2654978
0.26043534
0.27748182
0.65078276
0.6347308
0.3578483
0.46372634
0.3983982
0.31471327
0.4160884
0.6075772
0.67748314
1.0706881
0.6663501
0.82704264
0.7996706
0.483794
0.32653758
0.37982425
0.2102344
0.19794974
0.25331047
0.23699662
0.2635389
0.2658257
0.27243793
0.30161518
0.8461886
0.6904162
0.91934526
0.49806783
0.45495775
0.68794817
0.69305724
0.22125569
0.6805502
1.0451852
0.490706
0.98531365
0.6520188
0.4929837
0.5051782
0.30896506
0.35586163
0.33885285
0.2220228
0.24954993
0.25707927
0.2766533
0.30624872
0.37385538
0.88150847
1.2292132
0.84704506
0.7552419
0.34598878
0.5711088
0.27008322
0.2198208
0.28214607
0.48086828
0.777356
0
0.7608306
0.62344456
0.5057266
0.5660533
0.3996006
0.4092804
0.26259077
0.2502477
0.2617175
0.27238333
0.2995534
0.3459547
0.692108
1.0947896
1.6951685
0.25637347
0.264961
0.22024742
0.3045809
0.28919846
0.27179012
1.4542191
0.6651269
0.73441327
0.7401518
0.9798808
0.69097126
0.52876586
0.21491152
0.28719276
0.2932664
0.28239596
0.27231643
0.29240796
0.34080005
0.30012813
0.7444697
1.0599788
1.9633076
0.7749004
1.0420765
0.3631676
0.28238827
0.40123826
0.46749797
0.7732868
1.3438938
1.0324899
1.0159968
1.0078797
0.57540333
0.70457166
0.38595358
0.39766672
0.5321971
0.28751266
0.2946933
0.2645897
0.2803991
0.37316543
1.3486769
1.6101233
1.7485298
1.0791802
1.3795676
0.828623
0.7062594
1.1400795
0.65935266
0.3410746
1.3106703
1.6810578
1.8191019
1.4005812
0.4115504
0.650535
0.40545675
0.23644537
0.2690466
0.247816
0.27802938
0.26267123
0.30290228
0.3535448
0.62339264
0.9524651
0.6398711
0.9587007
0.96534
0.86998105
0.7784217
1.0374365
1.5374314
0.6570218
0.66653645
0.60415065
0.7781109
0.6480927
0.7652528
0.43265986
0.41417897
0.21022218
0.26825395
0.24293879
0.25328073
0.24808928
0.25911057
0.3177546
0.48411217
1.016849
0.44155124
0.87532157
0.48833975
0.3973982
0.22611967
0.54816836
0.36933625
0.34584412
0.52246964
0.3192212
0.30744758
0.749512
0.86088234
0.58895457
0.58474964
0.3091373
0.22115216
0.25399148
0.26309016
0.27427766
0.2979147
0.35980433
0.7842269
1.4715639
0.37851906
0.69203305
0.3345736
0.317973
0.21382815
0.26387662
0.36571032
0.94608635
0.7016069
0.44874606
1.3033369
0.6124073
0.32548118
0.48706508
0.29955986
0.25403288
0.23583582
0.25470066
0.25347325
0.26841217
0.297179
0.45331535
0.51742643
0.82519114
0.11876264
1.1407737
0.9227527
0.40491635
0.16143116
0.62659633
0.2651323
0.4181776
0.85262656
0.5405809
0.34086257
0.34081882
0.5124857
0.6235883
0.3061021
0.47795704
0.30215654
0.25544712
0.24258333
0.25240007
0.2553102
0.33378074
0.5415314
0.9801508
1.0068555
0.22036251
0.4954215
0.25138414
0.866135
0.46942663
0.66804546
0.48764795
1.3112015
1.0172597
1.037719
1.5603324
0.9888592
0.8730931
0.30308643
0.33870614
0.23776323
0.23183972
0.25747064
0.27053154
0.28760934
0.32835993
1.1383904
0.06716797
0.29847324
0.19758359
0.34484455
0.5690192
0.17061913
0.81117857
0.42627445
1.5309434
0.85108745
0.8056812
0.85359263
0.72028404
0.69161373
0.33908275
0.38060516
0.32780105
0.25027692
0.23596457
0.269778
0.2709948
0.30303
0.25516322
1.0409985
0.9581655
0.92264634
1.0678607
1.5511137
2.100146
0.020897035
0.6247144
0.6826287
1.3126556
0.59662783
1.3312474
1.3853092
0.38939324
0.56559545
0.36345696
0.50748444
0.44311273
0.25821587
0.25254008
0.26524398
0.26404187
0.29587904
0.35188442
0.56335795
0.77342576
0.67956364
0.99080473
1.1768618
1.1227833
1.653445
1.0252427
0.2444984
0.5760702
0.47609267
0.57556105
0.65106934
0.7463898
0.8311817
0.5583618
0.35377666
0.41850397
0.2631924
0.28993633
0.26755738
0.27665707
0.287565
0.39928898
0.48439878
1.6209737
0.6602083
0.53010416
0.39646032
0.23636517
0.19272393
0.45941982
0.29271048
0.19215116
0.3334769
0.38318786
0.37902057
0.35092983
0.3832285
0.33614242
0.46604875
0.23329762
0.20739645
0.25259426
0.24227145
0.26061907
0.2976131
0.39167792
0.31566113
0.24644187
0.299872
0.24008664
0.27010787
0.26427984
0.2813098
0.24535558
0.39279386
0.30920586
0.21218938
0.21186882
0.30212674
0.38216868
0.5820205
0.47574753
0.2690453
0.22615972
0.2516909
0.23669517
0.24418876
0.28247064
0.28700635
0.2645316
0.3568933
0.28693014
0.291685
0.26574245
0.26176795
0.33451012
0.24391544
0.23500487
0.2695149
0.33423856
0.3556717
0.38010228
0.2746973
0.5316157
0.3714178
0.40902242
0.3194517
0.24127516
0.26059484
0.21775728
0.2354525
0.26123634
0.299213
0.277691
0.24666414
0.4220343
0.34663957
0.2758989
0.26397657
0.24615732
0.33250287
0.23463988
0.28857437
0.26588
0.35736936
0.3122094
0.39238462
0.31160718
0.3378827
0.3494841
0.3731953
0.27517608
0.25043076
0.2228451
0.23316762
0.2452581
0.31630623
0.37306836
0.34767243
0.39432904
0.30789086
0.30113184
0.27935785
0.30494478
0.35389975
0.6299297
0.29305154
0.40811363
0.2898254
0.35817036
0.41224086
0.29220837
0.32414028
0.37185097
0.4038984
0.2617734
0.24788404
0.24802867
0.25315765
0.24988249
0.282186
0.31817105
0.39056197
0.35344818
0.31296116
0.2776194
0.37180206
0.35307148
0.32357937
0.31047696
0.32836393
0.2323888
0.30955428
0.4557815
0.31984094
0.35595846
0.3471635
0.35331753
0.3195361
0.21535414
0.21671098
0.27032503
0.2812694
0.27498028
0.24765429
0.24425635
0.2773544
0.24569905
0.22120988
0.28796378
0.45721328
0.3418899
0.3105315
0.28535652
0.30681816
0.3274006
0.27152532
0.42310315
0.3945808
0.38334432
0.41949517
0.36766258
0.27489528
0.24885169
0.21791658
0.24258474
0.26093286
0.2531479
0.2438927
0.25430426
0.30187246
0.19825947
0.244052
0.23450539
0.23790288
0.4723816
0.3136448
0.426257
0.34109065
0.3272806
0.22700608
0.37190667
0.3610641
0.44429672
0.43554035
0.3875464
0.31316698
0.2267383
0.28434336
0.2596715
0.26302794
0.27894408
0.2924517
0.34608236
0.31913418
0.24764434
0.37369367
0.29835305
0.4055617
0.29085425
0.2852652
0.33000204
0.32879785
0.34072232
0.2593239
0.3858344
0.21830699
0.4548929
0.5787956
0.43172807
0.25736982
0.21050525
0.27457908
0.24237925
0.25271538
0.2713581
0.28736848
0.28347433
0.36326763
0.3593074
0.35106942
0.33259776
0.3047388
0.29177645
0.33716255
0.27305767
0.27438504
0.3692378
0.3423539
0.46498844
0.42403638
0.43701038
0.36330494
0.46008775
0.28535193
0.21267134
0.25658044
0.22354415
0.23989224
0.29604802
0.32315236
0.28917578
0.2636859
0.37895796
0.3355387
0.21869537
0.28899568
0.29088566
0.3319658
0.37965295
0.21873611
0.33934122
0.39798123
0.33269468
0.40533078
0.33772376
0.35351732
0.35663366
0.37659216
0.23610932
0.23465762
0.22022074
0.22835338
0.25068057
0.31630027
0.36912316
0.30606502
0.40859827
0.2841137
0.3478538
0.3408212
0.32126573
0.5198092
0.4044766
0.29608807
0.36176962
0.35493943
0.34736457
0.3697187
0.31454328
0.3426627
0.3732376
0.3123431
0.20076445
0.2432709
0.2522615
0.25064248
0.2443623
0.27840757
0.31731197
0.3612039
0.13673016
0.2652167
0.5582953
0.3985215
0.38309255
0.28426135
0.32124612
0.3350525
0.36794034
0.35840833
0.6086526
0.38669282
0.4604038
0.3822776
0.33621293
0.27151567
0.20690161
0.22922584
0.26075822
0.27559718
0.2813843
0.2786846
0.28930548
0.2766754
0.25892642
0.2704141
0.27515063
0.4061726
0.28456658
0.3309238
0.44800758
0.32926387
0.3083963
0.3527039
0.41696087
0.29555076
0.3538954
0.4198531
0.39037368
0.2695769
0.28792226
0.19403863
0.25821558
0.2528895
0.2589147
0.21202594
0.28700918
0.30646837
0.22110009
0.24634895
0.25107107
0.25745624
0.30308497
0.30816355
0.4039221
0.44902283
0.31043756
0.41545007
0.356087
0.43471006
0.3484529
0.44298935
0.40586486
0.30910757
0.2717392
0.48072273
0.2934669
0.2587336
0.2509594
0.22341153
0.34274927
0.3841968
0.28912774
0.9250238
0.8883645
0.71020234
0.42425945
0.93505096
0.61805314
1.2737083
1.3035208
0.5511837
0.1610086
0.88298726
0.7850443
0.7297894
0.624787
0.9207848
0.31466433
0.22117609
0.24025264
0.2521477
0.25574675
0.2767448
0.34545338
0.5038291
0.9376567
0.40491033
0.2639992
0.50954473
0.68088037
0.5339445
0.58171827
0.25801077
0.5271939
0.37940285
0.31208965
1.0185916
0.8412785
1.2634625
0.7992579
0.2637443
0.15555567
0.23228338
0.23143128
0.25348663
0.2683298
0.56287533
0.26477197
0.39624554
1.0300055
0.68295413
0.32404628
0.17829764
0.7801277
0.32300186
0.5127989
0.75804615
0.3152137
0.6319377
0.5244085
0.70970976
0.27319834
0.32004806
0.82571495
0.70211107
0.22464165
0.25127718
0.22580382
0.24481305
0.26588154
0.29389688
0.37855735
0.46342528
1.8163766
1.7160889
0.31331575
0.25974762
0.31682688
0.3057829
0.49552068
0.3427769
0.5361145
0.904544
0.93843603
0.48268512
0.87400854
0.32386503
0.49016792
0.6815378
0.37292904
0.2705681
0.24485391
0.25934318
0.2862651
0.2895482
0.41817963
0.92502284
1.5840492
0.9023752
0.7626504
0.41117755
0.2566786
0.33217883
0.26978493
0.46292064
0.30327925
0.4353138
0.7107482
0.4027051
0.3575638
0.49288556
0.5904026
0.27008998
0.36269656
0.24752897
0.24998936
0.27280283
0.26957685
0.27320933
0.2920778
0.34902444
0.79764056
1.3511994
0.77158785
0.78693545
0.5055073
0.44882837
0.8201629
0.6827173
0.9694855
1.2560866
0.83340216
1.0008935
0.7244883
0.8194391
0.5581751
0.5438692
0.3692675
0.22523019
0.2509357
0.25863305
0.2720299
0.3051504
0.34312233
0.42332473
0.9521039
1.11095
0.98419446
1.5095803
0.44705188
0.61389315
0.57519156
0.51917005
0.7603499
0.61798036
1.2496681
0.46582788
0.53221446
0.77162987
0.9691701
1.5364205
0.35937524
0.34795395
0.26554114
0.26186246
0.27021387
0.31379494
0.37505874
0.33904794
0.8443922
0.5215916
0.6579569
1.1888819
0.7028567
0.71838397
1.4215934
1.5394711
0.8709512
1.4031954
0.49035585
0.94112283
0.75627875
0.43908834
0.5185972
0.58227384
0.21202084
0.24784791
0.25983748
0.26974055
0.27374697
0.30815607
0.3646676
0.37090516
1.2918932
0.10678187
0.2893497
0.25813022
0.27125028
0.32757697
0.3443351
0.2560913
0.3264603
0.45931488
0.3061566
0.5387476
0.5814367
0.4502422
0.4343168
0.48007005
0.22404072
0.23614588
0.25414672
0.26259416
0.27359313
0.30431268
0.8941806
1.1318707
1.0727842
1.0834782
0.7731303
0.5684976
0.7658962
0.4395008
0.62816656
0.31085902
0.34161958
0.56491166
0.31843498
0.46852311
0.4844991
0.59356785
0.5326669
0.4441641
0.2494981
0.26552418
0.2270484
0.24963102
0.2517852
0.2893017
0.5711633
0.56640863
1.1989486
0.77262384
0.3835889
0.3022315
0.34970772
0.45665324
0.64200866
0.50179905
0.5122181
1.4556543
1.3570596
1.2303457
0.65843046
0.5893239
0.5565904
0.5679857
0.6007545
0.40850282
0.24850291
0.27628344
0.27908018
0.3163812
0.36626497
0.5339557
1.7148267
1.1710416
0.54665595
1.6823901
1.4113973
0.58644617
0.049864594
0.33136722
0.41201627
0.6613121
0.9479
0.61063373
0.815953
0.5035126
0.82571054
1.838358
0.49436873
0.27463064
0.24942634
0.30079323
0.28245535
0.28933582
0.3164446
0.38864794
1.1733638
1.088423
0.7950959
0.69116825
0.7810821
0.8291171
0.47272977
0.480627
0.47987035
0.65504384
0.39400172
0.99549466
0.47837734
0.51760316
0.26074454
0.47832042
0.5875627
0.26022953
0.258845
0.2691654
0.27119836
0.27693248
0.33725715
0.46468133
0.5010875
0.52691567
0.38350633
1.1936079
0.5722467
0.51897323
0.3676865
0.24960533
0.31124872
0.47244832
0.33005345
0.5960693
0.44613123
0.47432163
0.60662884
1.0064996
0.28910998
0.2541031
0.26492524
0.25889778
0.2683863
0.28224227
0.34234452
0.47181448
0.47897542
0.44441923
0.8338968
0.27146548
0.31414828
0.21454835
0.27882499
0.19075558
0.29469737
0.30128023
0.3314309
0.37657136
0.43438506
0.48031217
0.47371557
0.49725163
0.22551984
0.2961367
0.25500137
0.25621292
0.2665414
0.2776066
0.29171145
0.33426496
0.34600005
0.34692088
0.45228416
0.33718762
0.20374855
0.19558421
0.30434015
0.32034385
0.7656794
0.9844937
0.9598825
1.3005172
0.7040454
0.9277884
0.865153
0.68104637
0.31071827
0.30652946
0.2653401
0.26338768
0.2773685
0.31073973
0.3484694
0.37928027
0.5449352
0.91496325
0.7662744
0.31644067
0.8340002
0.6913462
0.6451094
0.6619663
1.3285617
0.9732757
0.6707066
1.7344407
0.6163626
0.80520254
0.7374262
0.53823763
0.6029977
0.25003657
0.2419802
0.25313538
0.26001924
0.29470667
0.3711259
0.30607402
0.7422091
0.5278903
0.8520416
1.0385511
0.63896513
0.5115783
0.33944803
0.33753493
0.47916102
0.268882
0.6004294
0.4149319
0.39087695
0.42674318
0.7219842
0.52135813
0.2172623
0.28275904
0.22180346
0.24734566
0.2591244
0.30753118
0.36443418
0.27583674
0.28020552
0.40417767
0.24711701
0.2757281
0.39588144
0.2983121
0.32705212
0.28467715
0.3135306
0.4337487
0.85012305
0.8026116
0.73983234
0.37595546
0.406007
0.2480819
0.2641281
0.24450114
0.24845296
0.2709959
0.27328834
0.27392262
0.2656051
0.28355938
0.41447973
0.4003821
0.3858552
0.039909963
0.109445035
0.3043686
0.31471887
0.42119122
0.41767934
0.60407084
0.49748364
0.6704755
0.55131376
0.59098583
0.3875924
0.30365673
0.297232
0.49526286
0.25134858
0.264293
0.2743116
0.2754628
0.31244096
0.39943445
0.4283116
0.56129676
0.88238865
0.34532186
0.91332835
0.9655005
0.9319425
1.0005233
1.0907159
0.685361
1.0361681
0.8162901
0.81831205
0.5380816
0.7173398
0.5062423
0.42238504
0.2699322
0.2692962
0.26981816
0.28007644
0.30120772
0.346351
0.46556577
0.66793555
0.75825816
0.6340196
0.62834346
0.5826579
0.62864625
0.29128873
0.50167173
0.6754103
1.1043358
0.46985143
1.2633362
1.3288873
0.5813258
0.6120337
0.89957184
0.46259215
0.2624868
0.26942575
0.2720754
0.27601516
0.2877275
0.3086653
0.41516826
0.6798063
0.8631307
1.0884386
0.9799333
0.18140092
0.28437433
0.5685201
0.31076953
1.4834768
1.3542908
0.27847221
1.1480198
1.3767883
0.9882344
1.4509869
1.9465855
0.7001824
0.29983178
0.30535832
0.27562472
0.28077173
0.3082812
0.35894018
0.38056824
0.56439954
0.4445299
0.49013746
0.48207325
0.454943
0.21797225
0.35354254
0.8130329
1.2456936
1.2111734
1.091723
0.699594
1.3447509
0.861763
0.9477761
0.6109959
0.41578203
0.3005616
0.2682552
0.25817335
0.2662375
0.28211465
0.37996244
0.81797516
0.5784621
2.010417
0.95118886
0.48948187
0.9817078
0.47339377
0.48188645
0.33356482
1.0729144
2.0004797
0.9293591
0.93691885
1.2307309
0.8546312
1.0338274
0.6991428
0.28366518
0.28352433
0.2609301
0.27054694
0.26957852
0.29409102
0.43013218
0.551585
0.5833209
0.6893633
0.7046929
1.4931848
0.7251134
0.32852373
0.5969625
0.3442749
0.72990775
0.38160524
1.1349055
1.3422242
1.0509026
0.71080446
0.7706967
0.4880911
0.42180339
0.26289
0.2633341
0.26966196
0.27113017
0.2923269
0.5290174
0.54369104
0.590046
1.2633427
0.7552235
0.9411927
0.33347195
0.39314264
0.33931127
1.2342904
0.96200734
0.64819425
1.0338186
0.9488959
0.8246897
0.65951043
0.67366934
0.44009453
0.33954835
0.271548
0.2682544
0.2688897
0.2746334
0.29721522
0.33522838
0.7607133
0.55820876
0.443999
1.8888295
0.36146462
0.39060777
0.44887373
0.4815019
0.24455345
0.5898693
0.5874011
0.3911456
0.44564953
0.5857726
0.6450527
0.38253316
1.1256001
0.5016666
0.30406365
0.26230487
0.2629252
0.2692906
0.263589
0.30728784
0.42899436
0.79493564
0.8535778
0.5517249
2.284981
0.5779635
0.3773463
0.29594687
0.34678003
0.4318518
0.2979429
0.53733426
0.74010766
0.69624716
0.48307773
0.36533988
0.30103463
0.23962453
0.22901136
0.27669057
0.26903838
0.27753192
0.2947679
0.31772298
0.70543605
0.86821234
1.1792725
1.4184322
1.4766442
0.44533372
0.48626584
0.38660973
0.446453
0.28937188
0.4297749
0.2700372
0.68218833
0.51360154
0.5462383
0.87836045
0.27573678
0.4137836
0.2995641
0.26613063
0.27049977
0.2688465
0.2974614
0.35552484
0.44140488
0.99998516
1.8346436
1.1791848
0.38407764
0.41375867
0.28879806
0.37949607
0.4707593
0.6425566
0.6573353
1.2869116
0.65954614
0.90717316
0.44878888
0.6114392
0.6543589
0.3789334
0.28171784
0.25005576
0.26830742
0.26660118
0.30770698
0.3816194
0.66403735
0.7568916
0.79937965
0.9345928
0.62534237
1.1816212
0.48932955
0.6646943
0.8271683
1.4688413
0.93508637
0.73772466
1.2113432
0.5656189
1.0327868
0.81312835
0.11534056
0.683077
0.3527249
0.3620646
0.4379697
0.3050803
0.34545258
0.36495295
0.47841755
0.7213218
2.1377673
1.6317844
0.99319726
1.048441
1.0477507
1.3903837
1.3711433
1.5452455
0.83355945
1.109632
1.237619
1.0996134
1.4120061
1.5177981
0.4876578
0.4270226
0.2848491
0.24778634
0.270287
0.28175077
0.3299788
0.42285246
0.47482485
0.59165496
1.159811
0.59514815
0.59030074
0.3953806
0.39672184
0.36137345
0.23600331
0.38287917
0.2941582
0.7251948
1.3370703
0.85011935
0.8365195
0.4030148
0.85137033
0.3732278
0.2600005
0.2712716
0.26179522
0.2677648
0.31114092
0.38817942
0.38129324
0.46299616
1.1260971
1.1422112
0.571613
0.9749983
0.39850608
0.6129937
0.7074555
0.6385133
0.63587964
1.2353072
1.8007063
0.80618364
0.6880216
0.816909
1.1162784
0.383888
0.31438333
0.26866388
0.27613425
0.27244738
0.29272196
0.35925055
0.40633228
0.37997583
0.77484083
1.693652
0.61099327
0.8290131
0.37577152
0.69605523
0.44669315
0.6070627
0.61939704
0.92968446
1.227196
2.0668414
0.6661994
0.80687207
1.2229779
0.49256516
0.41469705
0.32826543
0.28937835
0.2755633
0.2966005
0.3641401
0.42101935
0.6810121
1.3235381
0.009593133
1.3630282
0.5233456
0.510232
0.4261923
0.33383855
0.39300492
0.38889855
0.48943156
0.6357333
0.44800845
1.7323797
0.9731691
0.6995789
0.33727166
0.2983888
0.26250255
0.27370843
0.2792162
0.289574
0.3666807
0
0.56695735
0.888308
0.60685176
0.14014766
0.5038307
0.8574042
0.4665601
1.1494782
0.35156256
0.6091414
1.5258802
1.505884
1.6528522
0.9591874
0.8948314
0.6542025
0.59903115
0.3135537
0.36384383
0.2823943
0.27318206
0.29626575
0.342804
0.44321865
0.6533488
0.3787568
0.74486053
1.5292512
0.36904675
0.28834963
1.0424888
0.43183553
0.49787298
1.0505244
1.1205642
0.49180844
1.1674889
0.7299539
0.37572426
0.32945865
0.33343932
0.27081266
0.26548827
0.27358297
0.27489427
0.30973968
0.346006
0.9527005
0.52168685
0.45957124
0.7977725
0.80389476
0.5301678
0.273781
0.28969765
0.43975252
0.3635848
0.46328312
0.45851746
0.4121006
0.48225355
0.5091738
0.3488535
0.20361397
0.22099039
0.2643087
0.24251544
0.2631082
0.26992524
0.2500341
0.26681113
0.33129954
0.33708787
0.40291542
0.30970514
0.09590468
0.20771205
0.2741803
0.34841254
0.30939686
0.39398348
0.44843706
0.44967312
0.522669
0.5470893
0.50013334
0.40752283
0.4179826
0.58347106
0.23349041
0.2828711
0.2832983
0.28651506
0.2930436
0.32684898
0.47801113
0.54863805
1.8589448
1.5196482
0.23432857
1.0091268
0.30327845
0.42576233
0.25118828
0.45043498
0.35942823
0.49345687
1.2073497
0.47335562
0.5246464
0.72839814
0.67565167
0.3170439
0.2814738
0.26300278
0.27435645
0.27600425
0.32664794
0.36317626
0.42696458
0.77301264
1.3070801
1.8542197
0.4280665
0.78612274
1.0386256
0.7617573
0.5784695
1.0112494
1.0629642
1.3387303
0.5696143
0.7805593
0.4742994
0.87424195
1.6598091
0.7122785
0.32543674
0.24331373
0.29836133
0.28503966
0.31025085
0.3421274
0.38857102
0.61139584
2.201836
0.89797676
1.2841623
0.38320583
1.1840309
0.34906748
0.3363415
0.40542158
0.44548932
0.52601045
0.49000287
0.8409419
0.6126811
0.96000576
0.24082845
0.23994589
0.3821466
0.24725136
0.27473003
0.29052824
0.2861394
0.34567812
0.45990437
1.718167
0.36459538
0.76279175
0.8293603
0.35551578
0.8710791
0.5348171
1.2143558
2.141518
0.9537329
1.102375
1.1941752
0.63393074
0.4971561
0.5827806
0.33984122
0.55964416
0.35584432
0.26519302
0.26909348
0.2702729
0.2922418
0.33814356
0.41574925
1.3072591
0.894404
0.776571
1.0454684
1.1835693
0.90163743
1.1426871
0.5556321
0.5940663
0.670293
1.2370551
0.9563517
0.9984482
0.5557629
0.97463363
0.49653825
0.38901466
0.29502338
0.28888088
0.2893324
0.27762762
0.296296
0.34674215
0.4389939
0.96375316
1.3598394
1.3371497
0.7746454
1.2871803
1.312365
0.93696576
1.453392
1.2428024
0.8545539
0.74193645
0.90671194
0.74700207
0.8124037
0.800409
0.39343396
0.527929
0.2839414
0.277025
0.2889797
0.29734224
0.32736635
0.34590924
0.43201184
0.5800642
0.94551945
0.5355486
0.7499821
0.6810589
0.3800385
0.28038895
0.28563046
0.39776334
0.52754486
0.52787036
0.43320885
0.41582492
0.30906823
0.4574642
0.5443695
0.3636921
0.28264207
0.2735407
0.2680837
0.2668781
0.2633125
0.3007059
0.4028372
0.4483759
1.2936178
1.1443611
0.41850266
0.42651504
0.31022716
0.38829982
0.3029835
0.5106193
0.47864366
0.4758413
0.518262
0.4077303
0.5620297
0.49632117
0.5771605
0.49014372
0.4647565
0.2546596
0.28867775
0.29544753
0.30078387
0.3134637
0.3668163
0.51724166
1.2567285
0.52669656
2.3304148
0.67764306
0.4098541
0.61436915
0.45582294
1.4229193
1.0091323
0.5139052
1.0805523
1.190166
0.6226401
0.93625057
0.4502456
0.5930845
0.27261037
0.29340926
0.2937999
0.2914614
0.29372168
0.33427325
0.39162406
0.8285916
0.9753442
0.72467154
1.0710286
0.3112071
1.0847969
0.85199594
1.6187357
1.1754192
1.8823533
0.6297748
1.0421362
0.95598215
1.1059489
0.84734195
1.3476492
0.4521744
0.24610475
0.27531028
0.2867635
0.28845164
0.2937234
0.3663379
0.39590165
0.9684042
1.070449
1.5303683
0.81678236
0.9943901
0.5966528
1.1267844
0.9446613
2.0541553
1.6435301
0.55954653
1.0444573
0.731673
0.48670068
0.54616964
0.86983967
0.36851135
0.3042556
0.33970273
0.27672404
0.27379155
0.29887587
0.36019245
0.34565574
0.59524035
1.5864674
0.7288666
0.6201474
0.36840883
0.45781136
0.40412393
0.56017965
0.6506435
0.571603
0.38850734
0.7574766
0.6822196
0.5037862
0.3888598
0.37572333
0.3132111
0.26983166
0.25081682
0.27086467
0.27980185
0.2973657
0.34111202
0.39051
0.90273553
0.692262
