0.34047243
0.36787534
0.3828464
0.35327107
0.3957667
0.46946865
0.40360808
1.5312961
0.94999385
0.6153592
0.45201758
0.40480626
0.32471842
0.35773328
0.33493552
0.29539898
0.21778738
0.18749177
0.26939666
0.49843833
0.44425413
0.3940007
0.34827203
0.21450213
0.33040062
0.33456457
0.3398937
0.32161415
0.40489432
0.42112374
0.5462522
0.5386331
0.53175026
0.4702095
0.4513918
0.40414494
0.33218566
0.34572813
0.31507206
0.2799658
0.22946817
0.23942679
0.31129315
0.341741
0.6596067
0.43420106
0.2808847
0.25334203
0.32659516
0.34860682
0.35741264
0.42014152
0.4190851
0.4084693
0.43158054
0.56651056
0.85362816
0.6219039
0.48201552
0.411509
0.36038685
0.35066923
0.32524547
0.29720002
0.25270543
0.22207573
0.28005284
0.37858847
0.41544992
0.46236393
0.350432
0.34822825
0.36146522
0.64655274
0.6073817
0.63370943
0.51310396
0.5174357
0.42496294
0.61716497
0.5403786
0.38378718
0.36005175
0.37039652
0.3469166
0.33763877
0.32120684
0.29966602
0.2288957
0.24590355
0.42919552
0.50576043
0.38941535
0.5938559
0.40227294
0.35147417
0.30433688
0.30381122
0.3528442
0.24744362
0.31617385
0.35699916
0.7577249
0.74812484
0.97194314
0.556689
0.31325385
0.40318874
0.30217457
0.3410269
0.32010725
0.2889081
0.17768735
0.25548783
0.45054972
0.43328387
0.40411973
0.37402123
0.3065261
0.30991307
0.34994903
0.35605952
0.37080702
0.5891853
0.41315863
0.8076684
0.7091318
0.7840053
0.6710961
0.51036537
0.36208177
0.41526052
0.31858888
0.348219
0.3251767
0.30213246
0.22060543
0.27638012
0.44280386
0.501465
0.41646373
0.38769013
0.34817603
0.34824505
0.4002028
0.3568729
0.36350182
0.33675104
0.36351246
0.3739918
0.45666626
0.44267178
0.35179195
0.2691654
0.17042601
0.2648577
0.15010214
0.1952236
0.13041544
0.1477094
0.26330283
0.3324572
0.5206135
0.3393674
0.38483435
0.36349478
0.27985355
0.2644507
0.3598306
0.26717058
0.25225422
0.25628382
0.339523
0.37418953
0.80991644
0.5366961
0.48312628
0.42015475
0.3268862
0.272878
0.20027992
0.22789213
0.18380257
0.17655942
0.1992907
0.24786913
0.39997908
0.4724622
0.28323063
0.4024318
0.31313717
0.3197278
0.2968639
0.25701407
0.24876437
0.39672205
0.39216584
0.49129426
0.41068003
0.38462242
0.44223562
0.39982322
0.26653638
0.27389807
0.21896774
0.21969777
0.1800918
0.20161808
0.22003812
0.3580147
0.37832835
0.31320304
0.31178465
0.26656538
0.2721349
0.36002252
0.3684979
0.3206985
0.33788103
0.33860937
0.39876586
0.5134002
0.7108437
0.62022346
0.42406982
0.28337792
0.20057324
0.235464
0.23685601
0.23584467
0.20402956
0.23355281
0.24561593
0.28405482
0.3768365
0.750226
0.38393885
0.29747725
0.35072306
0.40058088
0.40205386
0.43787652
0.42771235
0.55157804
0.5043658
0.6560989
0.84640783
0.62597036
0.8053621
0.45894438
0.3095608
0.21699518
0.23721981
0.23086265
0.21536955
0.19369614
0.22211266
0.30410323
0.59626114
0.3291565
0.29788527
0.3927293
0.3054143
0.27056503
0.26605755
0.27237904
0.29899088
0.41476998
0.54300296
0.4048566
0.4106599
0.59179616
0.5193061
0.24637869
0.10891473
0.23274782
0.14652395
0.2052451
0.149403
0.1007683
0.19325373
0.3996046
0.46550623
0.33984607
0.2965357
0.25597394
0.2591497
0.35010165
0.32729414
0.2663219
0.28767776
0.4145319
0.57656634
0.3729169
0.37484127
0.56500274
0.8529056
0.44430575
0.36144775
0.34559822
0.20911941
0.22881454
0.19656178
0.16771513
0.16774756
0.3396237
0.55664647
0.3475065
0.532025
0.35863802
0.3377641
0.21112818
0.33562592
0.36894655
0.32825777
0.34754547
0.43723038
0.47963864
0.46362054
0.53219235
0.6251522
0.53258264
0.17696226
0.1840263
0.12792018
0.16698831
0.1353854
0.12592968
0.18250668
0.29759508
0.5169813
0.5421047
0.28603703
0.25394154
0.2356137
0.27965695
0.3913613
0.44073644
0.33122203
0.39156204
0.51115865
0.41010362
0.4541915
0.6137041
0.53133696
0.32794085
0.20574313
0.17575493
0.13204664
0.16849983
0.12794745
0.14517942
0.23347297
0.27451053
0.46642834
0.5068509
0.3156068
0.22363243
0.17143697
0.23351195
0.27806303
0.48718092
0.630126
0.32696334
0.35556296
0.38806564
0.51981217
0.42224035
0.4068687
0.40041432
0.2291964
0.15973163
0.16783977
0.19202486
0.16119969
0.18105796
0.29192555
0.35644683
0.36288667
0.39537206
0.3007311
0.2065348
0.2182228
0.4393722
0.37734348
0.27146173
0.2917164
0.3085057
0.38522768
0.4158846
0.510066
0.4996368
0.3837226
0.2720078
0.16567743
0.16155514
0.20060652
0.18932468
0.16975552
0.14681876
0.2146804
0.3339276
0.35514686
0.34837687
0.37102324
0.29940966
0.50418115
0.4697397
0.2636087
0.58699596
0.58372
0.39063737
0.6142767
0.60720146
0.5976899
0.74742824
0.5871232
0.34119514
0.30711997
0.18638629
0.2144604
0.18476358
0.17226866
0.15588748
0.21687013
0.41676465
0.52542806
0.38014764
0.29570878
0.2789347
0.21560696
0.18684602
0.32431397
0.32285857
0.30844268
0.32295874
0.31611466
0.44723278
0.4288539
0.5256969
0.43098503
0.25273347
0.13189504
0.20808321
0.09939504
0.16543314
0.13468051
0.10566375
0.10356504
0.36479387
0.54473877
0.35524988
0.25797647
0.22737956
0.21808198
0.25055632
0.29776153
0.31008932
0.3977432
0.36682728
0.34912542
0.30039328
0.44221967
0.37147772
0.48308834
0.39925867
0.20743969
0.18522555
0.071992874
0.15653768
0.11943442
0.082072765
0.16910896
0.3744739
0.5436174
0.49588042
0.26523563
0.238256
0.20458639
0.1888605
0.29614985
0.30132616
0.29548752
0.4386797
0.8460181
0.45615724
0.6956306
0.5395201
0.38742816
0.23917085
0.18360183
0.19117376
0.17167023
0.15257338
0.14080876
0.13709638
0.15561447
0.3574575
0.4992219
0.5021617
0.25346047
0.2157048
0.2045685
0.21066701
0.30312765
0.26886696
0.26944888
0.44279143
0.5656695
0.56977427
0.4784172
0.71682435
0.43545064
0.2984299
0.22371769
0.16538626
0.18345818
0.1742498
0.15656671
0.1639871
0.2236785
0.33637348
0.53283036
0.4370737
0.2732099
0.17982
0.21326336
0.2942604
0.30355668
0.29711378
0.33847806
0.33453774
0.5540568
0.44412556
0.5605967
0.55574673
0.43484262
0.34102312
0.21205568
0.15905431
0.18727511
0.17337653
0.1651429
0.1690892
0.18692002
0.2427896
0.41053128
0.366925
0.31106552
0.3610934
0.28077945
0.42859063
0.3813965
0.32302827
0.3785588
0.3833924
0.44029236
0.31456634
0.5908828
0.58759004
0.60451686
0.56604624
0.21083075
0.1631881
0.21275619
0.17051756
0.1530608
0.17071116
0.23792732
0.30504596
0.36277783
0.3488736
0.31171784
0.27961245
0.46170864
0.41632906
0.31016186
0.40047407
0.33540612
0.5155191
0.5553576
0.4032261
2.5568306
0.56054604
0.42199874
0.3124086
0.19841367
0.16542208
0.17895198
0.16790774
0.16148672
0.1622718
0.17558983
0.3812042
0.52434283
0.28497875
0.3803459
0.39954758
0.34238932
0.5192139
0.70459515
0.56748825
0.50342983
0.42224792
0.28610203
0.5427884
0.31948432
0.24750832
0.44547004
0.44440892
0.11925486
0.18084538
0.115252644
0.15550688
0.14671561
0.13708133
0.18311894
0.4048885
0.503599
0.25544733
0.20506334
0.20832139
0.21075383
0.24714848
0.28039744
0.30611342
0.29014456
0.3276456
0.3156731
0.20350644
0.56104237
0.47327942
0.36886624
0.33851036
0.1842615
0.16614884
0.1518037
0.16148192
0.14629582
0.12815976
0.1708267
0.36596552
0.52249295
0.3404611
0.21970496
0.18767768
0.18386656
0.17159125
0.27759868
0.19487396
0.2599357
0.276434
0.4131443
0.3783721
0.59363985
0.50365424
0.36088008
0.26807424
0.23480159
0.17111576
0.17022347
0.15241116
0.13552347
0.11252338
0.1269679
0.2794118
0.35706446
0.29951313
0.21424168
0.20383745
0.19313696
0.2021941
0.28824443
0.254191
0.22156367
0.4932493
0.50839984
0.5318192
0.40158528
0.5786416
0.43668392
0.34046495
0.23561704
0.1392999
0.18601564
0.1703155
0.15793559
0.15869325
0.2009142
0.36340192
0.39021888
0.5063926
0.28623733
0.1659689
0.21901116
0.29914066
0.44237047
0.46852043
0.321915
0.3369714
0.33651924
0.46451315
0.55095494
0.43092453
0.311993
0.28378928
0.20527005
0.14339975
0.18214673
0.17609474
0.16940051
0.17676139
0.18087447
0.2824497
0.37190428
0.36236173
0.3093995
0.28172976
0.38306755
0.2776196
0.376701
0.31914434
0.26642478
0.2614825
0.4229467
0.6415472
0.49573663
0.48068494
0.39973155
0.28023663
0.1541076
0.102541625
0.19907352
0.17669246
0.15643501
0.15830144
0.1108385
0.25174215
0.4367532
0.33974618
0.38665786
0.30673754
0.43088126
0.29850215
0.66199994
0.29939368
0.45624834
0.45475867
0.5306146
0.71891946
0.5776346
0.5524869
0.4335982
0.378663
0.20216647
0.07422289
0.14518312
0.14482906
0.11673671
0.10800606
0.09536418
0.3490743
0.5565152
0.40655956
0.29923218
0.25122666
0.19574204
0.12596175
0.18819621
0.33583313
0.35883388
0.44911903
0.5112057
1.4985391
0.5247221
0.3888545
0.23927993
0.13692492
0.19140026
0.22609735
0.14538968
0.14161381
0.13870925
0.115531266
0.21967298
0.3619801
0.25739992
0.2068063
0.3095869
0.21554458
0.20784286
0.17584363
0.22579482
0.55333614
0.4788389
0.2908089
0.41693404
0.4395699
0.4617282
0.44916236
0.42658803
0.43997216
0.21751466
0.15153632
0.20008108
0.15828922
0.16946581
0.16094282
0.18472776
0.39973727
0.54883146
0.3043512
0.23970866
0.18545982
0.22390112
0.18211022
0.2730128
0.2987554
0.30087468
0.7502505
0.6032075
0.5679769
0.7169058
0.5794549
0.2926869
0.21382147
0.21613231
0.20075056
0.14885959
0.1443601
0.13778183
0.12261003
0.14325657
0.43467575
0.5980357
0.32775387
0.25587353
0.1963042
0.19947118
0.19862413
0.37356383
0.31386945
0.32239506
0.40430963
0.4103677
0.34923732
0.4684963
0.4498647
0.32921103
0.26788384
0.2315988
0.1624363
0.15125778
0.15819639
0.15322751
0.15277141
0.15770757
0.2681193
0.41669258
0.40651476
0.2825642
0.16786817
0.18763435
0.25949252
0.5565009
0.53887665
0.30365986
0.5093477
0.4573816
0.47004506
0.434991
0.469493
0.50269777
0.522542
0.29465556
0.1597485
0.17898375
0.15689167
0.14652896
0.14795989
0.16000688
0.22193855
0.38790104
0.38097605
0.27304843
0.23208576
0.23798454
0.29658914
0.29941067
0.33031467
0.27611744
0.24800014
0.50113124
0.43230367
0.44528252
0.47465616
0.3712437
0.381677
0.22182018
0.160258
0.1839666
0.16289014
0.1578162
0.15641218
0.18669674
0.26727214
0.5553311
0.469488
0.4481601
0.60640585
0.391735
0.37239882
0.39129812
0.72215617
0.6573595
0.48507842
0.5903832
0.6137449
0.58529353
0.8369835
0.41176277
0.1476359
0.22710633
0.13167098
0.14775026
0.16592965
0.16318256
0.16850567
0.19607875
0.3749591
0.4958288
0.4730541
0.3368358
0.19500896
0.20593181
0.15772372
0.27234313
0.39479864
0.42700246
0.39065808
0.29771084
0.5440437
0.5573315
0.7907497
0.49632248
0.18971428
0.23118597
0.16105303
0.13677296
0.15243384
0.1529659
0.13904566
0.17815703
0.45593497
0.506286
0.36027002
0.26600477
0.21259058
0.22014862
0.22510666
0.18209633
0.19791296
0.3375467
0.28906694
0.4753433
0.35596204
0.43398598
0.60771084
0.41005886
0.33843705
0.24041578
0.19571441
0.14498356
0.14973053
0.14226839
0.12776977
0.12745366
0.31334737
0.44440696
0.38351947
0.25755537
0.24765241
0.25422794
0.22357142
0.2257067
0.3242821
0.31107816
0.48536816
0.49126285
0.25392562
0.5819642
0.60711944
0.39060166
0.28557435
0.18814465
0.14611316
0.13907343
0.15088561
0.13773718
0.14334586
0.17387167
0.44211447
0.56503683
0.40570745
0.24030608
0.1900835
0.15235838
0.18434358
0.22925404
0.28211787
0.31268466
0.6108106
0.5044288
0.5309077
0.60674626
0.46809098
0.41176465
0.35507888
0.25547898
0.16070586
0.14876014
0.1556344
0.14852682
0.15672767
0.17996898
0.3157683
0.336026
0.3640277
0.27813226
0.16786999
0.20796129
0.27337253
0.33070844
0.4347006
0.2552091
0.4291037
0.5039974
0.5298166
0.45555392
0.4505327
0.50503886
0.37435517
0.22206002
0.15248373
0.16206813
0.16362396
0.15421802
0.14944807
0.17731416
0.24216187
0.3061915
0.4602488
0.275633
0.18272159
0.27526352
0.25690994
0.2762295
0.2939984
0.36277556
0.4178697
0.35114923
0.50633776
0.45938063
0.4333377
0.42176965
0.31542957
0.14805666
0.10568118
0.16382492
0.16381851
0.15645203
0.18405929
0.21083546
0.2727353
0.5002938
0.37817508
0.29664555
0.3442699
0.38576394
0.3248379
0.38705897
0.29709357
0.33226427
0.53801495
0.7058499
0.46569213
0.47305882
0.5516033
0.49066463
0.3511472
0.22268936
0.12426329
0.14975235
0.16588393
0.10511771
0.11902648
0.1184814
0.18991932
0.087720126
0.37999126
0.51340425
0.2524399
0.19746655
0.15273914
0.20214853
0.3182114
0.3405754
0.4404877
0.33118525
0.8387615
0.3775054
0.6268698
0.3136459
0.33181217
0.38273448
0.2372191
0.17667645
0.15050972
0.15510604
0.16371027
0.17901307
0.31217173
0.36517623
0.29233903
0.27761713
0.23585173
0.23958907
0.2331996
0.24503335
0.47212312
0.32593426
0.4166491
0.4992964
0.26336238
0.40680945
0.709293
0.5796053
0.3860846
0.27866367
0.15487906
0.1565257
0.1586267
0.14950907
0.15107885
0.17428955
0.4993412
0.54254687
0.38193685
0.29074344
0.21202761
0.21189994
0.21998343
0.22582039
0.30698764
0.38649398
0.46246934
0.41695136
0.35547316
0.5486445
0.48603514
0.36693656
0.2425952
0.15805584
0.14325848
0.13047323
0.15119445
0.14053378
0.14634567
0.21639493
0.4335881
0.45923463
0.3138299
0.34122384
0.3025799
0.17014676
0.23723358
0.26987383
0.20237276
0.24099314
0.35312617
0.38255382
0.3320079
0.558254
0.5531026
0.41042703
0.37733096
0.29148343
0.1872887
0.1871849
0.16197515
0.14907959
0.16011426
0.16947794
0.27563345
0.49592063
0.47184387
0.2360585
0.1782799
0.23419681
0.26862592
0.22148174
0.30435514
0.38369638
0.35279682
0.40536603
0.5204945
0.6454484
0.45549446
0.58705163
0.3763296
0.24569556
0.13835067
0.18235844
0.16689867
0.15780115
0.16865936
0.197961
0.22903389
0.21164489
0.4582853
0.3505316
0.23122668
0.3723746
0.38036567
0.3673016
0.40884706
0.49287182
0.35930085
0.4248586
0.6194808
0.38424012
0.35757592
0.6086316
0.36114225
0.17392218
0.13371637
0.17053443
0.16046375
0.16149807
0.17304987
0.23080447
0.29111475
0.4123004
0.48739612
0.43036056
0.57697177
0.3623179
0.63033575
0.43890747
0.40063417
0.4030586
0.36892563
0.49144557
0.33013058
0.50577664
0.4663091
0.37292105
0.20507702
0.14427024
0.17667124
0.14093947
0.16714382
0.15808964
0.15015927
0.13878348
0.30339178
0.33086047
0.3370066
0.37206772
0.4534247
0.24766237
0.30729744
0.5562349
0.3993811
0.25570887
0.43309405
0.3940516
0.38628256
0.5792903
0.62285787
0.25408804
0.21214095
0.59016556
0.21740764
0.24777564
0.1636973
0.16594231
0.17948166
0.16960117
0.27193472
0.4721112
0.40730783
0.28358245
0.24764237
0.2584998
0.27510023
0.24427715
0.3432513
0.40743476
0.37206712
0.44294056
0.5671375
0.8050992
0.9084457
0.27847075
0.443799
0.3139895
0.14821559
0.14271218
0.15697742
0.14524186
0.14569658
0.1632483
0.4550634
0.6465145
0.358706
0.28926608
0.20716196
0.24228844
0.23683167
0.285043
0.35874656
0.3680131
0.3425177
0.6398034
0.38731286
0.6913775
0.41197345
0.25504288
0.20391387
0.13309881
0.19188315
0.16140798
0.15014794
0.13225785
0.14614508
0.18000177
0.45486972
0.6898905
0.2945495
0.3057874
0.14020735
0.3217762
0.41863376
0.17229927
0.053572122
0.4138459
0.3639779
0.28949627
0.48372218
0.58098435
0.43334183
0.34011167
0.28631854
0.2160359
0.16768149
0.17789647
0.15810499
0.14001146
0.15575275
0.16844627
0.35372895
0.5868688
0.43070677
0.23734015
0.18146002
0.22535357
0.17842421
0.20599717
0.30316487
0.18426928
0.32778963
0.37884104
0.65332824
0.35422662
0.4963208
0.4286078
0.28774276
0.2297115
0.109035075
0.128768
0.14431155
0.14242426
0.16225645
0.22205791
0.2679406
0.38452435
0.36950138
0.2072365
0.2233294
0.21479616
0.41066906
0.27707186
0.26551145
0.3296274
0.41659677
0.4084243
0.32361403
0.31554073
0.4686026
0.38415682
0.29611787
0.15262166
0.09540856
0.14155856
0.1425637
0.14357328
0.17111847
0.23628905
0.27058467
0.48216653
0.31645936
0.60016143
0.3706003
0.50136423
0.40774015
0.32520977
0.39928398
0.43386713
0.55972475
0.6299862
0.34188858
0.34215593
0.5334033
0.49218404
0.35067695
0.18152356
0.14197496
0.10126507
0.14000529
0.13132074
0.13691512
0.17091817
0.37477016
0.46427128
0.30930823
0.44747517
0.22646886
0.2818509
0.21799305
0.23609123
0.25813743
0.35392565
0.31429586
0.3581527
0.5186704
0.38665766
0.681491
0.40131816
0.37629536
0.24009624
0.24241489
0.14886034
0.16473517
0.15344095
0.16149545
0.14378282
0.3654003
0.48081094
0.28463826
0.20691681
0.17529222
0.20947129
0.23368368
0.33627206
0.19848543
0.279587
0.42328003
0.37757584
0.65186787
0.6029955
0.8901286
0.4308761
0.37297842
0.18150997
0.13746789
0.13214776
0.15659657
0.1356928
0.14334726
0.18337944
0.48087984
0.4309691
0.2935282
0.2857654
0
0.24275821
0.15259737
0.2459591
0.24923325
0.27673864
0.46474406
0.56951684
0.29094177
0.43607312
0.41774186
0.36726272
0.30083716
0.24947512
0.2217075
0.17625055
0.1656293
0.1662401
0.21744078
0.32243323
0.6197447
0.46279934
0.3533139
0.21946949
0.25811568
0.22329631
0.2608158
0.34279725
0.26053262
0.24407655
0.40671137
0.3191479
0.33291736
0.6333207
0.4460873
0.3739089
0.6106147
0.28814498
0.18182188
0.1880559
0.17144433
0.15332833
0.16138595
0.21028769
0.4074233
0.55333835
0.3977679
0.2332558
0.20522606
0.4127117
0.44288865
0.34677902
0.21880183
0.20328149
0.43490398
0.4277812
0.48335764
0.3078134
0.40020353
0.33041844
0.27485108
0.1992319
0.16130242
0.19918638
0.14850217
0.16016158
0.19622183
0.22632346
0.29330587
0.6737261
0.25515798
0.4603074
0.38412213
0.26174316
0.39690796
0.29939136
0.32462695
0.3969766
0.31750762
0.5275047
0.37662095
0.5014023
0.52379376
0.4294556
0.2944244
0.22548422
0.12936738
0.17869884
0.16767922
0.18715617
0.20254716
0.22683501
0.3318758
0.57279634
0.53726006
0.7865469
0.45748687
0.5277674
0.44750622
0.38013723
0.47718665
0.6352317
0.3802031
0.53349984
0.81878823
0.45860988
0.374583
0.35415727
0.29682812
0.23754606
0.18406445
0.14686006
0.17651963
0.15842977
0.16420043
0.16479364
0.40622446
0.37280428
0.28502557
0.5407799
0.26991817
0.20780215
0.2444782
0.29055405
0.36893377
0.24793124
0.3293522
0.5349631
0.63727516
0.5681501
0.4356852
0.54123324
0.5097271
0.26355526
0.30634245
0.1795918
0.18101776
0.17232397
0.1875543
0.17598927
0.37014365
0.40914297
0.3021465
0.34583488
0.24563098
0.2861157
0.4361177
0.397333
0.44351056
0.3476335
0.34997055
0.44796723
0.49956256
0.3891334
0.523219
0.5601582
0.54436105
0.24385211
0.20589939
0.16544595
0.17664978
0.15454936
0.16478834
0.22184947
0.49568376
0.6479736
0.41911906
0.26487908
0.20099783
0.20331493
0.27842054
0.36120218
0.22446242
0.56487197
0.6983091
0.44881025
0.56498384
0.44592795
0.48476085
0.40708905
0.42959687
0.23365232
0.14342913
0.15643284
0.17988342
0.16967025
0.2292206
0.36907074
0.5034794
0.3043846
0.43042883
0.42641202
0.22803783
0.32566577
0.31685755
0.34414682
0.24078643
0.24466205
0.39168382
0.30278668
0.44345772
0.41975528
0.48012584
0.3997169
0.3397241
0.23776963
0.24207115
0.21426576
0.19459614
0.17152351
0.1897121
0.25145975
0.47976884
0.36097786
0.25945172
0.29611146
0.26051015
0.38562465
0.24150193
0.6532568
0.23746818
0.23367822
0.30093727
0.35785577
0.3515438
0.30398652
0.37261257
0.36343196
0.2778037
0.25061122
0.15992007
0.19063199
0.14998356
0.16423112
0.19943148
0.24964708
0.30885753
0.47739488
0.38501748
0.3107022
0.30026025
0.54842776
0.4452581
0.2161659
0.29417688
0.31312126
0.27432877
0.3812263
0.4817572
0.3056658
0.44863155
0.38099474
0.3030926
0.24935079
0.16783059
0.17181164
0.13359228
0.17911193
0.21064213
0.22084928
0.23666313
0.35456094
0.45071426
0.6405265
0.50921
0.29782927
0.17287406
0.45157906
0.3592962
0.31456116
0.47826844
0.37438154
0.7035962
0.43826768
0.37542072
0.44720405
0.34418613
0.28799438
0.18501174
0.14618966
0.17670164
0.15212768
0.16453385
0.15986851
0.28913435
0.27058154
0.46935496
0.44437787
0.30521086
0.23511347
0.2332798
0.22709435
0.2738745
0.36564335
0.29250595
0.2046924
0.37639388
0.43027636
0.3807302
0.401296
0.4215156
0.21233332
0.16093814
0.13964221
0.17299002
0.16871294
0.15915638
0.18017605
0.3383222
0.3149479
0.3321925
0.30064145
0.20948198
0.26876494
0.30313078
0.26316315
0.1375036
0.26801178
0.3140857
0.5511096
0.37370372
0.26093513
0.50535774
0.36214754
0.35880756
0.25427774
0.21039304
0.14350864
0.18469015
0.17452541
0.20590249
0.18737987
0.37788165
0.4017973
0.34057388
0.3956966
0.31027326
0.22148201
0.22058985
0.3522927
0.18232223
0.29476562
0.3807156
0.47876793
0.31162223
0.31421545
0.3661698
0.35201406
0.3000007
0.18676159
0.23349929
0.17409223
0.1756922
0.16124853
0.17115742
0.15546143
0.47372422
0.57079476
0.285172
0.19089952
0.2391116
0.17855313
0.18035504
0.15979001
0.33734962
0.25190857
0.46923694
0.5648018
0.28164572
0.46328402
0.46199515
0.6372442
0.3776956
0.23290414
0.20653766
0.18039176
0.18348014
0.15675414
0.17535192
0.24630404
0.37168056
0.39741582
0.4437515
0.21737725
0.2510257
0.34199423
0.29952577
0.34380138
0.23613572
0.22973347
0.30339435
0.4060583
0.41651106
0.2750761
0.36598733
0.37105682
0.27054235
0.21620727
0.1301566
0.15729454
0.14370045
0.1534523
0.18041882
0.32723278
0.37742352
0.47181115
0.46178955
0.24712443
0.23329717
0.5687184
0.35401717
0.421811
0.15673196
0.07397771
0.18440348
0.31327823
0.16771042
0.5627927
0.34418198
0.39063746
0.33242086
0.18135214
0.17199245
0.13504535
0.15545511
0.15789917
0.18960473
0.1443263
0.16941622
0.21661675
0.4728624
0.43344396
0.58779615
0.33144125
0.41415775
0.5827345
0.3982605
0.4032005
0.4807657
0.47894683
0.5703656
0.4408218
0.41039315
0.3289865
0.23794353
0.198591
0.17210689
0.15435705
0.19502366
0.16733816
0.1744552
0.15202364
0.29484192
0.21354532
0.40753764
0.4685216
0.22600973
0.17769325
0.17123887
0.16175383
0.37064895
0.21723896
0.50111
0.32872665
0.3696899
0.28014755
0.33954328
0.38693726
0.3823048
0.20116207
0.45594144
0.25138465
0.18776268
0.1767011
0.18302894
0.1538721
0.33201125
0.38897723
0.28712383
0.3056008
0.21122822
0.21887127
0.37439632
0.28652853
0.31981346
0.31489927
0.36856872
0.30799264
0.39677927
0.5462522
0.5781287
0.37181595
0.3627844
0.21705624
0.13901222
0.13381678
0.15991679
0.14157137
0.15258747
0.13189751
0.38487217
0.24701783
0.29269615
0.43196297
0.20398003
0.21106258
0.3075388
0.43114525
0.1980921
0.33490178
0.34251574
0.35401666
0.2213915
0.39517045
0.3524684
0.33731014
0.38883522
0.213839
0.16569343
0.15338811
0.17049909
0.14973867
0.15767029
0.19781908
0.3166396
0.47200343
0.20191899
0.34536433
0.21841183
0.21258104
0.19596618
0.42644328
0.37602186
0.29602545
0.33467263
0.4091558
0.5791615
0.3936795
0.51276284
0.39858708
0.33413962
0.21840572
0.1876742
0.17842495
0.16909572
0.14571184
0.1624867
0.24428958
0.39316642
0.35867667
0.17340824
0.20280862
0.20382094
0.2648915
0.14803237
0.25828567
0.36153057
0.262304
0.3128462
0.30249593
0.3769708
0.2881055
0.41738388
0.43670413
0.3023478
0.23715577
0.15201065
0.166812
0.13999948
0.17364642
0.19441423
0.35275456
0.31652972
0.42088854
0.20772806
0.21214059
0.27176395
0.41448054
0.46263823
0.24565434
0.27632123
0.53850925
0.17158988
0.31202042
0.60679686
0.27246714
0.35273233
0.5182116
0.3733359
0.21188417
0.1644581
0.19435477
0.17242104
0.1623474
0.21753466
0.25231746
0.27617598
0.34557837
0.4102327
0.4040113
0.37394786
0.36531
0.22519231
0.26758638
0.4718409
0.43244442
0.34229225
0.49467018
0.5190572
0.47987092
0.3496124
0.30491322
0.28003916
0.27023053
0.19115487
0.14337045
0.17664856
0.18076509
0.18036696
0.1451773
0.26731876
0.33291635
0.28239864
0.534003
0.23853797
0.28104633
0.23730227
0.28660065
0.264492
0.2606715
0.2558263
0.5273057
0.5119111
0.41377196
0.46510118
0.36163083
0.36629385
0.14912903
0.15253332
0.13769749
0.1681031
0.15751055
0.150958
0.18876934
0.33789548
0.39307708
0.24287197
0.22833046
0.18972746
0.18036777
0.19572946
0.2227228
0.23043573
0.43259412
0.37109813
0.44389698
0.34108186
0.5929206
0.57693267
0.45958886
0.43678978
0.3089735
0.17833522
0.15754429
0.17381763
0.15682632
0.15529102
0.18156028
0.31733197
0.45044684
0.30951756
0.3186309
0.21350452
0.27376756
0.14866394
0.21201196
0.264887
0.397534
0.21469676
0.4274773
0.36548245
0.5129654
0.34419298
0.3502019
0.35213462
0.19211581
0.139952
0.14769697
0.16397628
0.12829643
0.13779864
0.14935654
0.3183765
0.3926886
0.2020356
0.29923773
0.17650402
0.19058305
0.14712536
0.15561628
0.18538442
0.22578761
0.40278986
0.36033815
0.6281509
0.47983858
0.4846134
0.3949053
0.3145656
0.19281125
0.1625565
0.16895926
0.16388962
0.14252576
0.14803737
0.17042688
0.33629358
0.5823897
0.13865393
0.22331747
0.18334657
0.23787004
0.19841483
0.21578625
0.23729986
0.2587627
0.4078598
0.55178404
0.3496764
0.44648972
0.46848902
0.41170424
0.29488122
0.23049518
0.15478498
0.13418481
0.13921848
0.14116174
0.13632563
0.19830811
0.1663506
0.30695215
0.41342393
0.35737243
0.29228994
0.17003596
0.3693627
0.22927722
0.22378597
0.27235708
0.3758451
0.3538256
0.41706398
0.34839395
0.5893243
0.55202365
0.36553815
0.25619563
0.16915804
0.18971473
0.15736195
0.14311728
0.17793658
0.18156037
0.29815084
0.2728344
0.22545055
0.35202068
0.41957992
0.43644714
0.1809918
0.5310826
0.35834348
0.6510192
0.41739798
0.4869377
0.4398085
0.98668116
0.39584696
0.27532926
0.1361874
0.09571928
0.1975599
0.21019143
0.15277049
0.15230486
0.13244548
0.15155667
0.4435035
0.5464658
0.37469628
0.2276184
0.2110165
0.21700689
0.24702752
0.21121383
0.23603445
0.21765077
0.1565113
0.3332135
0.316444
0.5063324
0.3828287
0.3918965
0.42838275
0.27499977
0.13806754
0.13894889
0.15596667
0.14672002
0.14814061
0.15638414
0.3618598
0.32778373
0.26839945
0.2158162
0.22697553
0.17916524
0.24354145
0.2650447
0.2574273
0.33401915
0.276178
0.35033575
0.8489189
0.39238796
0.47144544
0.3389177
0.22139302
0.33856598
0.23576936
0.16092092
0.16737726
0.15205279
0.15399817
0.18773076
0.38253286
0.3529498
0.36274898
0.41594097
0.21769053
0.26853737
0.30826283
0.27506846
0.19930488
0.25112954
0.24313998
0.46568203
0.55740464
0.42382917
0.51707476
0.38352385
0.2782257
0.15211055
0.18536726
0.18035847
0.17709705
0.14811707
0.125554
0.15118659
0.39624235
0.28573444
0.31003165
0.39791748
0.21646008
0.20783398
0.21100706
0.43327183
0.29152575
0.19328672
0.35237738
0.24334508
0.3754602
0.50696707
0.4234543
0.40524998
0.4117597
0.25441036
0.15166622
0.19638759
0.1628213
0.15192112
0.13034055
0.18214336
0.3313561
0.31035998
0.17754936
0.21123287
0.19740197
0.23684096
0.21569413
0.26786304
0.24264479
0.24816674
0.3493557
0.3874568
0.36983022
0.2557913
0.4399198
0.39609918
0.32814217
0.23441619
0.16872784
0.16071126
0.13857687
0.16931814
0.17137685
0.30784693
0.32250413
0.23018095
0.22312385
0.23188639
0.26816693
0.3603667
0.2936782
0.3211391
0.22056252
0.27510017
0.31087568
0.29917955
0.42474577
0.3181387
0.29763958
0.35954958
0.30713952
0.16357613
0.1824992
0.16919637
0.13576412
0.17553085
0.13577119
0.12721962
0.15470523
0.13153711
0.42110384
0.3850138
0.4077255
0.21205387
0.33366725
0.40851146
0.30326006
0.25052163
0.38506272
0.27804276
0.4737896
0.33957112
0.31276774
0.3262048
0.27014488
0.3035987
0.26330844
0.20191571
0.16940016
0.17450592
0.19435635
0.14424267
0.20047668
0.23979124
0.22078893
0.40662265
0.24463749
0.16650271
0.15495533
0.16937724
0.27940094
0.23829338
0.29034168
0.42288584
0.5886243
0.45254338
0.40820473
0.41579738
0.37390396
0.18633962
0.15659738
0.16675928
0.17945388
0.17881522
0.16464588
0.18801293
0.2633392
0.24657986
0.3059121
0.20942345
0.2137492
0.27159163
0.12961864
0.4105085
0.40789056
0.35977992
0.22625619
0.35408834
0.26357037
0.3311504
0.43485948
0.44392556
0.33007854
0.25571185
0.4746094
0.23696521
0.20063865
0.18814772
0.21439606
0.2732554
0.27250946
0.2675141
0.31389904
0.2569413
0.21951243
0.17897075
0.20395568
0.2542802
0.23481706
0.20092133
0.30768692
0.31095093
0.48460636
0.66042215
0.5572581
0.36791378
0.31459084
0.19465241
0.13860244
0.16044465
0.17368886
0.14061129
0.1387651
0.11830196
0.3229394
0.43368673
0.16649035
0.44147477
0.2382451
0.19245455
0.24602172
0.2822502
0.2684742
0.25354522
0.34479395
0.321834
0.41279894
0.6200484
0.40276036
0.52965343
0.37498596
0.25132146
0.15234974
0.199723
0.19644329
0.18097195
0.18766385
0.21962383
0.45101088
0.31461883
0.19750464
0.17816284
0.19298443
0.2109113
0.32327706
0.2643912
0.3452943
0.28862396
0.28507107
0.35598552
0.3929174
0.327391
0.3516909
0.31374782
0.29572192
0.3511581
0.22158083
0.20845947
0.18844277
0.15761235
0.16757053
0.18302187
0.24119097
0.27802116
0.18264997
0.17006955
0.21314436
0.29062057
0.3599975
0.43581787
0.37491208
0.3509919
0.32507154
0.34243023
0.33594328
0.48949483
0.33419922
0.36089128
0.28657803
0.24642238
0.16664934
0.19714323
0.16252816
0.15957391
0.14200905
0.187675
0.25871244
0.5183177
0.64788914
0.64522403
0.59813184
0.3219869
0.3401245
0.34220994
0.3102656
0.29888552
0.5831944
0.7694548
0.7034937
0.6160137
0.5158861
0.5176422
0.38296685
0.1378037
0.17972463
0.14485589
0.17141989
0.17306456
0.15841937
0.2921404
0.5393107
0.34000242
0.25761068
0.2511064
0.21785426
0.17740002
0.17251977
0.23569754
0.31306562
0.22807622
0.13842985
0.2466107
0.3235252
0.57866955
0.3826361
0.4133308
0.4013636
0.2859005
0.1641118
0.1498515
0.1673652
0.16632771
0.18529469
0.108597666
0.3638061
0.22664809
0.26990363
0.3627534
0.28685302
0.23717582
0.3049143
0.27468336
0.23529133
0.24715924
0.3936784
0.46739453
0.33512112
0.9504362
0.4659706
0.30896622
0.26322076
0.16966692
0.1352911
0.13910595
0.16240251
0.15623546
0.158398
0.31456807
0.47302088
0.14193344
0.36396205
0.24409446
0.13900712
0.22746485
0.119582385
0.22003978
0.2447725
0.23701158
0.39030236
0.5020987
0.42123944
0.3655681
0.54737157
0.42394108
0.36357337
0.18843701
0.15365908
0.16466522
0.17940202
0.15661469
0.18767035
0.26587194
0.40768787
0.5826361
0.21194634
0.22322753
0.26295996
0.17839128
0.19493508
0.23009276
0.21462086
0.28923708
0.43657044
0.36403817
0.40276638
0.42988905
0.39106792
0.37236044
0.24078637
0.25363886
0.1869803
0.13617003
0.18654996
0.16705084
0.16983789
0.24358347
0.56990534
0.2801225
0.21887046
0.27631658
0.20574647
0.22548756
0.21807253
0.22501418
0.22206932
0.21379784
0.33379188
0.32202607
0.31306794
0.6236161
0.44020358
0.35878813
0.26357824
0.28841972
0.19390786
0.16184211
0.1887671
0.16948107
0.18160397
0.16248196
0.36146492
0.45920357
0.22269642
0.26911923
0.24949765
0.5499902
0.22515523
0.24460402
0.30795193
0.7319859
0.2909052
0.34810916
0.43410107
0.35654855
0.5296638
0.57029295
0.44782758
0.32992294
0.19632515
0.284043
0.17939126
0.17227796
0.20089588
0.224264
0.24661222
0.24329427
0.27741006
0.29239893
0.4348696
0.36102664
0.39800763
0.27981094
0.27991134
0.3337441
0.35686138
1.1164464
0.72039956
0.44425943
0.58661747
0.5489071
0.4285683
0.24256349
0.15753332
0.15415028
0.16390997
0.15905002
0.1659607
0.16000026
0.22445884
0.088813186
0.4283339
0.2284793
0.1915935
0.17130873
0.13672587
0.31010225
0.3772568
0.26504236
0.28041112
0.38186675
0.4457719
0.5938261
0.45551133
0.3880892
0.2929377
0.17775759
0.13317704
0.15417215
0.16600707
0.16255498
0.17699179
0.37057573
0.3805542
0.20137799
0.3161074
0.3099793
0.43986142
0.3288358
0.3373768
0.3233902
0.2836211
0.29450557
0.35038564
0.4185462
0.39750567
0.43430865
0.66412735
0.3886837
0.33311027
0.13827461
0.12751523
0.16596293
0.16889164
0.15889362
0.16926992
0.42509934
0.44252482
0.15982229
0.2727941
0.39658463
0.13153821
0.20472947
0.29492915
0.2584867
0.2263177
0.25693867
0.33590192
0.45605713
0.38305134
0.51284266
0.62232643
0.36013952
0.36526936
0.1529896
0.13304365
0.16044405
0.162707
0.16046542
0.20185152
0.42785296
0.40849409
0.4351854
0.1950329
0.6970683
0.22895515
0.16647726
0.17283684
0.20050976
0.208722
0.25754118
0.31294858
0.33603737
0.45971245
0.438349
0.35712
0.42009795
0.4207435
0.3088945
0.21687835
0.16000623
0.17769971
0.15844518
0.20259377
0.26239023
0.24516445
0.32096487
0.190478
0.21887708
0.20613718
0.34420374
0.32592723
0.17492455
0.17570049
0.26983953
0.34263715
0.34522307
0.3842402
0.33791816
0.48469672
0.473585
0.31335136
0.1978699
0.20338902
0.16572803
0.16037855
0.13286602
0.121212274
0.20960349
0.3274961
0.29063562
0.26611432
0.20496401
0.21766588
0.2568829
0.31294268
0.23696855
0.2905698
0.31174138
0.29905742
0.32703772
0.3315749
0.3223691
0.28753242
0.5518459
0.3760068
0.2743567
0.22999868
0.209984
0.19039306
0.21104783
0.25143635
0.29108182
0.2925778
0.27936953
0.3013261
0.32767424
0.37117708
0.3136863
0.48433203
0.30771512
0.39257875
0.4507083
0.3241626
0.32544053
0.40174887
0.3656214
0.54408115
0.47569126
0.4102688
0.29744613
0.26683855
0.17734593
0.19750085
0.18935826
0.19941017
0.19123158
0.20186716
0.31977972
0.36806116
0.33108994
0.1883449
0.07724756
0.34570175
0.1500015
0.26498377
0.31641173
0.32275409
0.5878256
0.30315804
0.5324172
0.34202155
0.37920988
0.21511772
0.19942361
0.17711058
0.1739757
0.17863455
0.19717893
0.20010558
0.2240965
0.35337234
0.32520148
0.3168801
0.20877552
0.20383033
0.24506316
0.2654136
0.20431936
0.23795176
0.20374739
0.28919446
0.40008312
0.5990015
0.46432427
0.58260626
0.41493058
0.31568033
0.21225211
0.16137627
0.16654626
0.18171695
0.18909296
0.19769731
0.19204208
0.34575003
0.25161782
0.32178703
0.30952924
0.20423654
0.31745353
0.26047125
0.25325382
0.28609455
0.19196147
0.3025772
0.38428178
0.38505995
0.471767
0.51332915
0.3438759
0.3006313
0.28134516
0.17758942
0.17260796
0.20048401
0.17975515
0.20373145
0.19929811
0.32595643
0.3207331
0.27957544
0.3465977
0.2434564
0.21312973
0.20362219
0.27919155
0.28918248
0.363345
0.4350917
0.44767582
0.43969545
0.45768514
0.5029066
0.4447941
0.2281043
0.24065441
0.1427337
0.18552053
0.18717965
0.18244213
0.21100539
0.1827491
0.3283312
0.5282525
0.39127877
0.14020938
0.14974341
0.20788765
0.23379135
0.22763339
0.22834653
0.26766244
0.3144023
0.26498318
0.40492782
0.41367126
0.44304323
0.51474446
0.35876393
0.3053994
0.26695865
0.18631437
0.18576837
0.20195761
0.23353565
0.24480471
0.15903467
0.29160362
0.27184698
0.25088277
0.33383417
0.44977483
0.25366846
0.30096322
0.3152761
0.40055922
0.37596172
0.4197784
0.46896553
0.38889244
0.4494526
0.55354226
0.50351375
0.2554744
0.21972337
0.19344392
0.17743966
0.18952635
0.2425659
0.21447662
0.16217822
0.62435377
0.451869
0.4534263
0.4582776
0.37809366
0.28457507
0.48403373
0.34779653
0.29410148
0.35397545
0.37812352
0.37483436
0.38269892
0.5163589
0.58361363
0.42903486
0.34834784
0.2884837
0.21373057
0.1853562
0.18797874
0.22672385
0.15323135
0.25983086
0.33749858
0.26706073
0.3956319
0.27275813
0.25407648
0.2517956
0.27914357
0.3320156
0.4848715
0.44679815
0.35441676
0.27193582
0.25670943
0.73883015
0.5047977
0.30155826
0.15044123
0.16330841
0.20458648
0.1887159
0.2043888
0.22562149
0.19848362
0.41188556
0.46025097
0.21569958
0.3163423
0.23338202
0.22452691
0.25490823
0.45933452
0.5868482
0.44091907
0.3013594
0.42936385
0.54246265
0.45224717
0.5315516
0.44366318
0.39323542
0.3159473
0.15226439
0.16814628
0.17183381
0.17637664
0.20842305
0.19679758
0.33963692
0.337987
0.22233805
0.3761652
0.24797988
0.26091665
0.22090706
0.24121699
0.35287163
0.27226335
0.25764805
0.29052985
0.44921544
0.47671807
0.3620478
0.31118715
0.29615998
0.46836957
0.21938333
0.18588296
0.19750544
0.19543633
0.22514337
0.26462686
0.4588517
0.37973088
0.2021198
0.24474123
0.1844266
0.27316368
0.26936018
0.2123572
0.20074657
0.24460846
0.38104656
0.3523991
0.51928616
0.49619213
0.60392
0.4597133
0.2271797
1.0318965
0.4564141
0.38457662
0.20250201
0.19945559
0.2342315
0.27375162
0.59740776
0.63352054
0.7240887
0.38145167
0.24890482
0.13352239
0.34804788
0.14887565
0.4937791
0.1409266
0.30236164
0.46942785
0.3034456
0.4544979
0.55660975
0.44853544
0.41399094
0.21385846
0.16361043
0.21797153
0.23085153
0.16680822
0.19608542
0.21492541
0.29262993
0.3385536
0.25539404
0.33359906
0.27075902
0.4509331
0.24265221
0.31949776
0.36660865
0.3374259
0.34341678
0.36260182
0.41384226
0.44290122
0.3590912
0.36656424
0.29109293
0.26954958
0.24695736
0.2016792
0.1620999
0.17452201
0.18431348
0.15388417
0.26791945
0.38517663
0.39123842
0.3014668
0.29475734
0.26020357
0.20985511
0.28731656
0.34018722
0.34225023
0.3848597
0.38174394
0.41225737
0.4141355
0.55662525
0.54876804
0.5342076
0.42909542
0.24622303
0.26728708
0.17269072
0.16749221
0.17854106
0.24195904
0.21028587
0.29361516
0.17273593
0.39815763
0.23001671
0.31826955
0.4774268
0.84308463
0.41992128
0.3092718
0.30099565
0.37188667
0.2647722
0.31469196
0.5755338
0.27228552
0.47476688
0.13135251
0.14152259
0.19726273
0.18211058
0.18184921
0.20225197
0.16531748
0.1941821
0.33093005
0.32264706
0.2574846
0.22619376
0.23326948
0.27021977
0.3392353
0.17579645
0.20700055
0.3039837
0.45484325
0.543527
0.56350476
0.5169491
0.48846415
0.4254715
0.25414935
0.16489032
0.16584358
0.1762667
0.17941743
0.17720771
0.28482467
0.28390402
0.15970224
0.2753912
0.3171177
0.22008449
0.25802946
0.1798414
0.19416937
0.27224112
0.25822425
0.34364566
0.4604579
0.38426813
0.46886164
0.40642664
0.4689443
0.4553119
0.51990944
0.24487871
0.20209676
0.21161711
0.19689536
0.22688764
0.37879226
0.1959683
0.42165938
0.30243796
0.30500352
0.20891911
0.25260675
0.28172693
0.25255993
0.2865606
0.28997734
0.3887301
0.40954155
0.5811608
0.5442435
0.48007137
0.36844125
0.21062338
0.32117385
0.271479
0.21303138
0.22720268
0.23207632
0.29821628
0.3574921
0.48171285
0.44226316
0.34722406
0.20474431
0.24201211
0.27289015
0.28256267
0.17168432
0.2564857
0.2870693
0.3777118
0.40865645
0.42214888
0.33340892
0.2895042
0.3263047
0.23640299
0.29540914
0.22566983
0.20929861
0.21379107
0.18706441
0.19790378
0.15920305
0.40105897
0.24865437
0.2566014
0.26021212
0.33165804
0.5312671
0.16318563
0.42109975
0.34941733
0.35639673
0.39573115
0.42428657
0.46539995
0.52466166
0.26058105
0.69023645
0.6085503
0.33726913
0.26639497
0.2098304
0.19188455
0.17865223
0.21309209
0.18182617
0.25640306
0.3274001
0.44395116
0.4264049
0.26779783
0.387778
0.31039205
0.33228382
0.3522778
0.36064184
0.3863257
0.94297355
0.34509802
0.6257011
0.5830999
0.5791626
0.32476634
0.19588834
0.21538258
0.17495081
0.15453735
0.18569532
0.2339952
0.34712932
0.37518945
0.31073368
0.3448953
0.18110564
0.25897798
0.17337659
0.19665521
0.27069715
0.63128
0.37128592
0.39114478
0.4236594
0.5570507
0.66360474
0.62511873
0.6822777
0.42462415
0.29076773
0.23057887
0.22867435
0.2079415
0.22653314
0.24327746
0.4257092
0.24115759
0.41003194
0.30031797
0.29027924
0.25143313
0.2699634
0.3730611
0.35449564
0.26136342
0.5495464
0.33087808
0.46814528
0.50232905
0.4595485
1.0443125
0.59701353
0.46842134
0.26899606
0.16415885
0.20105097
0.2070809
0.20118576
0.21305528
0.64509225
0.35288596
0.3319908
0.3765691
0.28750217
0.22844025
0.28084537
0.24034673
0.21373597
0.2947894
0.36805943
0.3788127
0.592365
0.31988195
0.4821117
0.37580752
0.35796833
0.3389678
0.24707049
0.27516246
0.22679457
0.24103764
0.21579438
0.27088633
0.3669647
0.45828852
0.3508332
0.45025018
0.64764994
0.21711382
0.2627792
0.31163546
0.23371318
0.2937432
0.3329616
0.3846728
0.5544559
0.4585712
0.4875936
0.46457598
0.32440528
0.1785093
0.2800393
0.22597876
0.19066274
0.22470248
0.22598916
0.26285738
0.3134533
0.3700831
0.17506757
0.39704725
0.268981
0.24410862
0.2832552
0.30347925
0.2835948
0.32198995
0.3042747
0.36087158
0.43290603
0.4241381
0.33344093
0.46434543
0.65345615
0.45684996
0.40073267
0.33465648
0.23711106
0.18813828
0.19813776
0.23947048
0.24655828
0.19374454
0.25388688
0.33985496
0.2555955
0.31068265
0.41026452
0.3110216
0.32585502
0.33261746
0.294526
0.37351963
0.40915346
0.4703399
1.1854303
0.83601785
0.4980687
0.34299713
0.31127244
0.20163545
0.1960898
0.18707204
0.18419728
0.20662469
0.25479895
0.2094729
0.25265235
0.26820955
0.4192518
0.33315852
0.348393
0.36513564
0.38808018
0.407676
0.37333873
0.48001888
0.89137936
0.5180611
0.34198448
0.66599405
0.77330375
0.77400655
0.29418167
0.14124507
0.31716526
0.2240549
0.29505607
0.2829906
0.35577568
0.3267197
0.3569607
0.27945063
0.38544753
0.21305922
0.20496577
0.31941918
0.2722091
0.2951243
0.33902153
0.28128803
0.29336372
0.28220263
0.40215415
0.4368177
0.27520224
0.27461994
0.31384903
0.23100281
0.16333771
0.20625097
0.19635975
0.18088493
0.1720615
0.4194534
0.40021095
0.42057288
0.3809399
0.3638002
0.22993237
0.26870894
0.24347427
0.27784106
0.3983142
0.3141096
0.32815787
0.39536902
0.44879207
0.35459954
0.31084907
0.28361443
0.29148585
0.21215999
0.21347103
0.22200674
0.1962981
0.1804708
0.19139844
0.30755067
0.2687341
0.26709366
0.33772433
0.31262335
0.18526518
0.23188081
0.17063549
0.23870236
0.37365428
0.26275507
0.27032113
0.3747093
0.32240197
0.2073414
0.254194
0.2558102
0.2634563
0.20253736
0.16007754
0.1884759
0.17485687
0.18547457
0.2071214
0.2868693
0.275403
0.17413098
0.2994594
0.2514119
0.23762938
0.31626472
0.27567917
0.6446297
0.46494058
0.25831664
0.3246013
0.33567303
0.4039061
0.23826197
0.31942064
0.3035575
0.34868425
0.22409081
0.19187203
0.19685566
0.17321497
0.180711
0.25473535
0.25618857
0.26142538
0.3073985
0.34708306
0.65417045
0.31935504
0.26377156
0.2722601
0.2574066
0.30279174
0.34609124
0.33519885
0.3524594
0.34464875
0.28997228
0.34906587
0.33449405
0.28953087
0.23547441
0.23493972
0.23160452
0.19350803
0.23134926
0.1778385
0.45770955
0.34969404
0.2451779
0.677198
0.9978553
0.75357014
0.19919664
0.28376645
0.35087135
0.36567572
0.31136963
0.2799943
0.38104758
0.39328456
0.40217477
0.41767752
0.33918047
0.32404134
0.28331706
0.25714386
0.20537314
0.23715991
0.2478413
0.2126174
0.25375688
0.49083892
0.46155646
0.35986498
0.30929035
0.32993975
0.31555098
0.30100584
0.30679113
0.36550072
0.43573222
0.4000166
0.41607198
0.4417123
0.379652
0.35074413
0.28644288
0.33148277
0.252793
0.22671118
0.17456156
0.24466866
0.21411672
0.32744136
0.3583341
0.40077245
0.45400015
0.27248168
0.2529684
0.29553804
0.31527507
0.23358035
0.34802103
0.30031672
0.28547734
0.26804355
0.41851574
0.22640648
0.3939046
0.38726822
0.36702678
0.48179862
0.25026587
0.27279294
0.69035417
0.45270243
0.24413335
0.29151848
0.2885524
0.29147995
1.2838595
0.42907026
0.65277165
0.419017
0.22739309
0.17938152
0.32495683
0.27000812
0.65704834
0.5056653
0.6827549
0.89122623
0.90471494
0.74373007
0.2165764
0.25277957
0.17094848
0.25619134
0.21022233
0.19255292
0.21002698
0.2039423
0.39903182
0.21155414
0.26810324
0.31526598
0.2351568
0.3045883
0.22439334
0.15686202
0.23656112
0.31635255
0.25322607
0.91915846
0.35464185
0.42005068
0.44333804
0.37326473
0.20373845
0.14707541
0.22184119
0.183835
0.177122
0.15005684
0.18888247
0.17105934
0.48707375
0.3534849
0.2596505
0.37283292
0.25539005
0.25761193
0.23933867
0.15602496
0.3167373
0.31395838
0.32900926
0.38695216
0.53897935
0.25651595
0.4734375
0.4547819
0.14725086
0.19489613
0.12087318
0.17092973
0.1854071
0.17376855
0.17295033
0.21325365
0.3014415
0.317017
0.14756858
0.4797648
0.26382995
0.21257734
0.21872365
0.21210599
0.20394653
0.2542453
0.24359635
0.3123982
0.34283012
0.36247668
0.5338452
0.55044764
0.5218357
0.39729062
0.38632932
0.2819758
0.2409352
0.21205968
0.24667105
0.28059238
0.26984847
0.3191088
0.23694915
0.27402055
0.2633162
0.30694163
0.38275078
0.28825554
0.25814745
0.43257865
0.33791816
0.32273045
0.40492952
0.6153531
0.8466791
0.54725224
0.41517952
0.2876315
0.18812919
0.20174626
0.18521857
0.14788216
0.17044601
0.20604327
0.2602362
0.33750623
0.68316716
0.47888163
0.3611081
0.341607
0.51974
0.98504263
0.4128553
0.4189852
0.35643032
1.3243159
0.8981275
0.79733443
0.56295705
0.46993345
0.24189991
0.28515512
0.13524893
0.14471513
0.13761714
0.1483809
0.15918916
0.25972873
0.46963122
0.41598117
0.45518655
0.5233212
0.30780834
0.24838841
0.2772987
0.43522453
0.3104553
0.27905124
0.28909674
0.36827362
0.6329432
0.6839388
0.41300064
0.31842238
0.22423494
0.28604582
0.20373407
0.16232327
0.18787915
0.18609235
0.20016927
0.13456792
0.40139285
0.19549245
0.32738474
0.3027032
0.28909144
0.2903382
0.13602817
0.27216738
0.20416927
0.31533423
0.5692459
0.3400706
0.4829353
0.559646
0.9269386
0.4006309
0.21973273
0.07979658
0.16478127
0.16302013
0.16452149
0.17629302
0.17683896
0.1680525
0.43358496
0.3446543
0.34119055
0.27502352
0.24235258
0.2048924
0.24156883
0.2185249
0.23315299
0.27698475
0.24825716
0.35249415
0.5538421
0.4105459
0.46030542
0.4895162
0.2977727
0.09234062
0.17833269
0.14345339
0.1627467
0.16249287
0.1605348
0.18328783
0.3714737
0.26707113
0.24129951
0.3596004
0.2508504
0.2079972
0.24705637
0.30835623
0.18577325
0.28210136
0.28955334
0.38800466
0.55467594
0.5587026
0.5925721
0.61200756
0.31892464
0.32516143
0.25505
0.21371132
0.17267457
0.17311364
0.19019654
0.21891567
0.34867954
0.44201925
0.1720517
0.22704753
0.2660441
0.31379545
0.14266244
0.1289337
0.3422972
0.2307322
0.2982591
0.3683368
0.41752145
0.49432307
0.69758004
0.8957632
0.4159483
0.27647552
0.23927373
0.20088318
0.2129229
0.16496602
0.17286274
0.22119868
0.19856453
0.26250103
0.28822953
0.29096237
0.2929467
0.18978423
0.23735237
0.4490408
0.2066142
0.2473515
0.38055727
0.40423205
0.36298192
0.5854519
0.7114954
0.6228826
0.38537773
0.2711821
0.16187727
0.1644778
0.1597082
0.18659773
0.21541393
0.21756876
0.20636693
0.3875619
0.7245106
0.3380585
0.3688513
0.36963427
0.32736742
0.2581993
0.28396887
0.5145707
0.4631013
1.4874381
0.9488506
0.7174146
0.68073225
0.5881862
0.34236982
0.2120665
0.1442371
0.12457445
0.099072814
0.14722082
0.26246578
0.3894298
0.4164894
0.33926234
0.37179217
0.19897968
0.20074058
0.2075409
0.27353096
0.24843013
0.29088995
0.55490047
0.3032135
0.3332835
0.2946301
0.41472244
0.40871373
0.4040953
0.39011818
0.43035778
0.1489408
0.17832199
0.16954446
0.17674795
0.1831235
0.1650348
0.29440734
0.22758001
0.20255712
0.2766146
0.34659734
0.31110048
0.04923198
0.2855302
0.4723006
0.2734017
0.3340587
0.32371095
0.4427599
0.546042
0.8686114
1.1475705
0.39149964
0.2688561
0.13970146
0.16753918
0.15742475
0.16292933
0.17461404
0.17025486
0.35335642
0.3398868
0.20551041
0.20389462
0.24065542
0.21117455
0.21059778
0.11913547
0.13818431
0.22546706
0.48526767
0.36710602
0.36017847
0.45095208
0.550389
1.3560665
0.20471376
0.2093594
0.14681992
0.13844198
0.16356826
0.17034152
0.17327249
0.14174831
0.516276
0.69728
0.36881548
0.22973332
0.25474
0.20784038
0.19931775
0.24166116
0.4615417
0.2834767
0.25403678
0.4765569
0.5329891
0.22907019
0.41888553
0.41673097
0.37788564
0.20166197
0.13004026
0.1845657
0.17266709
0.14108628
0.1658752
0.1957022
0.6181133
0.46605355
0.20025086
0.18397772
0.22952858
0.23671046
0.25768614
0.17988953
0.20690909
0.570114
0.16292825
0.25357518
0.46310508
0.5829252
0.56864494
0.42677402
0.15951845
0.15762433
0.11826381
0.13722223
0.1132316
0.14640036
0.171092
0.23981008
0.24364594
0.30434394
0.23722216
0.3684761
0.3978282
0.24753389
0.27155986
0.16253796
0.21042004
0.21943834
0.24975497
0.23550296
0.6710983
0.93406177
0.59976333
0.4062017
0.36670944
0.26353455
0.12644821
0.17208952
0.16818953
0.17647493
0.17283532
0.2004835
0.24298146
0.45709485
0.27592516
0.26748955
0.3025866
0.35960615
0.6069323
0.5787756
0.33691716
0.3161617
0.42147404
0.50675726
0.6493319
0.49378005
0.45532942
0.4381496
0.38293034
0.24373892
0.21216175
0.15217328
0.14662036
0.13735062
0.15779912
0.18091482
0.25915974
0.42193404
0.20157328
0.48631114
0.22207668
0.15655035
0.18916029
0.23934588
0.2728016
0.41347367
0.32106566
0.39652497
0.5069866
0.500809
0.39872763
0.4738037
0.23922053
0.112805605
0.19142896
0.18530867
0.15594682
0.1832999
0.18388698
0.17497408
0.4060943
0.37788594
0.1946913
0.38018247
0.22133413
0.19139123
0.176588
0.30961645
0.2943985
0.20894912
0.3585698
0.37013674
0.38718477
0.7297956
0.5565571
0.4005052
0.31644022
0.18544868
0.24535784
0.17511272
0.1765275
0.16015926
0.15820518
0.16158763
0.33379406
0.33575884
0.20622787
0.22792128
0.21677554
0.22374329
0.26161468
0.14659855
0.20485723
0.28643748
0.27450433
0.42141435
0.43868434
0.48087308
0.34984535
0.24873391
0.13186029
0.09328288
0.121715486
0.16056794
0.16121137
0.17397374
0.15960518
0.16080183
0.37417042
0.36770034
0.2655534
0.31501797
0.27338767
0.1796006
0.25388405
0.17846805
0.48129472
0.21467617
0.38641676
0.27397463
0.42532283
0.8861271
0.37364438
0.44678694
0.30133054
0.34321406
0.13512105
0.19229293
0.19460756
0.14856312
0.17204806
0.22800773
0.23423427
0.59109384
0.20690247
0.18640244
0.23753479
0.23212793
0.24412498
0.16726154
0.31824428
0.29089287
0.3123156
0.3802596
0.47483632
0.52341455
0.58190536
0.4832642
0.3736476
0.2725056
0.1299744
0.17294103
0.17274421
0.15179536
0.1634739
0.21218684
0.16739675
0.28233424
0.6731247
0.2556994
0.28311124
0.2787768
0.2689198
0.25607276
0.38907865
0.27469397
0.3348689
1.2534703
0.5182199
0.67609245
0.538875
0.4771375
0.38831583
0.2529015
0.17564717
0.16801119
0.1643044
0.15376085
0.15827772
0.17389345
0.20565575
0.23247096
0.20740196
0.3225556
0.34552333
0.41502038
0.28310382
0.18340823
0.5116707
0.25643992
0.406309
0.47660625
0.5845131
0.6590409
0.5697381
0.47930658
0.2812246
0.20241427
0.20305827
0.1547876
0.1416682
0.14403293
0.20521349
0.16078395
0.28943905
0.483815
0.21250898
0.32440326
0.4521796
0.058860037
0.2004827
0.27813342
0.24416518
0.40291607
0.46570572
0.4076129
0.47348902
0.5463722
0.48145664
0.3782867
0.24542123
0.09738734
0.18855071
0.15683475
0.15271819
0.17765617
0.18311429
0.22660264
0.4487627
0.3246886
0.19125092
0.26684073
0.18218452
0.2896429
0.15629193
0.1809726
0.30896726
0.22705245
0.29494965
0.5299001
0.39806178
0.5454683
0.6011573
0.36722955
0.13289335
0.11960071
0.16708165
0.15032658
0.14107937
0.16498521
0.17772144
0.24591404
0.47409502
0.626652
0.078840315
0.21651953
0.15639076
0.15493396
0.24257165
0.2546811
0.34532732
0.32332242
0.38093707
0.36619315
0.65411466
0.79307926
0.50397855
0.18113422
0.24102369
0.080871314
0.14232436
0.1486873
0.16344705
0.15028608
0.15052715
0.20865634
0.4720294
0.34997535
0.21206906
0.31779778
0.24002463
0.20631182
0.25386098
0.21557322
0.43371344
0.22905847
0.38163847
0.63473576
0.5148518
0.7148472
0.73819727
0.4064524
0.13208255
0.14651078
0.11994618
0.18303001
0.21216044
0.1675413
0.16913253
0.28741792
0.33223206
0.5246854
0.2627592
0.13899425
0.28914678
0.21404359
0.31522918
0.24974996
0.23084077
0.37232792
0.35665476
0.39059928
0.66747904
0.8414621
0.49176946
0.38893592
0.420247
0.27014002
0.3303927
0.23225808
0.17047554
0.18866822
0.16679594
0.15854421
0.17700109
0.21017501
0.33130622
0.2912664
0.30024642
0.26614377
0.5900014
0.4914268
0.47149146
0.3697546
0.2811535
0.70271945
0.6366999
0.70537704
0.4154984
0.37878412
0.48816794
0.7990254
0.23161441
0.30828863
0.222209
0.16326043
0.17298284
0.14032781
0.19090521
0.18214002
0.19134623
0.34860784
0.5652811
0.33360502
0.49575764
0.37257054
0.41066068
1.5357664
0.36062118
0.45933118
0.55703205
0.3467577
0.27897897
0.47330305
0.3219645
0.27554685
0.19990674
0.20680812
0.20856038
0.2373757
0.18379545
0.17935348
0.40425292
0.44975245
0.3195465
0.35573483
0.4761816
0.25791407
0.19901341
0.24580148
0.6335786
0.69890976
0.29516914
0.47317573
0.6009249
0.49428463
0.7277902
0.2934227
0.34089014
0.12154323
0.17938328
0.22708097
0.15558016
0.169799
0.16393054
0.1250658
0.33520308
0.46493796
0.28280282
0.32168502
0.22274148
0.14256334
0.27585608
0.19838685
0.22011262
0.30443895
0.4314222
0.28694874
0.6538022
0.61673737
0.49241522
0.42889193
0.33311272
0.05463964
0.18514594
0.16986045
0.1707542
0.20068496
0.18004707
0.18398777
0.4054985
0.26361284
0.15818873
0.32175294
0.21867198
0.22002515
0.28245565
0.24634323
0.28582525
0.25538126
0.35735178
0.56588316
0.49037135
0.56365275
0.503404
0.60620373
0.111281216
0.08311552
0.14299631
0.15909901
0.15677348
0.1516208
0.15103436
0.26375192
0.4548157
0.5398194
0.1720117
0.2450831
0.24900183
0.21601328
0.37427083
0.29472113
0.35040548
0.57390565
0.38837028
0.60418785
0.7768985
0.7549982
0.87896484
0.44879717
0.2114315
0.22455752
0.16060147
0.16259387
0.18070084
0.17995983
0.16947168
0.20961672
0.30590418
0.49820787
0.33571646
0.121382415
0.2601947
0.23302606
0.24433401
0.35898843
0.26047692
0.3951546
0.24777433
0.43093625
0.695032
0.51624346
0.8991119
1.0162114
0.52080303
0.20966041
0.096215725
0.14861801
0.13219473
0.14549503
0.17791885
0.1801804
0.23845494
0.28393912
0.29972985
0.21817228
0.2463248
0.2779065
0.25740254
0.29615712
0.3292367
0.42692503
0.3891497
0.70713943
0.80955505
0.9434084
0.43146908
0.41147077
0.38943112
0.2102243
0.21049076
0.17108297
0.18078336
0.17043626
0.18287456
0.18607855
0.22011858
0.28662878
0.4085647
0.39489302
0.35853252
0.4673581
0.38986778
0.31520694
0.30943495
0.4023482
0.5018743
0.5502131
2.6808183
0.5249434
0.5329006
0.2589129
0.6286663
0.33075446
0.25936913
0.20192343
0.17598474
0.1997923
0.21186861
0.21496636
0.35736465
0.43882734
0.45524946
0.25545213
0.3791217
0.2548929
0.22778895
0.2502972
0.18190542
0.45447594
0.6349341
0.2589701
0.8950048
0.96305776
0.47347412
0.39592484
0.2331194
0.09438923
0.19597048
0.15903881
0.1545465
0.1737243
0.18901524
0.14409706
0.30990246
0.44402045
0.22182977
0.57509786
0.23284096
0.28825423
0.25014046
0.24675909
0.2687813
0.29861173
0.3166941
0.683198
0.59480435
0.9915218
0.5706934
0.2327657
0.29300705
0.57706344
0.122578055
0.18876469
0.17683226
0.16140687
0.14968422
0.16741452
0.30602968
0.46562228
0.2950284
0.32956922
0.2223422
0.23620668
0.2959268
0.34474126
0.25258175
0.3005267
0.27982113
0.3653588
0.53442925
0.581653
0.42863396
0.26591527
0.20866695
0.18374121
0.13006303
0.15541542
0.17290568
0.1859377
0.15945789
0.14980453
0.36108088
0.43312117
0.68829054
0.28798544
0.22061813
0.41887498
0.2611208
0.28031093
0.48850086
0.33121324
0.2451241
0.48586583
0.56054026
0.6451548
0.35379514
0.6681876
0.42049697
0.5514375
0.27212012
0.28136072
0.21479622
0.18557382
0.21263584
0.22427621
0.27004534
0.32492128
0.34149873
0.26573604
0.35965472
0.28599268
0.25920582
0.3988188
0.39254007
0.2494427
0.41584763
0.623746
0.8032876
0.5040877
0.725325
0.41846174
0.34201285
0.29872057
0.21006611
0.2876502
0.21293685
0.17178538
0.17508969
0.20293206
0.2123616
0.23428515
0.3718163
0.3075524
0.3523341
0.41290176
0.32509395
0.39427647
0.3277572
0.5030083
0.3567071
0.7563325
1.5514084
0.5645766
0.5031949
0.7966977
0.38288644
0.3643327
0.056098912
0.2413302
0.18314219
0.16012254
0.16724816
0.17659292
0.23470795
0.25733507
0.4145669
0.5110936
0.420159
0.30239114
0.41846216
0.38468415
0.6082349
0.36718848
0.889903
0.8176766
1.197921
0.8251806
0.71989655
0.48021278
0.37774023
0.26295623
0.17166775
0.16052598
0.14367601
0.16201675
0.17591363
0.17966625
0.39427072
0.5094219
0.43765053
0.4049473
0.21229589
0.20379397
0.2479473
0.4086147
0.32477558
0.15987107
0.36062866
0.32687995
0.50154454
0.7115212
0.49385202
0.355481
0.39888787
0.32957593
0.1277937
0.21139458
0.17110059
0.1815866
0.18402201
0.17249185
0.28800625
0.44735754
0.3498306
0.4391958
0.12178025
0.23971897
0.27504492
0.3318699
0.25878203
0.32265186
0.3860262
0.52099705
0.82260627
0.54129523
0.5726573
0.3354142
0.5357582
0.22438782
0.15466365
0.167517
0.15670323
0.17785516
0.16838825
0.1651645
0.3386628
0.5002806
0.28581783
0.2889938
0.24392411
0.25713918
0.23953685
0.32247853
0.50120336
0.3531136
0.30068943
0.39885667
0.6374378
0.48214355
0.40390494
0.37288105
0.27078775
0.3444247
0.22774854
0.25167257
0.20474386
0.22820747
0.20087719
0.17843798
0.2559645
0.35986215
0.27290085
0.34884965
0.25064552
0.23197684
0.33002037
0.40865207
0.28415534
0.2744001
0.32685298
0.42536485
0.55882305
0.8736841
0.43303284
0.713818
0.3134445
0.28055063
0.2091831
0.16929224
0.18821621
0.17459661
0.1525847
0.18453458
0.2520273
0.4022019
0.25987697
0.27993155
0.2638087
0.26872554
0.3047298
0.31117138
0.32043582
0.30256695
0.43457913
0.58947605
0.43073717
0.5366805
0.56811804
0.4783775
0.36207768
0.311403
0.2301782
0.21877894
0.19013524
0.18223876
0.19237626
0.22809374
0.24977678
0.21234837
0.41370383
0.3784429
0.24431917
0.60644406
0.25933132
0.40418676
0.31479725
0.4495698
0.43439597
0.4770632
0.7936584
0.66483283
0.64475435
0.3772654
0.37278146
0.29264578
0.18357122
0.19465119
0.20009336
0.18195426
0.17109236
0.19456795
0.24468103
0.3320993
0.36638945
0.3142471
0.41113502
0.43853652
0.50507647
0.36412585
0.45807308
0.3567586
0.58936673
0.97277576
1.6808751
0.6467822
0.52508193
0.6493642
0.3336532
0.26957676
0.22732946
0.16569307
0.14181477
0.15993258
0.12783027
0.17024899
0.36367407
0.40725663
0.48828232
0.25894672
0.41543445
0.29657897
0.09715164
0.24711373
0.22048298
0.28479663
0.33546132
0.4346492
0.62589025
0.573963
0.46965507
0.5760564
0.18643945
0.30417237
0.25882006
0.22303101
0.18886241
0.18829384
0.18604916
0.1577068
0.23529488
0.43929368
0.3551817
0.23591149
0.24690908
0.22339627
0.2880014
0.32125825
0.43034253
0.23402691
0.41104144
0.3978647
0.49704874
0.50239146
0.62208146
0.43224573
0.4938606
0.37120804
0.23821902
0.24047199
0.1940862
0.19341403
0.21664923
0.18164766
0.33164793
0.33654296
0.2814966
0.29560015
0.24662212
0.2320404
0.19274616
0.3394643
0.29242563
0.29516414
0.4184411
0.40898797
0.7360599
0.59632987
0.78052187
0.16152015
0.58925027
0.42693493
0.14983508
0.2028966
0.1747258
0.16348174
0.15713125
0.15348321
0.19352347
0.45858914
0.3146812
0.21218735
0.23269618
0.20577112
0.42483592
0.29755598
0.36357635
0.2314845
0.31540462
0.31982088
0.52156055
0.57865906
0.70531124
0.65781456
0.35589537
0.22725314
0.16503328
0.14344692
0.15701339
0.15435624
0.1566287
0.2030558
0.35965136
0.45729506
0.3660883
0.23532942
0.21075448
0.31172982
0.21701509
0.25029603
0.6374567
0.39593852
0.3153903
0.41399887
0.42510703
0.72557646
0.7063159
0.49760127
0.4833242
0.37381372
0.17035383
0.2842533
0.18146679
0.15042442
0.17278326
0.2052078
0.19953123
0.244757
0.39804435
0.34206983
0.2519572
0.2729603
0.39021575
0.28240404
0.40122685
0.3820121
0.39252713
0.48403677
1.3508438
0.32567066
0.69358873
0.42224747
0.44970095
0.36413488
0.58081776
0.34728846
0.23612729
0.16229266
0.16557828
0.18414313
0.17243558
0.22573164
0.33046955
0.63934994
0.3770901
0.2961263
0.48715714
0.23501831
0.47541994
0.43321228
0.4124459
0.7569818
0.6974444
0.7073148
0.7434969
0.52915984
0.37054846
0.28616026
0.3175847
0.18804136
0.17163146
0.16812563
0.15909195
0.15186197
0.2871146
0.3971436
0.4392902
0.30772573
0.16032597
0.20829538
0.19152066
0.1959435
0.24012664
0.3246433
0.6206395
0.7273793
0.5130085
0.659002
0.4818467
0.27780282
0.40727744
0.359878
0.1481455
0.1556091
0.15377977
0.18641779
0.17736688
0.15352994
0.2107254
0.53622955
0.38224953
0.3012696
0.1504021
0.2979136
0.14872676
0.2972718
0.24704626
0.34071943
0.3181046
0.41119623
0.70613784
0.8095159
0.9890181
0.6465281
0.33344185
0.23313147
0.16044521
0.21058688
0.1456781
0.16017234
0.18635023
0.0970543
0.18797556
0.62633157
0.16373017
0.21700928
0.2090728
0.23178586
0.16818967
0.18286234
0.3229165
0.30729228
0.20648721
0.5004642
0.46967608
0.6106113
0.59692293
0.46423468
0.58711165
0.2688362
0.2549187
0.16623116
0.15449467
0.16358665
0.16741392
0.12605101
0.20234185
0.49441686
0.19988346
0.28416625
0.21091297
0.21413526
0.39630064
0.27070108
0.35816848
0.45205042
0.43138322
0.44951126
0.40163547
0.28845143
0.4365439
0.41297615
0.3687613
0.33967865
0.2777512
0.28232974
0.19578159
0.17043388
0.19645464
0.16066137
0.35057822
0.27030352
0.23001033
0.22403732
0.25334027
0.23818165
0.25541273
0.40085927
0.24491537
0.33517107
0.41118002
0.45844615
0.6019414
0.5440939
0.55696374
0.5598354
0.49942014
0.39997756
0.097243845
0.18344814
0.1567561
0.14075553
0.15946588
0.13309345
0.18356317
0.4151593
0.3337074
0.6835767
0.27754915
0.22244123
0.34174195
0.62893707
0.39682195
0.5492717
0.5789874
0.45987284
0.4614299
0.45721167
0.65840095
0.48767865
0.6430224
0.26762086
0.23740596
0.3302973
0.25342533
0.21523282
0.1686238
0.20718262
0.23719504
0.34666154
0.4179629
0.5611631
0.6810375
0.16837996
0.5972414
0.31053507
0.53295374
0.45848235
0.46202454
1.1917084
1.425657
0.6867133
0.63731736
0.33964318
0.3798523
0.31342283
0.1899761
0.14371115
0.12943622
0.15639263
0.15184501
0.1267108
0.45825136
0.4259766
0.4117227
0.41879973
0.13226736
0.22729063
0.19858372
0.25189707
0.2193408
0.32775256
0.59950995
0.38239336
0.6585382
0.55440956
0.43892193
0.29049364
0.5083104
0.34288523
0.24258924
0.15764555
0.1570949
0.18708172
0.16339493
0.12760225
0.12417036
0.5459621
0.3127855
0.28995502
0.21321023
0.24625102
0.18991765
0.22838587
0.34470323
0.35990846
0.5056492
0.39821577
0.52699435
0.8467722
0.86950064
0.5516538
0.3725807
0.3985247
0.311268
0.23412746
0.1584664
0.18433484
0.15729403
0.13588408
0.15559405
0.3087393
0.25625256
0.2664724
0.17974672
0.20357245
0.22455382
0.27181122
0.37446108
0.34863284
0.44274694
0.428527
0.53273785
0.6412224
0.552399
0.41774312
0.32969597
0.2895391
0.14816186
0.16149959
0.14371556
0.17470318
0.15189242
0.14904892
0.22995922
0.42772812
0.48977983
0.39711916
0.27279666
0.26912534
0.2883303
0.55360436
0.31258526
0.44896424
0.38042253
0.4532252
0.62474173
0.48027
0.58488417
0.6158941
0.59062594
0.5284501
0.31358117
0.2002728
0.20013997
0.14874691
0.18142024
0.18425691
0.27274197
0.4519698
0.4001253
0.33928263
0.25408673
0.23463494
0.3526983
0.27040917
0.40040368
0.43541995
0.36579037
0.36460426
0.91255194
0.60004073
0.5952623
1.7604611
0.30986136
0.40672764
0.13357148
0.19999689
0.1774984
0.1572299
0.177147
0.19726864
0.2399568
0.5218945
0.45392287
0.34882274
0.2735668
0.22478777
0.28316185
0.62289774
0.33568162
0.50780535
0.357904
1.1155311
0.3665276
0.5918468
0.5655979
0.4564186
1.2469498
0.29635498
0.21953934
0.42284524
0.2119722
0.18985593
0.2046442
0.21387279
0.31988928
0.5472133
0.38293472
0.43879178
0.3078502
0.4230031
0.36387277
0.36582905
0.41102365
0.37100214
0.37047142
0.70813644
0.60369927
0.72581804
0.59967214
0.50576085
0.46016118
0.39967912
0.29783496
0.23304895
0.21256417
0.19436777
0.23209041
0.29569787
0.3205781
0.51432437
0.5542534
0.25639817
0.58710116
0.31377763
0.27022937
0.2967573
0.35488352
0.39114797
0.39416486
0.45088133
0.5850919
0.48291662
0.38591176
0.5679755
0.4282039
0.65706336
0.28577143
0.22363299
0.17332062
0.19845963
0.19459337
0.1646381
0.29886416
0.4668193
0.49162188
0.30877486
0.26191372
0.27883402
0.4121334
0.36032245
0.26305243
0.65431994
0.52630013
0.57756597
1.1021087
0.74931884
0.60308105
0.59100336
0.5486274
0.46526566
0.17270365
0.16970667
0.15110162
0.16799316
0.17704129
0.20088214
0.24250883
0.53687614
0.501397
0.47322264
0.38010502
0.28639895
0.23841023
0.28139234
0.26351374
0.5934769
0.8935325
0.78968894
0.5382449
1.0156901
0.75097996
0.562728
0.60460913
0.34921414
0.14866287
0.14666218
0.1583223
0.17609629
0.18745905
0.13745147
0.21270695
0.60161775
0.29618403
0.322521
0.21963662
0.22353122
0.22082928
0.41450074
0.33212948
0.33867395
0.53895074
0.5660085
0.45054108
0.46746776
0.76234424
0.7944719
1.0370182
0.36223415
0.41282862
0.26614472
0.1720016
0.14224401
0.17108297
0.17363864
0.20793694
0.6808691
0.5183634
0.30364698
0.24975729
0.27930433
0.35943326
0.34939742
0.39855954
0.32998255
0.38253257
0.48757154
0.38378033
0.8303418
0.74962133
0.9468024
0.46197757
0.41806716
0.15349767
0.21105975
0.16142732
0.14834666
0.1697452
0.19194561
0.35044232
0.31175557
0.6453747
0.26281375
0.20789468
0.25209463
0.34924626
0.31643325
0.71092373
0.37142843
0.57057196
0.37719014
0.5507362
0.5030541
0.3953733
0.7071662
0.5006754
0.4805515
0.3810363
0.3075237
0.19090351
0.14521787
0.15208858
0.17207003
0.2188752
0.29214767
0.5012394
0.3751619
0.44976726
0.8812252
0.32580972
0.39062968
0.41994825
0.41323185
0.4337286
0.7923519
1.5583142
0.94837856
0.6171888
0.53007597
0.4541553
0.34772223
0.21715876
0.17595261
0.14661819
0.15092027
0.17273957
0.13345638
0.3314246
0.42369437
0.51000214
0.40293086
0.22340217
0.2162359
0.18545857
0.24331185
0.35444024
0.4341989
0.35717502
0.6378712
0.5630929
0.5505067
0.74660605
0.38987762
0.4754708
0.3477417
0.2593058
0.16126883
0.16563535
0.19162491
0.18018594
0.17121756
0.1303865
0.41208565
0.33386007
0.17684084
0.18003267
0.19687742
0.20030057
0.24285549
0.43163574
0.2231906
0.8489841
0.6770129
0.48367813
1.0073496
0.9657325
0.5881211
0.6705236
0.28037477
0.2133683
0.16395193
0.18217275
0.25971884
0.19252717
0.21069208
0.32674858
0.45707884
0.3216185
0.23647228
0.52297586
0.28518036
0.14565831
0.32121477
0.57833177
0.3626996
0.61693335
0.50468576
0.54542446
0.773339
0.8839513
0.41942966
0.42164445
0.3506211
0.40657568
0.6001609
0.33064055
0.43189615
0.33233747
0.30176654
0.29080117
0.32518497
0.6147023
0.46191418
0.26557508
0.28806406
0.54549646
0.46643788
0.2706068
0.36407337
0.39419162
0.46842542
0.5005237
0.5344258
1.4018941
0.36531976
0.7449247
0.46282333
0.40974483
0.27419484
0.24122304
0.2539929
0.2578221
0.23826793
0.40094855
0.35138357
0.3831982
0.41890785
0.28811124
0.18815273
0.3130904
0.47803643
0.44256714
0.3950787
0.43768275
0.4715723
0.5006848
0.4934562
0.47243947
0.38935027
0.43811694
0.8287397
0.3537248
0.36873817
0.19275802
0.14405483
0.14277789
0.1642892
0.20208243
0.2046082
0.32458246
0.33709544
0.3342925
0.5347374
0.5183019
0.49011266
0.44662553
0.68189245
0.5329702
0.47480673
0.8907055
0.5378628
1.243924
0.7282745
0.56562656
0.64410704
0.32233334
0.39191997
0.24302176
0.17359027
0.21804002
0.19348428
0.22960201
0.30648988
0.45816413
0.59612024
0.65609217
0.63294554
0.3791688
0.379371
0.39384672
0.383472
0.47937405
0.45675707
0.43368623
0.426951
0.7197055
0.6488593
0.5020363
0.2457977
0.22592169
0.17338037
0.19093189
0.20150712
0.17286766
0.16982388
0.41336444
0.3691827
0.3661259
0.45436367
0.35821864
0.7076787
0.3045259
0.32384387
0.37479305
0.51770306
0.37635425
0.4121949
0.7439485
0.656075
0.83704066
0.57895505
0.19461128
0.40489548
0.20821962
0.18481368
0.18136603
0.1880934
0.18087897
0.1575152
0.18150845
0.46019396
0.41460598
0.24181005
0.2508012
0.2401489
0.24782044
0.31211102
0.48255578
0.3316563
0.4276925
0.6120925
0.5796754
0.54738384
0.7010606
0.5632765
0.44546175
0.24076071
0.16125298
0.14788646
0.16102752
0.17984024
0.1717901
0.16376749
0.23171866
0.48070645
0.35355985
0.4950374
0.20400178
0.23766652
0.25555813
0.30200598
0.38609004
0.45031285
0.3651979
0.49758908
0.78379774
0.6200096
0.6396956
0.57579523
0.4732938
0.44391423
0.22250426
0.13910657
0.1723823
0.16550678
0.17107207
0.16441214
0.17871156
0.5250896
0.858922
0.3048301
0.27594304
0.20956138
0.24170959
0.32193914
0.80673313
0.4666762
0.43174472
0.50322473
0.78378475
0.66809064
0.61108166
0.5502057
0.47899055
0.4772209
0.39973944
0.23605233
0.1682767
0.14055306
0.1940254
0.20189005
0.19865948
0.5399543
0.67517275
0.3465782
0.25856915
0.1841158
0.27762252
0.27885225
0.44406384
0.30112195
0.46738282
0.9096857
0.5759831
0.7640665
0.57271224
0.6328125
0.4282732
0.34356502
0.19784808
0.22330713
0.19306564
0.24483407
0.34214792
0.21115822
0.31151614
0.25409713
0.42988136
0.28543162
0.23726228
0.24648812
0.5919795
0.25121817
0.48305985
0.36136743
0.42014113
0.39950696
0.6937892
0.730065
0.86732054
0.49157026
0.60410047
0.6276619
0.4600559
0.28996623
0.24679571
0.21359432
0.18603483
0.17459607
0.23148522
0.31517518
0.4404081
0.3659922
0.5187366
0.5970036
0.70331734
0.5897005
0.3446356
0.46927875
0.5223842
1.3983504
0.3689534
0.46506134
0.9356049
0.5667407
0.43856475
0.42911467
0.21218008
0.20674625
0.16893142
0.17450222
0.16756797
0.10714969
0.29370683
0.42521995
0.5498211
0.39754027
0.23166668
0.26766253
0.326614
0.24687251
0.11410695
0.4871975
0.6098721
0.47072506
0.84354395
0.5661324
0.6781763
0.6552554
0.36956638
0.38176656
0.18332914
0.14887509
0.15548688
0.18144614
0.13421288
0.13519302
0.09949675
0.49071407
0.37417436
0.4220761
0.22543857
0.3395475
0.3530336
0.42952394
0.4310469
0.5674607
0.54311407
0.6278186
0.8641343
0.60954934
0.7904726
0.84190726
0.39533862
0.4239229
0.2746927
0.1704357
0.16258588
0.15903664
0.15076819
0.1388748
0.17947242
0.5203769
0.51693135
0.34218007
0.32994068
0.5825407
0.27106568
0.3726415
0.84189546
0.50381
0.45973018
0.48992085
0.85490996
0.57910216
0.66252077
0.5308738
0.48597065
0.32304388
0.12017724
0.19794136
0.15209788
0.1452426
0.13052848
0.12179646
0.17670271
0.54340076
0.32628188
0.29627565
0.30813587
0.3691188
0.5851628
0.37103873
0.59539324
0.5617515
0.69073033
0.65741223
0.65150416
0.59164435
0.5392127
0.79083145
0.52005005
0.40575916
0.36493027
0.2892777
0.1717121
0.16828158
0.164217
0.12106475
0.18173724
0.34944803
0.4713587
0.30464596
0.18423975
0.34829965
0.41431835
0.48230568
0.34879112
0.61309886
0.7022552
0.36130092
0.5619306
0.60310614
0.6876989
0.47178316
0.62350005
0.38279635
0.2801282
0.17192686
0.13043687
0.16178453
0.15286449
0.15774363
0.2543601
0.34132332
0.34187964
0.33786002
0.36867398
0.3709943
0.35084265
0.32636708
0.42488405
0.4898765
0.6120817
0.43120423
0.7452483
0.9416581
0.69393855
0.6081775
0.46427315
0.34798557
0.29134712
0.14002958
0.15222627
0.14506629
0.19704354
0.16830987
0.28840563
0.3271867
0.35408354
0.5710624
0.51939785
0.5833318
0.385905
0.32890618
0.34595308
0.31022257
0.3457671
0.7928196
1.5186132
0.54528755
0.80703354
0.49958038
0.45655572
0.38287312
0.2115908
0.1407556
0.15088117
0.16531363
0.13503313
0.18448192
0.28636092
0.17885762
0.49955165
0.302256
0.20427674
0.28180698
0.36789075
0.5498604
0.5150491
0.39230856
0.33024824
0.50302595
0.48443222
0.50462824
0.3266304
0.23142093
0.40532058
0.43337366
0.27537012
0.42762226
0.13475293
0.11375448
0.15507618
0.16356441
0.19082427
0.27483463
0.40025488
0.32955012
0.30716023
0.2534569
0.37876245
0.36073983
0.41456917
0.38574106
0.48163593
0.45703435
0.51411784
0.61299425
0.5986958
0.59530747
0.51208675
0.28403655
0.24413902
0.17261326
0.1547671
0.15171894
0.15852588
0.16662726
0.30435607
0.5314763
0.4157238
0.46201575
0.24254423
0.23798707
0.31392908
0.3371667
0.25035805
0.53517187
0.13412485
0.5401859
0.7264368
0.5532417
0.50665057
0.63277435
0.4789497
0.53908414
0.15400267
0.15686041
0.18297389
0.17377982
0.19938654
0.18566245
0.18638638
0.38145894
0.33613768
0.40733227
0.3096797
0.19904578
0.5777347
0.32226297
0.44094554
0.45441777
0.557654
0.42868385
0.7227765
0.6577123
0.6642167
0.9261295
0.39362168
0.37633127
0.23810565
0.18201098
0.13623059
0.12938556
0.15633062
0.15418053
0.18645921
0.3325681
0.48277628
0.34099954
0.26941636
0.32925624
0.46227327
0.31265152
0.51591676
0.4563383
0.4300704
0.45029876
0.5218961
0.607771
0.5691376
0.44746616
0.44376758
0.2934882
0.167658
0.16537404
0.17755729
0.15131652
0.15848413
0.24453512
0.30033812
0.40967822
0.46781918
0.41276923
0.27389166
0.30618998
0.3154833
0.2575076
0.4500421
0.5227433
0.5172449
1.1740303
0.8769367
0.5995698
0.7936575
0.55157804
0.4678223
0.46066335
0.35081422
0.1558885
0.15468284
0.1485722
0.15417099
0.12985435
0.13778713
0.2391327
0.30471838
0.50154006
0.45810717
0.3520039
0.2979583
0.632303
0.4463668
0.39354825
1.0001215
1.0021485
0.7309753
0.45835584
0.5970315
0.54682946
0.47704467
0.28324205
0.21817619
0.16979873
0.178859
0.1631569
0.2278147
0.2347363
0.38753113
0.47000733
0.50533295
0.4392497
0.28039026
0.47494733
0.2521673
0.28268772
0.40937498
0.31929716
0.51188016
0.3835149
0.49896595
0.6192555
0.4859178
0.4831836
0.42366487
0.22607219
0.15934542
0.17262557
0.16199157
0.17254952
0.16572338
0.1444605
0.14933518
0.4503311
0.20091748
0.21753195
0.17311546
0.21554035
0.30136216
0.21399608
0.37312442
0.44165012
0.48980767
0.3910761
0.60767937
0.78653413
0.81422645
0.49606472
0.3743976
0.13574216
0.17035389
0.15992922
0.1517843
0.16480234
0.12218812
0.15591273
0.3644224
0.41905114
0.33632404
0.3900302
0.19620177
0.27341667
0.35148057
0.51409507
0.3143421
0.3776867
0.54937017
0.4904306
0.575339
0.7253226
0.5383358
0.805238
0.3449752
0.32646576
0.16557515
0.16217893
0.15402994
0.14551234
0.18780577
0.18897635
0.2034269
0.41036072
0.55122244
0.24176425
0.29158515
0.23000762
0.26574856
0.3939499
0.42909548
0.33595943
0.42884183
0.56423485
0.6429589
0.5972367
0.776784
0.41750813
0.4113985
0.33843678
0.26333728
0.18328542
0.18561715
0.17109752
0.1945265
0.20301232
0.2821457
0.38821027
0.3247089
0.26931867
0.22518978
0.41149732
0.31963947
0.31061715
0.35197023
0.5197218
0.57737476
0.7506345
0.6856663
0.69514525
1.2982546
0.45834216
0.66129357
0.2991451
0.23942861
0.19394362
0.18327191
0.17604727
0.17975232
0.17772946
0.20319685
0.29851553
0.28874776
0.35832086
0.4581817
0.36973104
0.26684567
0.18680829
0.69046825
0.48337764
0.4533302
0.4182015
0.5168336
1.0210735
0.92058516
0.46566537
0.5294826
0.43994954
0.3850604
0.31809783
0.19306672
0.20600298
0.17433181
0.20951965
0.21812755
0.25460425
0.25696105
0.541453
0.21025747
0.43046182
0.23933932
0.43664744
0.60534286
0.41861913
0.5730209
0.56926835
0.9381919
0.48074812
1.0825335
0.37501198
0.582377
0.2603883
0.15416321
0.16155449
0.14468095
0.15827563
0.17970172
0.20432764
0.4553583
0.3991506
0.35023862
0.38087875
0.45597795
0.35158068
0.28949213
0.38201565
0.4855553
0.53242576
0.2886888
0.8096977
0.86391044
0.92298025
0.645008
0.5181021
0.6375634
0.5227809
0.13789764
0.15802059
0.18790379
0.25020662
0.17669442
0.18591624
0.15574032
0.38220787
0.5904655
0.5056368
0.25351804
0.18824282
0.23986912
0.2687488
0.32223716
0.37286326
0.5582237
0.34552172
0.9354027
0.75725555
0.9981121
1.0182803
0.34181923
0.3298866
0.17848158
0.16994035
0.17255977
0.21973348
0.18593532
0.17872143
0.24183542
0.4411521
0.44357368
0.73983365
0.257392
0.2968375
0.17541015
0.4748907
0.440587
0.26465303
0.26163962
0.66078967
0.6970517
0.57836944
0.73994905
0.6159943
0.36714914
0.26146543
0.1900464
0.14598432
0.2034674
0.21663398
0.21386138
0.19444776
0.23612759
0.39849228
0.4967161
0.19290298
0.23073372
0.21690801
0.24706984
0.33595747
0.277084
0.39938074
0.3546127
0.66421324
0.5681582
0.6506704
0.39127028
0.8000193
0.4988396
0.446106
0.24280217
0.24208722
0.20952147
0.22282946
0.22315112
0.2219232
0.23451155
0.49216542
0.33549076
0.32840872
0.23310938
0.18835995
0.2654868
0.3168939
0.39465237
0.45060912
0.3900451
0.48402792
0.55295694
0.5879411
0.6180177
0.51817465
0.516176
0.43373457
0.46977824
0.34615847
0.19483376
0.20903906
0.23432449
0.24249122
0.20755851
0.2236991
0.2792408
0.4194674
0.37676212
0.4282322
0.26925752
0.32788458
0.65873915
0.46855715
0.53033286
0.5731617
0.39871606
0.36873448
0.85439223
0.9355645
0.45728105
0.42467153
0.46634212
0.35157013
0.18398732
0.19679177
0.16831335
0.17809653
0.17467716
0.23724622
0.32071865
0.4173665
0.6674284
0.7542856
0.89072174
0.44610882
0.545255
0.5484684
0.647064
1.038059
0.65941685
0.89228266
1.035568
0.53422034
0.60582316
0.32260343
0.2803443
0.17946726
0.18289128
0.2100291
0.20144343
0.19067654
0.35714573
0.3318712
0.4487801
0.44010055
0.2797314
0.296551
0.3393309
0.36650905
0.2560207
0.2658677
0.3802493
0.621281
0.53192097
0.8541913
0.8069615
0.43010077
0.5315419
0.34510273
0.21093741
0.35564402
0.25817198
0.2524734
0.17911813
0.16073611
0.16803962
0.4281586
0.46135238
0.32968643
0.22337365
0.18136013
0.2247299
0.27707055
0.50531536
0.41876164
0.3784651
0.5113183
0.67041916
0.5564553
0.71336764
0.8524087
0.5644481
0.17401668
0.22703436
0.15906286
0.16191953
0.17716461
0.1581119
0.33033198
0.29049733
0.42037234
0.27023226
0.3764932
0.16462314
0.19775343
0.16957086
0.20892587
0.7861929
0.79434294
0.19348827
0.43765572
0.7056514
0.7703368
0.79820013
0.44470677
0.37648854
0.26642406
0.19731489
0.17672089
0.15139854
0.23365524
0.25276825
0.265282
0.33087197
0.37074047
0.5729271
0.3297537
0.24494553
0.20770907
0.17338163
0.28166112
0.29695725
0.8593303
0.82949865
0.37044916
0.48499525
0.5612877
0.985271
0.67228633
0.40014777
0.38277856
0.22106004
0.17358533
0.16523305
0.19861776
0.20321655
0.20652384
0.2008641
0.59565294
0.45512724
0.19093806
0.17367324
0.22417888
0.19456068
0.49804267
0.41654173
0.5557944
0.37508947
0.36724222
0.48288578
0.6993549
0.6682527
0.74046403
0.47013688
0.6122267
0.43113676
0.35795733
0.23662618
0.21724361
0.23069033
0.24949673
0.22224411
0.22563058
0.29072136
0.38554236
0.29243085
0.4264896
0.6641482
0.34624994
0.43240872
0.58719784
0.70397955
0.7429899
0.83574474
0.44520262
0.614977
0.45513478
0.58961254
0.31260532
0.2599472
0.1641339
0.1941325
0.17652589
0.18095079
0.17761582
0.24732387
0.3526301
0.46159127
0.70096314
0.6999872
0.35035995
0.6996068
0.37286028
0.3478582
0.38960168
0.45574623
0.5938298
0.56942165
0.83776385
0.83648056
0.6183502
0.36873978
0.17986837
0.1673317
0.17214578
0.2079309
0.20081818
0.166841
0.10729849
0.26632795
0.39150044
0.4610782
0.39777824
0.2154052
0.21686336
0.16774502
0.36472633
0.2683303
0.7549208
0.4191224
0.49456605
0.86490214
0.68245876
0.5641525
0.50071645
0.40907034
0.1489461
0.18443495
0.16454703
0.16952556
0.21823275
0.150193
0.13768253
0.25569126
0.49677718
0.4575422
0.53634644
0.21376541
0.20759705
0.24673212
0.84961534
0.305401
0.09310293
0.775227
0.55473447
0.79913026
0.6433409
0.72865653
1.1079983
0.46087673
0.349455
0.16281468
0.17158851
0.15553784
0.21171513
0.171467
0.17991781
0.29010355
0.5318006
0.4199089
0.5899064
0.29536226
0.24964738
0.20385164
0.35255027
0.39922863
0.65697867
0.33303422
0.39540225
0.5764273
0.68712616
0.8303802
0.58462083
0.36243087
0.17701948
0.20557183
0.14995098
0.1769864
0.20174551
0.18099421
0.15696076
0.17852092
0.31544337
0.57932603
0.42957678
0.26208436
0.21862021
0.37749004
0.40472847
0.6818244
0.33453476
0.7873746
0.43395537
0.69398797
0.75480485
0.77831984
0.62848055
0.39546156
0.44280395
0.16361123
0.17153403
0.23095796
0.21763492
0.2046018
0.19571748
0.23193955
0.52773523
0.37688747
0.21828184
0.41559324
0.54675096
0.2605202
0.41634747
0.38032082
0.45594844
0.30262506
0.67274773
0.44350106
0.4412954
0.47222286
1.1669037
0.52421194
0.23157233
0.19075456
0.16778594
0.14889595
0.16955268
0.1782287
0.23742545
0.2852495
0.42562303
0.3673815
0.9367736
0.4072286
0.23252249
0.29779765
0.19372004
0.5245931
0.325814
0.501832
0.46081865
0.6058088
1.7844424
0.9991769
0.46636495
0.4289551
0.67014325
0.35707057
0.3631743
0.27123183
0.21609539
0.19760904
0.17188346
0.16917613
0.24208504
0.4587421
0.6263349
0.5314282
0.75652194
0.3695013
0.7542374
0.70574915
0.78525895
0.51497257
0.5035497
0.5689678
1.1745756
1.3068662
0.44118857
0.501636
0.25889683
0.16100213
0.1918596
0.18597347
0.18956792
0.19016898
0.16146228
0.19020477
0.26907852
0.537891
0.6479819
0.19912544
0.14210254
0.24026063
0.34514228
0.35435292
1.2445222
0.35481519
0.7069199
0.6614947
0.9314045
0.6341327
0.5358328
0.41259408
0.4294508
0.14382252
0.15003291
0.1446225
0.1830092
0.14761344
0.14018297
0.13787249
0.41516724
0.47380602
0.33521813
0.48418227
0.22405672
0.29970318
0.21423987
0.32289737
0.3528344
0.34161595
0.6143491
0.72116596
0.7872991
1.0341953
0.74044603
0.4828927
0.21887752
0.16778958
0.16048571
0.14253384
0.1983867
0.15027189
0.15974411
0.21443939
0.41471633
0.5581625
0.47974485
0.189372
0.21118712
0.24486053
0.4985122
0.22083908
0.29958642
0.45388857
0.5859651
0.7409307
0.52730894
0.59036094
0.6236541
0.43818885
0.26005828
0.18799475
0.1616706
0.18632421
0.1838068
0.20134768
0.22125745
0.23055276
0.5477192
0.6187541
0.23681143
0.39935398
0.24941427
0.6229181
0.6820944
0.2873245
0.98824006
0.41387993
0.5058312
0.680014
0.46418184
0.5380047
0.51050997
0.51101184
0.4663134
0.33652893
0.19493952
0.22071013
0.20543566
0.22205725
0.24263185
0.28823003
0.4077194
0.5499221
0.22486207
0.28842402
0.21294159
0.19949275
0.565712
0.34650224
0.3986746
0.62739706
0.6641265
0.68516135
0.6216489
0.93967366
0.49161264
0.5413868
0.41725808
0.2812833
0.2009297
0.1944015
0.18125391
0.20695049
0.24012452
0.25356063
0.28326225
0.7017542
0.38927633
0.2777134
0.18306637
0.31833398
0.32625622
0.47776678
0.42666495
0.57072914
0.49300566
0.5240408
0.4777171
0.9274646
0.7189759
0.23864236
0.3109558
0.4074699
0.28260428
0.21927637
0.20689702
0.21718574
0.19115043
0.21552667
0.24458301
0.39350712
0.4863845
0.49315232
0.7280152
0.17601064
0.28815857
0.37357357
0.6311691
0.64386165
1.1411171
0.70378643
1.2573181
1.0041441
0.5564173
0.4932669
0.3489154
0.17126817
0.18247238
0.17184624
0.18927261
0.22427541
0.21988592
0.39372924
0.4453308
0.47001213
0.4778266
0.29561403
0.21149096
0.31496736
0.21356401
0.2606845
0.7116323
0.55942655
0.5506865
0.8085127
0.61276525
0.65766937
0.5303713
0.37154678
0.42415774
0.22881484
0.23240697
0.19227415
0.21094197
0.16105804
0.3015421
0.18783575
0.42778608
0.5482625
0.35348874
0.20439911
0.28870443
0.29755735
0.40508494
0.2676383
0.4648343
0.38200766
0.4041222
0.68027645
0.9234379
1.0301137
0.5878564
0.37741444
0.37520435
0.2970408
0.17212775
0.18706107
0.19791827
0.2180329
0.20435417
0.19578612
0.50786686
0.5012071
0.45266217
0.2252056
0.26302022
0.1837591
0.41366246
0.46614006
0.2600724
0.22798753
0.47066015
0.6988462
0.55712503
0.42618722
0.4905875
0.34513843
0.33611995
0.24413815
0.1543388
0.19302478
0.19230834
0.20834503
0.19571102
0.2704312
0.3388674
0.55006164
0.41993755
0.24892685
0.2080726
0.23095441
0.2683798
0.43262133
0.43199134
0.4834344
0.58176357
0.5360308
0.766402
0.6744137
0.9590556
0.59278816
0.31393963
0.23267227
0.19411492
0.19086441
0.16297135
0.20202863
0.22079846
0.2367729
0.5205456
0.72206414
0.13403839
0.21108201
0.29642177
0.3306404
0.5353658
0.22560918
0.5148299
0.6175037
0.3816572
0.44748324
0.42698383
1.5043899
0.56582475
0.4096772
0.37868875
0.3271555
0.20103067
0.20290893
0.2056785
0.19574997
0.25759193
0.19693172
0.25527495
0.42015865
0.5237948
0.3345624
0.515988
0.36744934
0.3659698
0.43422976
0.47401628
0.6455394
0.76665246
0.54798406
0.8938366
1.1403071
0.514024
0.42363998
0.6592752
0.28281403
0.22417161
0.1924803
0.18136397
0.17429021
0.18446171
0.19108361
0.31345192
0.4097731
0.2663038
0.17498752
0.2983694
0.5144623
0.13261876
0.34467486
0.86935085
1.367995
0.7004344
1.2751489
1.6465646
1.1603496
0.6250607
0.42526722
0.19015446
0.33653882
0.12230554
0.15592006
0.20300367
0.24594602
0.39354506
0.6038391
0.56163144
0.5444264
0.36971346
0.2041943
0.2849424
0.32944986
0.490811
1.0408909
0.6210359
0.44425303
0.51053464
0.55941993
0.8173534
0.68390185
0.5964841
0.36869943
0.2240062
0.18648875
0.16786245
0.19664693
0.22357899
0.1946634
0.17743486
0.30235684
0.4697034
0.45477775
0.26161847
0.17744517
0.3507673
0.57035863
0.4096066
0.37210894
0.41829348
0.49626794
0.6286179
0.36992553
0.6903341
0.94338626
0.4767822
0.561005
0.30724815
0.19239864
0.18499973
0.21137151
0.20724484
0.18878666
0.19737223
0.2825024
0.48246577
0.5225255
0.05970705
0.2323137
0.22749305
0.24429512
0.53178316
0.2866021
0.35511696
0.47230014
0.6343092
0.39553326
0.60789895
0.86456394
0.55575055
0.6143308
0.3994887
0.17627105
0.18368798
0.1605998
0.1747007
0.1920658
0.17577252
0.17885622
0.52004635
0.5217132
0.4819061
0.21281928
0.20930758
0.14803302
0.3940159
0.633723
0.2763528
0.5187061
0.4686534
0.6905883
0.45261732
0.5817943
0.5964967
0.5282287
0.48222446
0.16389501
0.17791754
0.16388541
0.14335829
0.15869361
0.19807363
0.26829237
0.42732337
0.5740153
0.12120631
0.30639118
0.32664883
0.22904384
0.57632077
0.19893241
0.35568598
0.7189574
0.48488313
0.5521137
0.37190348
0.5147901
0.6784202
0.6501444
0.47278845
0.22982529
0.33656302
0.28668526
0.26827782
0.25638115
0.20155853
0.33044505
0.18717471
0.44027424
0.28797957
0.6776539
0.40755233
0.7082388
0.41369984
0.5770116
0.32304934
0.41724342
0.44873115
1.0081282
0.42174894
0.464062
0.6642698
0.572565
0.18088922
0.2851115
0.38981456
0.23218325
0.25664195
0.24097103
0.25311926
0.19867846
0.2481676
0.2992444
0.5837016
0.79397076
0.063461095
0.7648624
0.3974345
0.5620974
0.5790798
0.65342015
0.8612912
1.0109558
0.65680367
0.4726115
0.6974353
0.442212
0.25289416
0.27698556
0.18168992
0.29538485
0.2907892
0.23778948
0.24126571
0.36756873
0.46030447
0.44914454
0.3945599
0.26224017
0.28522512
0.2589252
0.2903142
0.406951
0.42146924
0.47333547
0.48378536
0.54604006
0.5045874
0.5451769
0.45070973
0.6795587
0.27836418
0.23799312
0.31739783
0.21725291
0.2279697
0.18652502
0.17925066
0.18202543
0.44156316
0.34659564
0.2184884
0.25552186
0.30925894
0.22048488
0.2845928
0.61002743
0.36636218
0.36902407
0.40988442
0.57445484
0.999133
0.8038394
0.5479143
0.24679339
0.50725853
0.24457538
0.15624091
0.23516285
0.31222662
0.21486354
0.22304183
0.29593474
0.4093973
0.25831097
0.32363614
0.21474192
0.21054792
0.19950062
0.19581941
0.6604905
0.3223087
0.7418672
0.5242203
0.47152084
1.1917214
0.85497534
0.73496366
0.3658297
0.31282273
0.19177657
0.24268317
0.16248569
0.23016089
0.19380438
0.16005188
0.21737266
0.36154157
0.3420017
0.33878902
0.26843268
0.20456502
0.234236
0.24721459
0.30145463
0.8036824
0.29242074
0.31474555
0.5635156
0.36001185
0.5024279
0.46462163
0.48673856
0.32379362
0.22558194
0.20384663
0.20818907
0.21026021
0.2096633
0.19069567
0.23636234
0.3383443
0.52923924
0.3016178
0.22568846
0.19610512
0.14302248
0.4885509
0.43298447
0.46975845
0.34111756
0.39425525
0.65806377
0.63735324
0.8450388
0.41517654
0.6152813
0.36423686
0.28918895
0.20792967
0.20235631
0.19049942
0.19595289
0.23189324
0.33050618
0.36370742
0.49236295
0.2538074
0.26700875
0.3796643
0.14993635
0.5019604
0.41232616
0.5041828
0.42134616
0.5389532
0.7344633
0.32480866
0.60367054
0.35369995
0.5677194
0.5758335
0.41712055
0.60737264
0.21339598
0.18266511
0.22266755
0.23336661
0.19746792
0.22283047
0.27195814
0.4757239
0.14317697
0.7270806
0.14951569
0.38780043
0.567682
0.5091269
0.75099504
0.92525995
0.8547852
1.0406702
0.9364832
0.6621693
0.555484
0.28375047
0.2209877
0.19325706
0.18805617
0.230508
0.21371895
0.19723687
0.20941436
0.44512767
0.5125751
0.3472934
0.27643058
0.1753222
0.36624593
0.31106645
0.32263812
0.5085975
0.45278773
0.52680635
0.56839234
0.86920416
0.5358178
0.44026297
0.5545912
0.22323573
0.16691291
0.1846245
0.19054574
0.2674241
0.20115829
0.20752797
0.23108724
0.4831098
0.52333707
0.21690139
0.14982069
0.20140585
0.2887871
0.4189607
0.24345595
0.36981532
0.40126264
0.4801752
0.42777726
0.70268506
0.71832174
0.5186945
0.5541761
0.26197508
0.2877558
0.1867933
0.20860487
0.21614018
0.19856629
0.19916078
0.30558625
0.49146584
0.3779981
0.6899983
0.25220326
0.21467865
0.26733628
0.38095546
0.3447907
0.4224821
0.3563875
0.30899742
0.5506971
0.6011113
0.597387
0.53576064
0.360147
0.10913962
0.2025607
0.18825299
0.20032492
0.22668087
0.20378417
0.20748433
0.23730874
0.51266766
0.25627646
0.14425549
0.24146754
0.15214166
0.19321176
0.39949918
0.43194205
0.16239059
0.46673182
0.3834883
0.6486205
0.83082384
0.61055464
0.5564744
0.7070623
0.41386786
0.2653097
0.1935513
0.191643
0.21446839
0.20930117
0.17937955
0.1927661
0.63471895
0.51672643
0.1704858
0.23157167
0.25787684
0.15233359
0.6178956
0.4340989
0.44002333
0.4273726
0.39728153
0.5912972
0.7541076
0.6429321
0.66163003
0.6017797
0.16260907
0.21373159
0.2151489
0.20326433
0.20819032
0.2145634
0.28002104
0.27909982
0.27697515
0.34413162
0.44409156
0.21263003
0.48485908
0.10281035
0.112840295
0.2958896
0.60032004
0.36438367
0.53079015
0.6653929
0.65875465
0.6217273
0.5086158
0.48892415
0.55612504
0.38590914
0.27692404
0.27582684
0.19867912
0.20696655
0.17448848
0.21686715
0.25134465
0.3640668
0.465306
0.16591576
0.32766423
0.4252755
0.5365075
0.2132417
0.69563174
0.5340116
0.71471506
1.1149454
0.66863436
0.41214985
0.46872756
0.5284549
0.37295398
0.29258922
0.2003096
0.19939592
0.1813016
0.22230527
0.20515966
0.30603644
0.47234413
0.5196962
0.2870392
0.20135945
0.47434986
0.11374518
0.29422885
0.8054263
0.7085115
0.30578387
1.1862044
0.39459026
0.6182447
0.6376191
0.68678904
0.5069736
0.4080343
0.21781397
0.18779531
0.23747292
0.33378386
0.25559005
0.20675439
0.2996491
0.44787455
0.5425997
0.18479407
0.18511978
0.18078467
0.27727687
0.45246556
0.41429746
0.3158826
0.34419158
0.45610648
0.5685837
0.40649703
0.93230414
0.61812794
0.5122071
0.19512355
0.20319563
0.2382172
0.22127756
0.22313935
0.20464477
0.2145485
0.28578773
0.47852173
1.0548756
0.36852166
0.23800394
0.23504311
0.3304944
0.38696963
0.2194809
0.5437177
0.69296813
0.48008227
0.6424847
1.0412265
0.6636229
0.4402528
0.3596915
0.3078888
0.22491726
0.17777103
0.19265455
0.19568259
0.20865482
0.20149869
0.22194517
0.64434946
0.39299694
0.041388515
0.20915881
0.22974509
0.2972763
0.42399007
0.17051888
0.35705385
0.2856954
0.44303814
0.5215173
0.5856011
0.60803014
0.4383
0.6271902
0.3431869
0.21596742
0.19216707
0.2206105
0.20338544
0.19578835
0.22275755
0.20709065
0.50691414
0.35535225
0.14742085
0.28769106
0.47489944
0.52485
0.55419356
0.40480185
0.37923127
0.43125993
0.4652833
0.12619004
0.44166002
0.6118206
0.7478843
0.5296333
0.23270077
0.68038136
0.643027
0.23646218
0.3256382
0.2523901
0.26641774
0.2138035
0.5854005
0.49395773
0.63288045
0.57315356
0.21797198
0.19278717
0.648614
0.51746446
0.38607863
0.2371242
0.2990593
0.42600903
0.34516752
1.0952884
0.5403549
0.5619131
0.43977672
0.36158788
0.28724867
0.19341251
0.21057132
0.19606653
0.21768785
0.19451457
0.37477088
0.56248105
0.31365773
0.6042628
0.49051675
0.8068229
0.26374015
0.42793584
0.4673541
0.37620297
0.53451383
0.5667097
0.3873557
0.5464735
0.67739165
0.5096165
0.44984993
0.22763339
0.17491496
0.19818857
0.21829522
0.22222084
0.20649388
0.24883315
0.43600464
0.5091816
0.27886206
0.19334394
0.3820195
0.66651577
0.206801
0.2852378
0.31356665
0.25478283
0.6473957
0.6284596
0.8858893
0.62706125
0.58595234
0.32059708
0.4306098
0.29820108
0.18234462
0.19503826
0.24521184
0.19092593
0.21673054
0.1444068
0.38871142
0.43136054
0.4022656
0.27860948
0.22537044
0.24202904
0.2841035
0.5295605
0.2799594
0.33190554
0.25186682
0.55243295
0.65486735
0.5364322
0.38170898
0.5792917
0.29589233
0.21894708
0.19499573
0.18193072
0.24056855
0.21284199
0.17615393
0.17125544
0.5739594
0.53391343
0.7601162
0.2064243
0.20587566
0.5975312
0.29686114
0.5405076
0.09681967
0.12002158
0.17555702
0.2194809
0.5850422
0.5527063
0.61742276
0.4117334
0.15989068
0.16754982
0.16786689
0.1947031
0.1703142
0.21114954
0.17130944
0.21745074
0.47620508
0.38448763
0.14702103
0.23858646
0.19629031
0.26972216
0.38542303
0.32884765
0.043542597
0.29264358
0.3716304
0.46153486
0.5975607
0.8869483
0.7442655
0.46914148
0.35898575
0.4298548
0.16846871
0.18773177
0.17339027
0.21330774
0.21392855
0.25209913
0.28777876
0.6311058
0.17214724
0.41295752
0.21629444
0.25439355
0.38693836
0.28909406
0.37667772
0.58078384
0.42525995
0.59994227
0.681176
0.78846693
0.4578826
0.56525344
0.3469807
0.47571343
0.2277787
0.21420935
0.185446
0.18921146
0.24769735
0.2169975
0.31983376
0.5269711
0.25650933
0.3432233
0.26504666
0.40490907
0.5129202
0.714478
0.31938553
0.46313423
0.43735784
0.37171677
0.7386328
0.8418093
0.85773844
0.4634516
0.2924164
0.21884647
0.18220481
0.19041169
0.21754402
0.19036973
0.28172535
0.23675823
0.21581236
0.449596
0.6688526
0.55756205
0.5138199
0.23719364
0.4801752
0.3340272
0.4034163
0.6069685
0.6099429
0.59771866
1.2479296
0.96465826
0.5725694
0.47590473
0.4800397
0.25366855
0.19594416
0.23384005
0.20132056
0.20292449
0.17741281
0.20357499
0.4202742
0.45828262
0.22075912
0.31256127
0.31835216
0.6138635
0.4289162
0.4359182
0.3315705
0.304796
0.550269
0.47777912
0.6592994
0.9211121
0.75421566
0.1459013
0.2891574
0.14953285
0.17597747
0.16498834
0.17537403
0.15847927
0.16501233
0.18858081
0.53350395
0.4053427
0.25656104
0.22252184
0.24348393
0.31100678
0.4382159
0.30421737
0.32597163
1.0336771
0.13338268
0.269643
0.4901975
0.5090263
0.56338817
0.25456783
0.32502037
0.26739103
0.19235289
0.19261646
0.20267504
0.20269752
0.35728875
0.27970952
0.37449548
0.30199963
0.20974511
0.28601494
0.15652293
0.25411212
0.55400366
0.62224823
0.3853568
0.34076616
0.62926316
0.52277064
0.6392284
0.97579
0.59487987
0.4313611
0.22797218
0.1550186
0.16721842
0.1548172
0.14932999
0.19663894
0.15146005
0.35810828
0.5829465
0.33547243
0.4282618
0.34236482
0.44760248
0.23716086
0.4248333
0.41306302
0.54302216
0.29078525
0.5780535
0.24835584
0.5948795
0.887276
0.3631759
0.52599317
0.5204152
0.46170855
0.37789348
0.27227703
0.2734805
0.2490823
0.22548327
0.2390258
0.22670022
0.3923911
0.5008638
0.819804
0.85782605
0.3769191
0.429177
0.48298422
0.27662647
0.1958426
0.32798332
0.49202234
0.50151795
0.529147
0.56429243
0.70719695
0.5149801
0.46123996
0.41350868
0.2125782
0.21382502
0.22945833
0.24856603
0.23446846
0.42082557
0.59163976
0.40539825
0.30941257
0.54100114
0.8925554
0.28124598
0.6163984
0.45690995
0.6331435
0.9464984
0.37971446
0.43228352
0.5437558
0.7157496
0.5651221
0.36576143
0.2503702
0.1996229
0.20029056
0.18913904
0.17968172
0.19066754
0.2502946
0.38037148
0.15423593
0.68602806
0.60122126
0.43897894
0.2684699
0.32130057
0.49749207
0.59857464
0.7983959
0.7169208
0.543246
0.4790455
0.8269501
0.60582715
0.6597131
0.39137745
0.38302776
0.23900545
0.22688371
0.20004094
0.21481338
0.20306256
0.26497868
0.4398296
0.2228046
0.45569527
0.28024194
0.40700924
0.53096247
0.6446709
0.1866681
0.40587205
0.5544305
0.45979577
0.17750457
0.5534308
0.76993126
0.7022483
0.38814265
0.16403604
0.2306712
0.19436944
0.19672799
0.21830255
0.21088752
0.27178496
0.33992293
0.37909558
0.3147918
0.32902604
0.2824065
0.25322396
0.26693952
0.34213832
0.30255017
0.3984387
0.3257872
0.485942
0.45483133
0.95540434
0.85416365
0.48112944
0.48283243
0.22379318
0.15352842
0.1809521
0.18791571
0.22214714
0.18357289
0.22134477
0.3444044
0.51183724
0.33335236
0.26249078
0.181898
0.1936999
0.39078787
0.37659076
0.40431276
0.33142546
0.3490289
0.746437
0.83705646
0.64157206
0.82726675
0.4550964
0.29854628
0.10217062
0.2362633
0.24107587
0.25521177
0.20023769
0.2130681
0.2444278
0.5695995
0.48616317
0.36940593
0.26746956
0.21544844
0.20949152
0.2579673
0.63127244
0.69227654
0.14692804
0.35481676
0.40321985
0.9363735
0.45808938
0.571857
0.56772304
0.50244975
0.26096535
0.19219708
0.19796434
0.21576887
0.19602627
0.21942317
0.26089978
0.51198167
0.3657141
0.18188506
0.14946488
0.30942863
0.14264616
0.72036374
0.30400229
0.21501556
0.33974946
0.8268748
0.42734826
0.89895636
0.4980868
0.8170426
0.52528256
0.53203803
0.25151217
0.1792252
0.20232257
0.19815928
0.20124865
0.22462717
0.26600862
0.29644993
0.20989627
0.40892422
0.59468144
0.2122317
0.23246929
0.34969717
0.749457
0.55459046
0.99687946
0.4604616
0.46240965
0.44759884
0.40493664
0.91980803
0.4975482
0.5864961
0.13201386
0.26325914
0.18839732
0.19497892
0.21199998
0.19524735
0.20727235
0.22006747
0.24112582
0.48938468
1.0228045
0.52838296
0.52882475
0.46431285
