0.34040773
0.22230941
0.26595968
0.2982146
0.31153855
0.29645064
0.30466247
0.52140206
1.7657895
0.5453808
0.59133
0.40465927
0.5005655
0.3987762
0.34409308
0.35135558
0.31828657
0.30005544
0.23009714
0.19523835
0.21446112
0.27750838
0.39053282
0.36229596
0.28442553
0.28358558
0.3033686
0.32367787
0.31344283
0.32395408
0.34560898
0.3983228
0.37391144
1.6348549
0.5832747
1.0576979
0.7859027
0.59840477
0.41663662
0.3845204
0.35053483
0.33741367
0.25737852
0.20960608
0.23522618
0.28300726
0.36805657
0.3831028
0.34336218
0.3001764
0.348954
0.35397086
0.5203408
0.40616018
0.3818301
0.4421264
1.4642088
0.6289144
1.0772337
0.91135836
0.7498129
0.41108295
0.36077872
0.34299973
0.3336858
0.31699622
0.21293983
0.31987256
0.3400264
0.33864275
0.38302583
0.38274816
0.3585259
0.289835
0.25599554
0.33189985
0.3629186
0.32051048
0.28964072
0.43676907
0.4548231
0.47448304
0.46216828
0.62015283
0.40073684
0.4178478
0.3097007
0.34179145
0.31308147
0.2896136
0.18386388
0.23506245
0.32871807
0.3386088
0.35864595
0.3947508
0.3071479
0.2951083
0.32966912
0.35789248
0.3325673
0.23233643
0.26537558
1.1145005
0.46524298
1.1969883
0.5330956
0.39365768
0.33073294
0.38717487
0.30304006
0.34363976
0.3187052
0.27336556
0.15635303
0.29230246
0.32353967
0.3454044
0.3842674
0.3695773
0.27543592
0.32141536
0.3105221
0.31623396
0.31324485
0.2933508
0.32980052
0.38223433
0.34166306
0.36625132
0.4124885
0.63805926
0.42065588
0.42305836
0.31521225
0.34351435
0.30555403
0.25820452
0.13420904
0.22567064
0.27692097
0.32563546
0.36601058
0.5201209
0.5921983
0.49808303
0.29304978
0.26533595
0.23943523
0.31454548
0.42271286
0.34447834
0.6391852
0.53821385
0.383768
0.2588336
0.32061386
0.35047215
0.2664324
0.272678
0.23282748
0.21274716
0.13667002
0.17055362
0.22945267
0.29175913
0.3752231
0.28233287
0.23688734
0.24050304
0.23818403
0.25587922
0.27739257
0.2884728
0.4275428
0.5700617
0.5291353
0.4228073
0.4030697
0.39191896
0.31345236
0.31535816
0.29336926
0.2849506
0.23888013
0.22578326
0.17114034
0.20177597
0.2540858
0.29101768
0.31605738
0.6053324
0.37501577
0.2509045
0.32337964
0.280979
0.27252823
0.63118166
0.9843239
1.0857188
1.7596529
1.3919976
1.1157957
0.52007675
0.32948643
0.310471
0.29250684
0.281332
0.25574782
0.23167875
0.18458727
0.12812471
0.20439991
0.31643385
0.36152083
0.37836716
0.53987557
0.7586571
0.95168823
0.9840957
0.99157584
0.5498157
0.40678537
0.4248783
1.1374716
0.6359359
1.1435711
0.90549415
0.39509267
0.28500846
0.27192956
0.26261154
0.25408122
0.19821963
0.26359764
0.29321897
0.2681929
0.30754754
0.35024318
0.39814904
0.3282402
0.2545545
0.27862817
0.28971097
0.26349476
0.28011942
0.27275208
0.40807974
0.3869772
0.39994702
0.49401873
0.5123627
0.3274358
0.27960488
0.14440984
0.13465318
0.121966004
0.11582601
0.10749671
0.28070936
0.2750078
0.3272157
0.33575672
0.33509976
0.3772456
0.55157655
0.6493092
0.37176728
0.18842071
0.24488723
0.37067854
0.38443163
0.75141037
0.6237896
0.41040486
0.4350738
0.3144508
0.3096634
0.21715999
0.26014525
0.22153482
0.15712899
0.18142039
0.24223486
0.30668846
0.34300962
0.3436783
0.3201263
0.2961868
0.2762196
0.53508675
0.84774953
0.6218799
0.36073503
0.40694228
0.8174975
0.491825
0.3922091
0.42801377
0.39709634
0.23530164
0.24492553
0.2024754
0.24037689
0.20290646
0.14079756
0.19503179
0.23675734
0.26946726
0.31488028
0.3413627
0.30217397
0.24353272
0.30516732
0.29693624
0.25423628
0.27030912
0.77181774
1.3184546
0.9682409
0.5522551
0.6829037
0.68737173
0.5205346
0.41825235
0.32632476
0.2787376
0.23444575
0.20042223
0.1845116
0.15605515
0.16452134
0.22928903
0.2942649
0.31932792
0.30360374
0.27254045
0.21292245
0.29597822
0.33349523
0.29080996
0.373338
0.7142808
0.9367749
1.8487022
0.69793946
0.43757224
0.34224695
0.29154283
0.2504706
0.22754622
0.22925827
0.1997227
0.196614
0.18562093
0.1586982
0.24065971
0.32595536
0.40526438
0.50738543
1.1746769
0.71499187
0.24920446
0.32231122
0.4913317
0.34163594
0.43748623
0.73533124
0.6357475
0.57803726
0.45082214
0.72637105
0.3899346
0.28558567
0.29271367
0.2394171
0.21913779
0.21103626
0.17053819
0.17749092
0.24157259
0.35565302
0.38412556
0.33966628
0.27994826
0.31994686
0.3067822
0.3351444
0.28468674
0.33497137
0.4551369
0.50349855
0.606186
1.3421097
0.9527253
0.39434403
0.36420503
0.20096707
0.217563
0.20987737
0.1607934
0.1514338
0.35087594
0.27208087
0.29108065
0.3103319
0.3259938
0.34289622
0.2684408
0.77693194
0.47912198
0.7986701
0.89288205
1.2106249
0.70080924
0.58518755
0.7935508
0.5403782
0.40124846
0.37572855
0.28577843
0.33428147
0.20777842
0.21214953
0.1460779
0.12146938
0.2007044
0.23080942
0.26496914
0.27675
0.29277256
0.3059204
0.2878399
0.22225502
0.2997697
0.35766986
0.29898426
0.2804133
0.5438912
0.48952493
0.41817918
0.54565513
0.8075355
0.5478148
0.2600963
0.27384412
0.1834096
0.2062664
0.17423671
0.15113622
0.17732346
0.24679863
0.29515737
0.29272524
0.32729334
0.3290246
0.26059878
0.23297203
0.28500128
0.28310883
0.25200948
0.30218926
0.34234968
0.6375191
0.57712775
0.47155303
0.5448999
0.4655004
0.30923015
0.26814708
0.22218776
0.18493852
0.18389273
0.15076986
0.159008
0.2094183
0.23943624
0.3034391
0.34162483
0.407155
0.18264323
0.22488424
0.22236699
0.3134674
0.53126776
0.56819373
0.8447867
0.68104464
0.29188687
0.6124259
0.72301066
0.47870502
0.3383571
0.22349238
0.20611772
0.20084101
0.19346651
0.18540019
0.17850828
0.2096583
0.2617519
0.37655884
0.287268
0.34119388
0.21294704
0.22203574
0.19745186
0.3847947
0.27838615
0.42393896
0.6586774
0.9396423
0.7105843
0.6794072
0.33224216
1.0341147
0.33427164
0.20050669
0.21980545
0.20431629
0.19691435
0.19151789
0.144286
0.189287
0.31181476
0.35035276
0.2566679
0.40677157
0.5340493
0.24061486
0.2132129
0.27729288
0.2257962
0.6403877
0.8298011
1.1148801
0.8095314
0.68013626
0.6168727
0.5388583
0.14647523
0.040136162
0.1577009
0.20294747
0.21101898
0.19377837
0.22230679
0.28803205
0.32571223
0.34833446
0.46024078
0.30746445
0.22695127
0.24897796
0.29542893
0.42224717
0.2443383
0.29630348
0.55533105
0.9054978
0.77580935
0.7992595
0.6876114
0.6617354
0.3511115
0.08533716
0.1968489
0.17851728
0.13728017
0.15466371
0.2682283
0.24089137
0.27184057
0.2592565
0.31317607
0.31765687
0.26240733
0.23208249
1.0386636
0.6131694
1.4199085
0.760384
0.40248132
0.59975404
0.77663743
0.6173807
0.539631
0.53913563
0.35936478
0.21909192
0.17514676
0.20496663
0.18852106
0.15800807
0.1616013
0.23479044
0.24114889
0.2865496
0.27858695
0.3084836
0.35151336
0.34183124
0.21988449
0.24313065
0.26883438
0.31656733
0.51481885
0.71803874
0.61905146
0.42293897
0.41243252
0.37179202
0.19677365
0.25142312
0.2022421
0.20054188
0.1842604
0.14381641
0.14891115
0.21932304
0.22833031
0.32028234
0.2542091
0.26419333
0.25977832
0.27281237
0.23267728
0.28286555
0.48752916
0.30273658
0.73827857
0.69215065
0.5999612
0.4166239
0.5833623
0.67415255
0.48089403
0.3013913
0.28310075
0.19181037
0.18614921
0.16167161
0.16925895
0.19926047
0.2268281
0.28916568
0.34493208
0.30110216
0.29889658
0.008037899
0.35549787
0.31167826
0.16042376
0.51972765
0.5873622
0.87617564
0.7135701
0.59576917
0.46780947
0.38218498
0.223174
0.18617073
0.13099155
0.18195137
0.16316241
0.17480868
0.19899014
0.21762103
0.31366676
0.34521803
0.45228118
0.23091781
0.1443268
0.14464998
0.11651626
0.11461547
0.22486156
0.23266622
1.0117917
0.5825466
0.716114
0.4627804
0.39839986
0.3138241
0.0012663042
0.06549728
0.24210748
0.24981168
0.18042499
0.2047742
0.23217869
0.27268237
0.31404555
0.5126185
0.5525691
0.18644714
0.14603946
0.159949
0.123835474
0.19163975
0.33331326
0.4238784
0.5101807
0.88968474
0.70242107
0.86517143
0.8640984
0.716835
0.2414535
0.065657884
0.18506649
0.17813557
0.20048735
0.1779123
0.17043707
0.27446836
0.303961
0.42169893
0.46064773
0.27549145
0.23499781
1.847684
1.1563008
1.2170806
0.7984564
1.2108951
0.7225031
1.0902108
2.3341107
1.376439
0.8353585
0.4230558
0.43848562
0.14350232
0.29848936
0.21460092
0.20754191
0.2064395
0.21523455
0.30376375
0.28833807
0.36465776
0.29809108
1.1775967
1.0194932
1.5870916
1.6840856
1.7406714
0.88625795
0.7972441
0.86679363
2.0081363
1.9958236
0.6376512
0.37929168
0.25951177
0.58694285
0.32620662
0.23431504
0.21263912
0.20193696
0.17710224
0.14386854
0.2632585
0.2172575
0.43947384
0.33855078
0.3436644
0.26443696
0.37814555
0.21611488
0.28069425
0.39314926
0.5523526
0.63807446
0.53254247
0.42107278
0.95589775
0.61846477
0.4178857
0.25242665
0.23298505
0.16138262
0.18985927
0.17154312
0.16181949
0.1414372
0.26617795
0.28787524
0.37612203
0.7265951
0.4113492
0.28836992
0.21507585
0.2253862
0.14465559
0.27010503
0.3889241
0.78421855
0.5933425
0.4730139
0.6850055
0.80332834
0.4428389
0.31581643
0.22981706
0.17629448
0.19883159
0.17266533
0.16846573
0.15850815
0.24771681
0.23492786
0.37744963
0.4705428
0.21449724
0.19114527
0.17412329
0.2604762
0.33265433
0.21920672
0.38099575
1.192785
0.64176637
0.18842247
0.60274696
0.43420228
0.3441903
0.29043016
0.15552193
0.18332091
0.14676854
0.15691787
0.1800313
0.17579564
0.19143957
0.28936118
0.37366635
0.3219688
0.32640272
0.17700917
0.19163719
0.17551494
0.48006788
0.32648137
0.46321508
0.82510436
0.6266864
0.26777267
0.79867977
0.5290203
0.599954
0.23486018
0.14637366
0.19381115
0.1606045
0.15769267
0.18926358
0.19875765
0.21194696
0.3325537
0.32052997
0.1414035
0.5812481
0.21921515
0.21295679
0.32769504
0.57439446
0.7302259
0.7632993
1.4339044
0.88010335
0.6717645
0.8512186
0.65423095
0.46425113
0.17844298
0.10393387
0.16917911
0.16325083
0.21493188
0.18294603
0.18693891
0.28801256
0.3075607
0.34798366
0.2711435
0.20432916
0.29880592
0.30410844
0.35154715
0.42330033
0.52320224
0.57763577
0.67079085
1.0377374
0.95928156
0.9792739
0.76896036
0.5905007
0.32439002
0.1311073
0.25416052
0.17176858
0.1476253
0.17571422
0.2756437
0.17990115
0.33866426
0.31207618
0.22217992
0.50940186
0.9882298
0.34157756
0.33424553
0.33380538
0.4675418
0.30903313
0.50798196
0.7514471
0.76866734
0.5546214
0.5320948
0.4379447
0.27321404
0.24379134
0.14175123
0.17980772
0.16138965
0.15744928
0.17291114
0.27634865
0.31234795
0.32728565
0.30923167
0.43776977
0.2998048
0.21676019
0.24119505
0.07713196
0.32830694
0.29960844
0.92539114
0.55122733
0.5946434
0.5959936
0.88608515
0.42825153
0.37181935
0.25947222
0.24001643
0.18842655
0.19248733
0.19472861
0.13604069
0.27647537
0.23985189
0.40386388
0.21909678
0.23998946
0.17176002
0.17023218
0.43846774
0.31762525
0.26775652
0.45935932
0.42634788
0.53631115
0.60697085
0.6151002
0.506929
0.29536828
0.331064
0.1752316
0.16568157
0.17395926
0.15539819
0.19091937
0.12574616
0.24561471
0.22681648
0.370904
0.6954164
0.25248694
0.15449306
0.17930242
0.24335235
0.3223891
0.3130532
0.44140422
1.0332664
0.7118883
0.20666409
0.7419842
0.56647277
0.31980923
0.26620325
0.20757872
0.15587926
0.17722699
0.16436031
0.19284287
0.20295519
0.23327428
0.31701627
0.39826012
0.22482195
0.24446219
0.732177
0.6394629
0.15431559
0.3810793
0.2944722
0.31599572
0.5319899
0.817021
0.44114053
0.6806343
0.55259913
0.5376414
0.21856835
0.18491459
0.25547832
0.15943426
0.21982223
0.14273885
0.23901528
0.21146792
0.34829915
0.3468795
0.29078177
0.7944327
0.3746438
0.17016232
0.21672043
0.2884009
0.32120177
0.20181808
0.419473
0.8544645
0.9456974
0.91917884
0.76685286
0.4975303
0.28972375
0.13325718
0.1382803
0.16313276
0.19458553
0.13211194
0.20157075
0.23885816
0.33440122
0.38492015
0.3845337
0.28044295
0.25786683
0.44373327
1.0056154
0.917307
0.32065648
0.4905681
0.8197466
1.2454865
0.68512326
0.48188967
0.6771627
0.56174624
0.24904305
0.109514475
0.18664098
0.15556243
0.15167204
0.15892321
0.24204728
0.2284162
0.3471645
0.4700543
0.29729337
0.2541433
0.2528485
0.42168903
0.40180233
0.62252456
0.44289258
0.27705693
0.6602575
1.825936
0.61779475
0.5987111
0.5225895
0.4243434
0.28197318
0.25515974
0.1756466
0.19940579
0.18562266
0.17991367
0.19493195
0.2557612
0.25388187
0.3923692
0.27147108
0.23526254
0.21391279
0.3081672
0.3282343
0.17045757
0.44750592
0.46299434
0.97593915
0.6215173
0.82235926
0.5856419
0.47549817
0.32360277
0.2785304
0.2456137
0.15529093
0.21436414
0.19080523
0.1839855
0.1418736
0.29054284
0.21197933
0.4091312
0.22954378
0.27108154
0.2057147
0.35231784
0.23731324
0.3423209
0.33903274
0.27976078
0.97244656
0.55894816
0.21281007
0.64685076
0.6030868
0.44361097
0.47075945
0.19324362
0.25899404
0.19395185
0.20432678
0.21234024
0.20188147
0.23596516
0.25161666
0.4020535
0.26320127
0.1820122
0.14026529
0.25211686
0.21961388
0.361412
1.6064609
0.3922281
0.55836517
0.9571861
0.59665996
0.5938869
0.6861089
0.5886649
0.36360535
0.23686421
0.21664831
0.20486006
0.2022812
0.19998163
0.14200896
0.31009084
0.23345771
0.40489098
0.34407172
0.6806489
0.32441226
0.24231789
0.32280302
0.29111016
0.27084175
0.35821384
0.3641257
0.97835684
0.5932146
1.0083853
0.5840037
0.43117172
0.25253978
0.13496828
0.23019978
0.21514091
0.17913309
0.21670276
0.12485698
0.25315422
0.22190133
0.54995465
0.39417732
0.48706952
0.16878462
0.17919055
0.39261946
0.26523262
0.24943477
0.18394262
0.61627847
1.0425539
0.2820829
0.7052869
0.54486454
0.3947293
0.18134776
0.17520797
0.14284638
0.15646163
0.19520235
0.11188373
0.2863336
0.24196455
0.324007
0.29305175
0.34538963
0.13260639
1.1040461
0.7676082
0.38017374
0.32963488
0.67353266
0.51654375
0.88203835
0.90843034
0.5014116
1.1127809
1.0300049
0.6667488
0.24256647
0.05805591
0.28698903
0.18151724
0.18774122
0.21647882
0.19778535
0.28592753
0.25963566
0.40290496
0.54640406
0.48815587
0.24531436
0.5947079
0.50851345
0.57526135
0.47080636
0.43829986
1.1077656
0.6383623
1.2194946
0.8028622
0.9888542
0.48237416
0.32042155
0.24523911
0.22124928
0.2098186
0.21978006
0.22096312
0.19736475
0.2935578
0.29801896
0.39267305
0.239113
0.25035864
0.1941024
0.2526922
1.3403916
0.8350306
0.39238882
0.6164282
0.3607088
0.9630402
0.79478985
0.6452698
0.49810606
0.38566434
0.26599154
0.26373652
0.17193514
0.21051818
0.18705961
0.19999325
0.13542646
0.28077137
0.21843895
0.41090694
0.29041547
0.29414
0.20118526
0.29447168
0.26590297
0.18777242
0.29151237
0.34897274
0.93151796
0.9045924
0.37124455
0.8880235
0.5222328
0.43213624
0.52789265
0.12804759
0.34274715
0.22739622
0.23565018
0.255973
0.14574718
0.3005902
0.19488245
0.46513218
0.2846411
0.29663458
0.15903822
0.3121968
0.23688152
0.3208489
0.2860597
0.34418258
1.0063876
0.9887495
1.1235096
0.7225814
0.6706526
0.50499386
0.47562546
0.16320649
0.3056034
0.21587312
0.19997168
0.24751419
0.12737206
0.3197865
0.2672649
0.4555167
0.25991464
0.31219062
0.18908858
0.27351773
0.2247299
0.19498098
0.20855552
0.44968408
0.5994655
0.46992844
0.82358205
1.327863
0.798571
0.398526
0.31450307
0.20957476
0.2865952
0.21972793
0.21138817
0.21495995
0.19885236
0.2543393
0.2881571
0.46183556
0.52579767
0.45503002
0.19926962
0.27703324
0.34364566
0.37128308
0.72988576
0.81381935
0.6492546
0.86965173
0.4495471
0.9745203
0.7851755
0.432803
0.35872
0.18059635
0.1914174
0.16051066
0.18925539
0.22421777
0.15285444
0.31650203
0.25040576
0.40861535
0.30981398
0.523668
0.35333404
0.3987789
0.3727033
0.73649323
0.81751144
0.4584252
0.621313
0.9381405
0.8635233
0.7672543
0.475586
0.3890996
0.24681288
0.16803432
0.19550648
0.1851072
0.16889346
0.18524772
0.2545882
0.2599608
0.3371752
0.35551578
0.50320756
0.25554535
0.28021795
0.2519316
0.34780487
0.26758617
0.2997647
0.7329237
0.47934136
0.465765
0.68182415
0.6208491
0.625716
0.4981398
0.39442036
0.24162894
0.1919989
0.19456619
0.21253654
0.21056122
0.21019536
0.30654645
0.31043074
0.45810777
0.2249757
0.38778776
0.20946273
0.29410177
0.27855897
0.25241512
0.27686805
0.35358638
0.71027577
0.89974576
0.6518234
0.4845707
0.62172985
0.44718376
0.20991409
0.22101277
0.1560148
0.16658929
0.18569371
0.17402121
0.17948878
0.29798982
0.23802742
0.43024182
0.24775922
0.23350817
0.16502541
0.15291995
0.26271972
0.36003852
0.25641388
0.3435747
0.3292145
0.6212224
0.730855
0.67033505
0.8412169
0.46799806
0.23828349
0.23717374
0.22621927
0.20407987
0.19195643
0.22136396
0.18832839
0.2535224
0.28112248
0.45294717
0.25017825
0.75908816
0.49036342
0.24458846
0.16147727
0.43718523
0.36072436
0.49492195
0.6374232
0.8999825
0.63232803
0.7677108
0.57427275
0.40561947
0.3110176
0.20288706
0.1781584
0.17203069
0.18772435
0.20819241
0.21234104
0.2749868
0.28029698
0.44655982
0.29975858
0.32563168
0.26643422
0.23646441
0.2403478
0.35219648
0.20764437
0.49823707
0.4328617
1.2911234
0.6945833
1.1953192
0.77519155
0.37686655
0.2660673
0.17942944
0.27653062
0.20922273
0.21243948
0.21712998
0.20337856
0.26509225
0.24259579
0.34745786
0.3253929
0.34381092
0.22824767
0.26874065
0.24328595
0.3436876
0.351619
0.3304742
1.3840913
0.45571402
0.7444201
0.61371505
0.4845614
0.40460065
0.23987675
0.16714972
0.19205016
0.1763618
0.20760766
0.16029209
0.22912681
0.29266554
0.251872
0.32642597
0.24027184
0.24727899
0.49715835
0.5581086
0.26602083
0.33393392
0.82484645
0.3608327
0.4026897
1.3692113
0.9716611
1.0786266
0.80062276
0.5365109
0.2677678
0.16677725
0.24019665
0.18609366
0.18032488
0.14575532
0.21601534
0.2228235
0.2452243
0.37587237
0.28138414
0.46064264
0.40245318
0.29941055
0.26854253
0.32196197
0.60379875
0.5921279
0.6499527
0.7979709
0.9112169
0.65152097
0.52410704
0.4154838
0.30364612
0.21469414
0.12315032
0.1459485
0.1550976
0.12880793
0.22270179
0.1750609
0.2601051
0.43696442
0.259105
0.31033373
0.31570497
0.33304942
0.17779285
0.1876539
0.40347403
0.36708865
0.97778845
0.5522819
0.6613411
0.46481603
0.50042236
0.3924076
0.32557896
0.20396557
0.1804479
0.17285487
0.16780493
0.17986959
0.20124793
0.23314637
0.27678335
0.36853534
0.35610497
0.19850427
0.20585197
0.23529068
0.3294486
0.25605428
0.23320332
0.3191312
0.4653878
0.6722713
0.32750332
0.6213143
0.5760256
0.38274246
0.23900095
0.21111423
0.159985
0.17010298
0.18405116
0.19625032
0.20747823
0.23191002
0.29108813
0.37536147
0.4482456
0.21345583
0.19118962
0.29291826
0.24444446
0.2614332
0.488009
0.4855441
0.3294862
0.6403748
0.4963424
0.82681125
0.47685307
0.3579192
0.31721243
0.22566766
0.19059628
0.16521764
0.19448549
0.19779801
0.22216451
0.25049844
0.26480156
0.32793525
0.40627047
0.45259047
0.110266745
0.2623475
0.32660773
0.5401447
0.6195247
1.1884185
0.5269168
1.0546995
0.47632706
0.6078784
0.5502301
0.25183725
0.2793969
0.19732374
0.26708597
0.2134647
0.18959665
0.19421792
0.19690388
0.29099455
0.29139802
0.44057843
0.5201919
0.35885307
0.3751395
0.25210524
0.6359123
0.41613784
0.20176435
0.28765085
0.41570273
0.727109
1.0989099
0.5648183
0.7201828
0.81845593
0.26794824
0.13155383
0.18925166
0.20761341
0.21262655
0.17958125
0.20535183
0.27421266
0.32954264
0.26715592
0.27738667
0.34301102
0.16842946
0.25110272
0.28929633
0.2687485
0.16278747
0.36897776
0.19856977
1.080337
1.8577248
0.44912055
0.76806664
0.50321794
0.26155174
0.1779485
0.21479172
0.1872456
0.20179379
0.19752899
0.24149278
0.25263467
0.2710931
0.49343428
0.29006663
0.3500858
0.21801886
0.42135167
0.34907854
0.45649198
0.24391463
0.38208544
0.25661564
1.1447465
1.023719
0.5348847
0.6421556
0.49776435
0.10014033
0.22866464
0.18002838
0.1799559
0.16756937
0.14914307
0.20683473
0.26476187
0.24590546
0.4027629
0.1904921
0.27517927
0.531043
0.45653632
0.7044103
0.2213183
0.37633425
0.298574
0.88007855
0.79062533
0.78481483
1.3162947
0.5510663
0.43041536
0.35486934
0.20077083
0.31012776
0.23735526
0.24345028
0.2354326
0.19805798
0.2835032
0.23953745
0.4203826
0.3598622
0.20890325
0.18345708
0.28028724
1.0841472
0.42787513
0.3622441
0.29836193
0.6739052
0.8004833
1.0644312
0.968251
0.57115936
0.42698812
0.34716138
0.20993131
0.16966096
0.17523247
0.19748884
0.19317788
0.19508997
0.28261647
0.310508
0.34003925
0.28686383
0.24550945
0.23410326
0.3617431
0.36141396
0.3974086
0.33597818
0.37072435
0.50047195
1.3972119
0.546666
0.60355425
0.38466537
0.31654623
0.3858794
0.116223186
0.25174215
0.19555527
0.24851927
0.20285428
0.22282124
0.23246187
0.23767349
0.36943892
0.5500218
0.7175402
0.5239452
0.22825843
0.16125369
0.38690078
0.19918886
0.43397275
0.30229598
0.902564
0.41234085
1.0875326
0.53559554
0.43471202
0.49163774
0.2675241
0.3516475
0.24461517
0.23209965
0.23446923
0.22828051
0.3363058
0.33596843
0.41363978
0.24889275
0.14931947
0.23247758
0.29551858
0.29519263
0.30540717
0.28509355
0.09043044
0.2578501
0.7348741
0.2596236
0.81419015
1.0489887
0.4106428
0.13472858
0.23235178
0.16036567
0.20401442
0.1996828
0.17227527
0.22997156
0.330394
0.34323153
0.29509607
0.27613497
0.25268462
0.838169
0.29316998
0.3308843
0.413407
0.22239542
0.20360088
0.3318211
0.8041337
1.1415664
0.7329515
0.59894866
0.69988084
0.15498501
0.21782139
0.26194367
0.22238299
0.121738076
0.032668266
0.25003648
0.18655694
0.09210047
0.13063014
0.2020615
0.07114622
0.20595333
0.16330993
0.1908525
0.25418505
0.15920094
0.35260937
0.8213728
0.19560608
0.48977226
0.5541132
0.58612394
0.5214245
0.2783556
0.22825572
0.17653039
0.19242102
0.19052103
0.17914888
0.24372599
0.27437028
0.27707723
0.4101269
0.314441
0.46345457
0.33423275
0.37365347
0.3707641
0.4643274
0.38184202
0.40962487
0.983636
0.53247213
0.93198425
0.53752136
0.39091545
0.4174206
0.1067754
0.23441333
0.21890709
0.20549136
0.20810923
0.22529468
0.14330965
0.30087766
0.275132
0.5291056
0.15135941
0.2196711
0.26368052
0.29692155
0.3096653
0.2845077
0.28478092
0.36212677
0.3762897
0.86969656
1.1532888
0.54657793
0.5887925
0.37186122
0.31984735
0.22332072
0.21024066
0.19964099
0.20627758
0.21834305
0.20101613
0.28431755
0.3097366
0.4110043
0.46071643
0.23717672
0.18831086
0.2816156
0.24178287
0.28204203
0.5368916
0.42316946
0.26579902
1.0536549
0.6544188
0.42502916
0.29511476
0.30203867
0.14958054
0.09697229
0.15207434
0.20240948
0.314225
0.12401754
0.14649138
0.10154346
0.08685669
0.27344364
0.4867816
0.8401138
0.28336826
0.20682672
0.24973375
0.22451463
0.12238255
0.44971508
0.28219226
0.8191882
0.17086175
0.4934917
0.27694702
0.24960911
0.10151541
0.18857682
0.19283354
0.22600761
0.17572746
0.0291234
0
0.029993359
0.10389817
0.21241024
0.33524233
0.14840919
0.19580406
0.21935168
0.14918917
0.27712965
0.25314093
0.40890777
0.30967948
0.8831443
0.77707297
0.5690589
0.33879244
0.37222964
0.07973081
0.19282702
0.1858325
0.19952416
0.23133457
0.16968238
0.16245303
0.1505582
0.19720668
0.27626738
0.24363437
0.3801211
0.6509235
0.7276151
0.261873
0.39206892
0.1695337
0.4264899
0.15205985
1.0164498
0.76422966
0.6725962
0.859114
0.43216482
0.12951833
0.19492847
0.13242638
0.20635995
0
0.09930131
0.18609416
0.14338383
0.18809551
0.3310458
0.09993398
0.15224874
0.18708077
0.2493822
0.3345648
0.24825767
0.2758774
0.4414823
0.2558973
0.75932896
0.85800195
0.42515358
0.4494914
0.36643532
0.15796241
0.19549775
0.21741018
0.19069755
0.19497699
0.17308739
0.2035321
0.22504777
0.29097334
0.39660862
0.24218288
0.2130231
0.29095742
0.3428181
0.23475504
0.2919211
0.1908983
0.30951887
0.6360818
0.34772658
0.78481066
0.43664962
0.59249496
0.2988747
0.11493471
0.17629454
0.17952287
0.19682056
0.20856532
0.16376063
0.22469181
0.24371639
0.2490626
0.34484535
0.2680446
0.38789558
0.25868556
0.3132506
0.29715762
0.18666396
0.37522516
0.35234058
0.6589865
0.4683306
0.65746385
0.72883725
0.51193094
0.3900251
0.21983868
0.13124767
0.23984134
0.17563069
0.23854256
0.19412312
0.22791097
0.23895493
0.25140327
0.30361798
0.42234942
0.2464394
0.21158272
0.27266863
0.210365
0.35344723
0.24532738
0.60998863
0.31813636
0.41866645
0.485092
0.47652352
0.5601381
0.38185716
0.17312244
0.1408734
0.2421011
0.1668373
0.18480146
0.17205295
0.18022934
0.1843603
0.19051957
0.40095037
0.56694055
0.30039054
0.25849622
0.22552422
0.20219433
0.3913232
0.21284184
0.24700373
0.12054011
0.8608085
0.6581073
0.64900786
0.6753695
0.39922494
0.10422221
0.21176079
0.17177397
0.18492216
0.19813898
0.16224656
0.19057441
0.28772014
0.2974926
0.29830208
0.17599902
0.16683882
0.26438904
0.21083894
0.25990808
0.28499866
0.30507767
0.5230541
0.3098715
1.1523229
0.43030712
0.3944612
0.7257573
0.28174868
0.15498915
0.23507583
0.14027402
0.19109562
0.18700895
0.18986988
0.22459635
0.2969019
0.2476967
0.3355312
0.37763336
0.20935819
0.4391077
0.66485775
0.44279566
1.038112
0.7078529
0.22829375
0.31914595
0.89053124
1.1437795
0.85395825
0.7704041
0.39805895
0.22056761
0.1606839
0.17864016
0.14547816
0
0.16873193
0.17833915
0.21644104
0.2168222
0.19112891
0.27790055
0.1664809
0.21391073
0.20875326
0.36538902
0.20071986
0.281634
0.35221118
0.26938018
1.0333064
0.63392246
0.38812754
0.40254042
0.49499792
0.107447624
0.23805869
0.17137939
0.16220447
0.17106509
0.14970908
0.20158789
0.24283928
0.29498032
0.3508766
0.4756602
0.26503822
0.2587502
0.27355844
0.24212551
0.35433707
0.35221255
0.37357008
0.80532676
0.52042717
0.7230701
0.49682087
0.33110055
0.4820124
0.1826534
0.21330532
0.16765043
0.16032737
0.17950135
0.1799207
0.14883903
0.24964401
0.2190943
0.23209688
0.21872637
0.33391765
0.27366635
0.30840096
0.2926907
0.31120518
0.30213538
0.2682594
0.46302286
0.5463858
0.73398364
0.5573983
0.48976898
0.2904162
0.2839115
0.13010758
0.19428852
0.17370743
0.1841965
0.18181425
0.17698058
0.2476817
0.27239022
0.3458201
0.3036645
0.2644547
0.17782891
0.15887064
0.3128489
0.5192367
0.2392832
0.47725487
0.43251356
0.3582518
0.24594623
0.4414718
0.33621752
0.48544297
0.19517392
0.17396057
0.18104619
0.14795637
0.17419395
0.1913285
0.14435822
0.25073794
0.22971615
0.33685
0.6183846
0.5248141
0.2363435
0.19094032
0.20918876
0.51348567
0.19323692
0.1949119
0.34931082
0.576332
0.21578172
0.4955733
0.3537265
0.25619045
0.27501613
0.14166108
0.16892102
0.17095241
0.19261885
0.20158708
0.15596566
0.247625
0.2372444
0.26596382
0.2190494
0.34259528
0.29482976
0.2144931
0.19229633
0.23874277
0.14494625
0.23526385
0.33263594
0.8185559
0.77797014
0.30082625
0.80896145
0.582086
0.20137858
0.1357514
0.13368163
0.16597486
0.14462417
0.17738754
0.19285282
0.25694776
0.29449713
0.3298977
0.27376357
0.32617536
0.44195083
0.3500208
0.171776
0.43058026
0.061323855
0.122412145
0.2968019
0.9909747
1.3729116
0.7681365
1.0996488
0.3256294
0.16296342
0.17000237
0.17228559
0.17175695
0.2599246
0.21111459
0.18174082
0.16286346
0.23693663
0.27638137
0.3267317
0.28803307
0.24535936
0.28855634
0.55623204
0.29402128
0.2056644
0.26723143
0.41528693
0.9391352
0.363703
0.382987
0.5864704
0.5088936
0.20790145
0.18422398
0.15912452
0.15753141
0.13549373
0.16946986
0.13327709
0.23707035
0.1973857
0.29786816
0.2421991
0.25144777
0.21118414
0.26127478
0.20654362
0.3185563
0.22878686
0.25854987
0.5915825
0.5224842
0.77847224
0.49893928
0.49508628
0.44888586
0.14179441
0.16828275
0.16440058
0.15333831
0.1500862
0.17696598
0.15634581
0.23345771
0.21240044
0.39601296
0.17706326
0.3278579
0.23535901
0.1442607
0.25262958
0.1555095
0.26349455
0.33892253
0.5383062
0.62297094
0.53230906
1.1558045
0.63086545
0.40646416
0.3470758
0.194287
0.20389795
0.1839903
0.19088775
0.19786307
0.117314935
0.25128484
0.2310026
0.42526793
0.33957577
0.1656698
0.119745106
0.29987454
0.29783547
0.24721968
0.34259665
0.31405196
0.4166718
0.898646
0.48023024
0.6003035
0.58110636
0.6160807
0.1831297
0.14442247
0.17911899
0.16347519
0.17248407
0.2001943
0.14410281
0.26240486
0.22446758
0.37683135
0.31500205
0.051531497
0.1519956
0.21711367
0.2249206
0.46638525
0.22769395
0.32634076
0.8589153
1.167229
0.43243352
0.67955196
0.48711562
0.5095579
0.26622108
0.13870323
0.16186848
0.15023497
0.14581501
0.18925777
0.18401778
0.24373013
0.25079197
0.25224775
0.24232838
0.28045315
0.17750522
0.24137557
0.15527144
0.22894171
1.0875294
0.647594
0.7126317
0.45554695
0.49074695
0.4491601
0.33389112
0.29027915
0.71276784
0.06928679
0.18214235
0.18511403
0.17489511
0.18588316
0.13813552
0.2574425
0.26453832
0.442945
0.27942002
0.16337246
0.23954058
0.26747617
0.32524648
0.5974762
0.26916823
0.45362434
0.3515567
1.6010984
0.67939633
0.88073057
0.7668158
0.5392798
0.1943121
0.11655137
0.13321248
0.18348268
0.20722303
0.20059359
0.22258031
0.24323574
0.44377413
0.47813067
0.38965425
0.27669218
0.21984223
0.3318638
0.2936616
0.4914021
0.36329293
0.34588292
0.52449167
0.62423635
0.5556887
0.69042176
0.5382237
0.45616224
0.20720378
0.19517058
0.16192454
0.16255772
0.15406892
0.1288045
0.20932415
0.2472961
0.20802891
0.41497377
0.23945796
0.19996077
0.18541569
0.34022322
0.28176
0.4141861
0.30056378
0.3751222
0.3446665
0.61413795
0.7953436
0.50876474
0.5559909
0.4101031
0.14844278
0.19651511
0.15693364
0.12818688
0.12442562
0.18275031
0.16702104
0.2232452
0.22332793
0.35101867
0.17392021
0.20414609
0.2065256
0.282537
0.28835428
0.24218601
0.40855065
0.2701265
0.8423372
0.46758828
0.4944011
0.42081642
0.46119627
0.4354198
0.12491727
0.18403342
0.1610792
0.14394605
0.1603941
0.1276367
0.1512537
0.2026357
0.25465485
0.31107795
0.14004216
0.15872154
0.2092883
0.2477121
0.19931462
0.19615754
0.5377508
0.6342801
0.21455637
0.5168358
0.5837182
0.98219484
0.8366117
0.45477897
0.22014701
0.19712055
0.15228918
0.15630132
0.15509462
0.178529
0.19778529
0.1844421
0.25615346
0.3454448
0.03745735
0.14766571
0.1812033
0.23211294
0.3454403
0.28575915
0.20717463
0.63428396
0.42843583
0.860707
0.97568434
0.96698445
0.51277053
0.24459559
0.4504963
0.16194397
0.19679904
0.18253103
0.16839239
0.1868737
0.12552637
0.17446157
0.26139084
0.23420918
0.33418745
0.14773166
0.13865435
0.3592789
0.27682617
0.40767193
0.24228853
0.43302467
0.39703482
0.2250064
1.0162609
0.5874704
0.44855085
0.37088698
0.21927121
0.15702853
0.18172467
0.18414837
0.2039932
0.14741611
0.13871637
0.25515515
0.23725465
0.66255236
0.28820357
0.16670424
0.09451944
0.3194777
0.2767369
0.23030224
0.14728996
0.1909191
0.35593084
1.0399218
0.5070418
1.0303209
0.89522105
0.5177824
0.20692015
0.19600487
0.00047141657
0.17479965
0.21746776
0.14411682
0.19055235
0.16277105
0.24479422
0.3427644
0.21240467
0.16887471
0.250896
0.34455264
0.19294938
0.40648213
0.23145673
0.3026834
0.93804616
0.716568
1.1714137
0.4363601
0.5249795
0.3019869
0.20523283
0.18341374
0.17193785
0.16002122
0.12764624
0.17718852
0.14250416
0.17861086
0.21520889
0.35950726
0.2143389
0.21575955
0.1780583
0.2472113
0.1923095
0.22107661
0.25539914
0.27865666
0.510972
0.57119185
0.7372583
0.47315532
0.61554253
0.23598087
0.2393716
0.17138666
0.17516443
0.15005007
0.15117955
0.15594122
0.14550644
0.2484118
0.17424288
0.39421663
0.2382206
0.2970839
0.25343385
0.2592647
0.28050804
0.3095872
0.28638667
0.26634917
0.4768749
0.83781004
0.63721335
1.2931719
0.6375855
0.38963637
0.2433216
0.18738714
0.14898226
0.14650744
0.15645364
0.15387952
0.14705426
0.21990514
0.19200662
0.3593452
0.19539031
0.16485491
0.15252182
0.27842954
0.34348208
0.20772666
0.2680197
0.5090062
0.1870785
1.012489
0.5704996
0.4170961
0.65856713
0.42094025
0.20865852
0.154111
0.16624948
0.16388169
0.16238156
0.21197271
0.18320864
0.22475404
0.2646416
0.3260325
0.72458583
0.5171875
0.2983793
0.33339432
0.28197858
0.1672462
0.2854742
0.331981
1.0928478
0.4130846
0.7796679
1.2573436
0.3978002
0.5463435
0.2350676
0.17056867
0.20026764
0.17780122
0.18335268
0.18755138
0.15016249
0.26469317
0.17243552
0.39129776
0.35571608
0.6993909
0.23663709
0.29583257
0.30189437
0.39223027
0.3424104
0.29634196
0.49326718
0.5641349
0.8599746
0.73280376
0.31395707
0.4094602
0.17211357
0.14971489
0.16408643
0.19115198
0.13990423
0.1932948
0.15512887
0.25774497
0.23419109
0.22221866
0.29984212
0.20917758
0.050455038
0.07092121
0.24278146
0.2458697
0.49166965
0.090634584
0.47576615
0.7150359
0.49471888
0.7993479
0.35523868
0.50137424
0.21033663
0.16753337
0.17775047
0.15217263
0.19509977
0.18587089
0.18162614
0.2672124
0.23617753
0.27949488
0.4273419
0.20751181
0.16636777
0.29949096
0.18487403
0.40482482
0.997949
0.931218
0.7221403
0.52990603
0.48881656
0.48785415
0.53229517
0.4520832
0.19114092
0.19487658
0.16722816
0.14751127
0.15109164
0.097946465
0.21103808
0.22670442
0.2756086
0.37655267
0.20290196
0.6345077
0
0.28376493
0.23757383
0.2654812
0.30767864
0.44179857
0.71222895
0.666223
1.0682734
0.48246825
0.43363607
0.48145735
0.1911428
0.19733328
0.17841905
0.1856482
0.1683479
0.17119509
0.10243186
0.2716176
0.18002337
0.4359712
0.21930197
0.2739595
0.15875548
0.17791864
0.25033864
0.45603648
0.30859566
0.17725012
0.18614078
0.854486
0.30612427
0.88786715
0.47176084
0.41524845
0.12159586
0.19101557
0.1774885
0.17869759
0.16089031
0.19221818
0.18428227
0.24668834
0.23523957
0.43603575
0.12934011
0.17418015
0.26056448
0.28243873
0.32956442
0.14616764
0.2581532
0.24975133
1.1745623
0.20209903
0.50190663
0.55663484
0.531917
0.31932053
0.22504848
0.2207906
0.16715181
0.16706544
0.19269672
0.17272109
0.2265071
0.2903093
0.23240092
0.3934302
0.5469548
0.37534103
0.23264101
0.26590765
0.28089032
0.15169561
0.1952563
0.16096151
0.29430708
0.3905067
0.49363565
0.65766346
0.5795981
0.4354518
0.15684813
0.16430381
0.18347374
0.19100758
0.18493444
0.22882617
0.19077921
0.28162268
0.29999328
0.24585608
0.8327727
0.24242136
0.4613377
0.3599922
0.4659299
0.9201385
0.6370207
0.36552477
0.6122835
0.61997
0.98655254
0.7168972
0.7581954
0.45830452
0.16805372
0.17378643
0.21503127
0.20421013
0.18835843
0.21665221
0.18038392
0.3055752
0.25508752
0.33892164
0.38084263
0.18003282
0.2703814
0.9115482
0.3393989
0.3246521
0.22194123
0.17252973
0.2756034
0.36309135
0.8721623
0.6183105
0.80595845
0.37217656
0.18194693
0.2014896
0.17531544
0.17976111
0.22192699
0.1821084
0.23058635
0.24552086
0.282106
0.30348885
0.4508726
0.2866261
0.18130574
0.18779212
0.40791622
0.36585942
0.17286208
0.34170595
0.079630464
0.8809055
0.5218191
0.5205601
0.49718055
0.52318406
0.21560091
0.21357861
0.21147564
0.20078975
0.18154362
0.20338538
0.20787534
0.32869184
0.2499179
0.46754584
0.3638415
0.34791243
0.25948575
0.2828303
0.3411499
0.16775846
0.22961357
0.40501553
0.5713127
0.9081342
0.70848525
0.6861948
0.593375
0.3482729
0.23364165
0.21708629
0.19124568
0.18046135
0.17530873
0.17715558
0.1928651
0.29780543
0.26096463
0.42832467
0.22141403
0.31081977
0.18117815
0.21754926
0.21364179
0.08554125
0.2600969
0.21739694
0.04090226
0.6662628
0.37888148
0.4476743
0.43915197
0.2959321
0.2910683
0.20030421
0.21960193
0.17109206
0.18699652
0.22197875
0.17169347
0.2768365
0.26101023
0.38608313
0.21338218
0.4028193
0.2516658
0.25137854
0.10205728
0.45253682
0.3539111
0.14449853
0.68143064
2.8414118
0.69966954
0.6078927
0.8421697
0.66793716
0.36977446
0.20827827
0.24593192
0.23918766
0.20764059
0.21474874
0.12488839
0.22323653
0.21237224
0.42606136
0.44772077
0.7464534
0
0.294018
0.511224
0.2856632
0.29061243
0.39545634
0.5611731
0.5705232
0.64479417
0.65672463
0.7033312
0.5005902
0.19904831
0.18412256
0.25964752
0.19839635
0.19738817
0.19719565
0.19603047
0.2341356
0.2501827
0.47901338
0.10861781
0.32712898
0.2395168
0.13242719
0.2348471
0.28501844
0.21984252
0.29447228
0.30939126
0.5944132
0.9610778
0.3051258
0.35467225
0.30523086
0.2071265
0.18775228
0.16023329
0.19502911
0.20443937
0.19619203
0.15435028
0.29415593
0.32201576
0.27515185
0.22515282
0.6450875
0.4904279
0.48296657
0.35682592
0.10882154
0.37293863
0.2691406
0.6139416
1.0902449
0.87403935
0.89946866
0.83715177
0.41087452
0.22888681
0.2044838
0.168659
0.23209825
0.2361184
0.182574
0.24837518
0.17116892
0.10097548
0.75024915
0.2922483
0.84155744
0.42535308
0.27870932
0.23134583
0.16795892
0.18074939
0.32855058
0.46154162
0.4258796
0.3856845
0.50965106
0.65349644
0.33354008
0.15594849
0.21715826
0.17307916
0.17335
0.16244605
0.1599235
0.18196416
0.25749815
0.20143026
0.310711
0.17681265
0.77798563
0.58621377
0.2681308
0.2476325
0.18823504
0.24325383
0.43238598
0.70805764
1.3018599
0.41864175
0.53914386
0.6007683
0.4156487
0.16961753
0.217338
0.18167901
0.19590366
0.16337043
0.1772474
0.19751728
0.25328124
0.22396329
0.409909
0.15033165
0.25141707
0.18640664
0.33487844
0.23746935
0.3062792
0.20935744
0.31639042
0.3367815
0.45399675
0.6572009
0.5772362
0.59974843
0.58111435
0.3696481
0.16350967
0.2566932
0.1917538
0.18358445
0.2044735
0.18280259
0.28550556
0.25286114
0.37376755
0.600143
0.28644085
0.27094564
0.27137432
0.24748585
0.16621444
0.4153898
0.2991696
0.2781697
0.8591838
0.29160282
0.6019424
0.5835125
0.42439526
0.2660028
0.23708192
0.18918383
0.17929938
0.17929363
0.22992185
0.24076492
0.26449904
0.2575083
0.24611476
1.167653
0.23790455
0.22447151
0.29527506
0.28575057
0.25581655
0.26449847
0.3760236
0.29754508
0.7601141
1.1347431
0.9109953
0.6174322
0.3290315
0.19566396
0.19756556
0.19368115
0.18439579
0.18799606
0.23950988
0.22486615
0.21322143
0.2274394
0.34316608
0.2053881
0.28029296
0.24282473
0.2822453
0.2709117
0.35233158
0.22882757
0.3219677
0.37326095
0.78452057
0.4225327
0.90523684
0.8386091
0.49304798
0.14841646
0.20823547
0.22037297
0.20183888
0.21195847
0.20397145
0.1809859
0.28341004
0.31046215
0.331619
0.4060163
0.24273574
0.24713984
0.42089865
0.3091153
0.19660142
0.26160443
0.25536692
0.22428763
0.70044255
1.4878148
0.5863579
0.6907843
0.42696464
0.17578626
0.20453972
0.17748392
0.19496244
0.19317695
0.18729264
0.20631757
0.23095897
0.19340348
0.47800547
0.5527338
0.14366817
0.18938407
0.2043168
0.26744556
0.3434377
0.21497798
0.92402005
0.17273906
0.8302954
0.95245993
0.5819532
0.68150485
0.5369049
0.15683031
0.20100799
0.20411569
0.18941367
0.18147537
0.19865358
0.14434382
0.3201591
0.30192113
0.4917888
0.27543366
0.32879704
0.21410987
0.19679359
0.34993535
0.22632012
0.262825
0.36174083
0.72853357
0.77737737
0.6989202
1.1711252
0.70513123
0.3189106
0.34416243
0.2040017
0.20726645
0.206976
0.1888755
0.19476402
0.19303736
0.23858783
0.26874384
0.38749012
0.7317547
0.15994653
0.19309056
0.3471988
0.37551656
0.24142066
0.36898145
0.17867607
0.3488086
0.8591498
0.5690522
0.69575375
0.5757759
0.41345555
0.18640614
0.21070233
0.20534298
0.22710097
0.1989617
0.1967999
0.20299235
0.34831032
0.19524744
0.51775676
0.1269154
0.21603787
0.17513469
0.31201658
0.37454224
0.34203
0.2569413
0.26436096
0.5694837
0.3957507
0.54433346
0.38762805
0.37320933
0.377706
0.21538681
0.20452744
0.2495333
0.1819528
0.3191314
0.20450154
0.24603096
0.2183227
0.15371928
0.1254861
0.15308145
0.2653808
0.30382395
0.15170717
0.15876603
0.2416291
0.2970919
0.23959857
0.29215828
0.23428771
0.4724926
0.25872692
0.30352113
0.32364544
0.23091027
0.19485366
0.22608542
0.25047168
0.21427047
0.16637045
0.17387456
0.16640246
0.11302358
0.12774664
0.15856186
0.28515077
0.26155916
0.20329508
0.2182782
0.23952442
0.2884019
0.3316404
0.26117164
0.29966748
0.26636785
0.23960361
0.18095529
0.29084095
0.17970106
0.18995407
0.24013335
0.20791775
0.19761813
0.21169463
0.1204094
0.18151906
0.20936647
0.20242167
0.15007582
0.089577675
0.16180378
0.17925888
0.23942488
0.23983967
0.122320026
0.22369844
0.20308563
0.2603563
0.17738476
0.67217875
0.4395102
0.5456458
0.22046575
0.19180915
0.2165932
0.20090541
0
0.3304435
0.3095312
0.3753811
0.3266603
0.12186393
0.2416805
0.15512198
0.18148264
0.19744822
0.23229754
0.3128084
0.34134287
0.29848295
0.3001953
0.523195
0.3148698
0.6878301
0.59330195
0.2532249
0.17033601
0.17867061
0.21841896
0.21739861
0.23393029
0.187655
0.24310347
0.18518716
0.2172178
0.73304564
0.5653461
0.322497
0.41890216
0.78423584
0.65212554
0.30653948
0.20714226
0.45310465
0.40752763
0.37834382
0.06937316
0.39918318
0.45281646
0.24224657
0.13297275
0.16884294
0.235948
0.2026203
0.27175704
0.17409152
0.21482763
0.21226034
0.19825727
0.26158735
0.29747447
0.29194447
0.28773928
0.2531114
0.34794325
0.27814737
0.3215956
0.38620877
0.29084122
0.20071071
0.26984861
0.37982234
0.40569896
0.29778537
0.10616496
0.14943615
0.23957771
0.1973364
0.23175249
0.13922408
0.12973717
0.19438675
0.20690897
0.24125254
0.26240253
0.24277493
0.1829789
0.16876501
0.16104394
0.13850743
0.25031865
0.16274357
0.21342021
0.18167669
0.28647646
0.27827373
0.23858973
0.26385617
0.22000954
0.19020876
0.20558238
0.19294873
0.22430408
0.12400395
0.20155635
0.21914253
0.21931505
0.1201897
0.15543962
0.18448034
0.2638806
0.11094153
0.17714795
0.14935428
0.21177554
0.18015897
0.10926443
0.10130215
0.29654065
0.26923636
0.18834859
0.22812748
0.17778632
0.16962016
0.12358633
0.20719716
0.20331988
0.15612116
0.22420847
0.21278644
0.14547417
0.12577337
0.14497504
0.27297333
0.21319664
0.17220381
0.17163771
0.14845908
0.19246152
0.18672031
0.2163311
0.111658484
0.11398679
0.23324469
0.13424051
0.2241194
0.14458099
0.2239649
0.16925561
0.16258368
0.23266
0.2195943
0.10717112
0.19937912
0.17717507
0.18180594
0.11471012
0.15097263
0.19618633
0.17453319
0.15642259
0.13786814
0.10878453
0.265913
0.16133878
0.117999524
0.16244292
0.5984751
0.3051914
0.38908234
0.12295598
0.21409628
0.16993651
0.1416876
0.12576377
0.20764801
0.29729846
0.3074731
0.2591084
0.046615634
0.14942735
0.12712836
0.16370386
0.2118566
0.17594433
0.25305063
0.3388784
0.27132785
0.1549522
0.1295501
0.17710528
0.46271595
0.3968743
0.20383367
0.14841792
0.15817413
0.20735973
0.17129666
0.21316442
0.17140847
0.22547427
0.17525843
0.16930309
0.2174671
0.23442098
0.14236507
0.22043958
0.17282704
0.1508787
0.21476364
0.211166
0.24911755
0.22846913
0.3186413
0.2042593
0.25166276
0.34161195
0.14078301
0.13488913
0.13262108
0.18825155
0.17697978
0.23977825
0.12870723
0.18664977
0.19165182
0.1664764
0.21932065
0.2712247
0.61158484
0.8206813
0.052808646
0.7630715
0.3176898
0.088353455
1.0752438
0.71101606
0.64128536
1.0904822
0.4930804
0.33510026
0.19819772
0.16009325
0.23225597
0.20348543
0.21871582
0.1903776
0.1533013
0.21161595
0.23495266
0.23392877
0.35482034
0.1980662
0.2502343
0.18165234
0.38826588
0.2750668
0.0043527815
0.2394124
0.2718338
0.5330313
0
0.58297604
0.7179685
0.55109644
0.5437902
0.2772856
0.20108819
0.20869482
0.21198595
0.21390477
0.22444874
0.2470853
0.3222504
0.31599325
0.3623264
0.5018661
0.38011643
0.13840926
0.24335241
0.2591447
0.23962128
0.25966692
0.19147032
1.3279847
0.6247883
0.7011455
0.6734193
0.5474064
0.32543987
0.20821705
0.22179502
0.18817586
0.2047489
0.19808382
0.23378605
0.22708592
0.26328743
0.26547918
0.3523619
0.18865615
0.9187827
0.28213257
0.29904693
0.22597104
0.24633005
0.16697937
0.37967062
0.4018594
0.65168756
0.78572243
0.8868434
0.2654482
0.23334524
0.30979994
0.21126828
0.18311143
0.20979571
0.19525683
0.24652797
0.21631438
0.25385582
0.24373877
0.3170546
0.24404827
0.38406157
1.1266694
0.4030793
0.21394491
0.39355537
1.1042882
0.5399186
0.04325149
0.38700312
0.06404257
1.0608394
0.5706716
0.6258744
0.42460632
0.19474801
0.19876134
0.22705972
0.19901377
0.22809368
0.20054168
0.25636235
0.2553844
0.39262593
0.2574671
0.13159609
0.2867712
0.34413698
0.3418321
0.37432826
0.32479846
0.18174016
0.5316614
1.0022807
1.4434825
0.9754936
0.57988
0.36813226
0.19300994
0.2014193
0.20011097
0.20247692
0.18610513
0.2054534
0.26120755
0.3315658
0.2515792
0.4999514
0.22474888
0.27512655
0.27471745
0.27984133
0.28189945
0.31653708
0.44772005
0.4485493
0.50351727
0.3659152
0.5939471
0.53084326
0.62352675
0.4353085
0.21186867
0.20861456
0.18213087
0.20109248
0.19307742
0.20241347
0.18207437
0.2561001
0.23091826
0.39732397
0.43405566
0.3071377
1.2576447
0.5086284
0.3272122
0.33193156
0.35344186
0.33895007
0.38111308
0.2720845
0.49900892
0.5532987
0.49076715
0.31137037
0.19151375
0.19448316
0.23803166
0.22892702
0.20305079
0.21311462
0.22064367
0.2660114
0.20523128
0.4217845
0.15459362
0.27579466
0.34047672
0.32574642
0.21206155
0.19098604
0.2583894
0.27004972
0.4227229
1.1045003
0.86202204
0.5832381
0.50318646
0.40383232
0.23322323
0.20300922
0.20345023
0.1953876
0.21051237
0.2216565
0.20540556
0.27974245
0.23676854
0.35428086
0.58869535
0.042273764
0.16214332
0.33068562
0.41932416
0.25061026
0.28241938
0.3516389
1.0869029
0.87048745
0.7258391
0.65003145
0.45301625
0.36234227
0.2557207
0.21875602
0.1903235
0.18464565
0.19897792
0.24107814
0.19066417
0.25388613
0.32117668
0.28133222
0.86018944
0.23867843
0.20852387
0.1629824
0.2896478
0.4532596
0.24796489
0.33682826
0.4853052
0.5268651
0.49951306
0.4931249
0.5780462
0.39286795
0.21798092
0.24355164
0.17713168
0.21377012
0.19537759
0.22783864
0.21625912
0.28112638
0.26582175
0.32593936
0.38737714
0.3132799
0.17635038
0.28072608
0.22791532
0.23904333
0.15709141
0.3265091
0.7151144
0.6164877
0.66659164
0.83509934
0.42946324
0.402585
0.3595852
0.2130172
0.20155197
0.21308148
0.20720953
0.24151707
0.24022341
0.2772968
0.27672884
0.38567045
0.30183953
0.31598124
0.25215372
0.36470664
0.2665925
0.51614934
0.6672891
0.27425933
0.53180915
1.6106397
0.46285257
0.64101994
0.8035973
0.3694486
0.21793774
0.21386093
0.2256411
0.21255246
0.18672329
0.21805558
0.21083438
0.31849685
0.25519136
0.39367768
0.24783498
0.35348758
0.2904945
0.32465336
0.27268425
0.668821
0.28380194
0.21899673
0.061082546
0.35106847
0.7900925
0.6182251
0.57384086
0.31150886
0.23185143
0.22530624
0.19367686
0.19588032
0.18149069
0.21654841
0.22140357
0.25577575
0.24499097
0.36042103
0.21772099
0.2008588
0.24708217
0.115888685
0.14780474
0.22449616
0.27599466
0.3788029
0.6790835
0.5791274
0.7274803
1.2361965
0.65849483
0.56647664
0.2470555
0.20477486
0.19702247
0.19175884
0.19944295
0.20904592
0.2456491
0.3137255
0.23624521
0.39364183
0.093124956
0.15620652
0.15271246
0.32806292
0.6869205
1.311453
0.3203048
0.38898233
0.80193883
1.2872502
0.92493457
1.0004414
0.44895414
0.20234984
0.3023708
0.22073948
0.24516255
0.21402204
0.20995116
0.2109653
0.19784454
0.3071545
0.32687843
0.4507903
0.34527257
0.21534434
0.25286517
0.23882458
0.21491385
0.2724846
0.20347938
0.49340758
1.6031624
0.17594141
1.0214946
1.4025564
0.47222564
0.3413455
0.33506384
0.21729502
0.18937114
0.19113967
0.20068264
0.21077561
0.18984014
0.24921936
0.23818135
0.36188692
0.27058917
0.52608454
0.18424034
0.22593427
0.25438556
0.3691925
0.23280793
0.85736495
0.70091164
0.50838727
0.5937887
0.22479746
0.5743644
0.36019817
0.16035753
0.16486031
0.20268545
0.2040276
0.19550437
0.21790013
0.20541617
0.27135244
0.2011202
0.28874013
0.40351126
0.012923691
0.1330289
0.91693854
0.51407796
0.7316301
0.8381179
0.29867664
0.61090666
0.6425728
0.7126005
0.64929134
0.8715631
0.4547571
0.2910805
0.21977535
0.18507695
0.18971932
0.19098416
0.22437859
0.1966132
0.28748712
0.23094508
0.41409826
0.34422627
0.37921098
0.18246663
0.5235267
0.3017704
2.2454822
1.334671
1.4990778
0.45905504
0.56830865
1.1886934
0.30775788
0.48827156
0.43031672
0.20263478
0.2072402
0.20811614
0.20302287
0.18954009
0.18954569
0.19021386
0.28702182
0.23445624
0.4071591
0.46596465
0.39630416
0.11871028
0.28064638
0.26395157
0.24150267
0.28269187
0.44856596
1.2499462
0.3799042
0.73434633
0.6717312
0.5496593
0.2889192
0.19062719
0.20631808
0.20002633
0.20495102
0.17382258
0.2236098
0.1877692
0.23837641
0.23286086
0.32998198
0.32834357
0.30023903
0.22688866
0.2430012
0.25794148
0.3745337
0.24862573
0.33071026
0.5642887
0.6891058
1.0554792
0.8357019
0.5033019
0.55772686
0.2830727
0.20708767
0.19550744
0.186829
0.18355298
0.21838436
0.24000421
0.2986374
0.22203103
0.48769987
0.28733423
0.27028215
0.22242415
0.22954392
0.6896541
0.12894127
0.23148501
0.68430513
1.0471544
1.2836937
1.1506598
0.4922555
0.62630814
0.42035633
0.30767512
0.1830236
0.19837514
0.21220735
0.22208765
0.21439618
0.22213012
0.3185361
0.317737
0.39074045
0.24111295
0.21020308
0.32162172
0.35172027
0.20260873
0.19611764
0.2834803
0.69117874
1.4270108
1.3519995
0.919219
0.35977846
0.4233726
0.35045776
0.22498065
0.20676994
0.19439927
0.20246252
0.21170145
0.2427105
0.1939761
0.26244897
0.26432282
0.38769695
0.4160445
1.1092383
0.95857537
0.24277157
0.17827633
0.47926456
0.30336633
0.64309675
0.34284794
1.0316874
0.9393181
1.010207
0.8949039
0.38570616
0.26018095
0.22132933
0.19239157
0.21457091
0.21425477
0.21938798
0.2144678
0.26334152
0.21539742
0.35001388
0.3971329
0.21931142
0.22978696
0.77626896
0.2659272
0.1558576
0.23843575
0.33352113
0.40215662
0.9455357
0.653353
0.80131197
0.5387011
0.3608771
0.27219263
0.20401391
0.2019659
0.21905869
0.20831487
0.21504536
0.20929658
0.27178866
0.2990282
0.46636853
0.22416651
0.5969418
0.3387175
0.31303254
0.50740266
0.44142205
0.49168962
0.649961
0.34904864
1.1464326
0.8889373
0.4558172
0.58880466
0.40392196
0.20861033
0.21783498
0.19263944
0.19947416
0.19747055
0.1979954
0.19665495
0.28048563
0.19312105
0.4428933
0.2597298
0.3379178
0.24703914
0.14215204
0.27027255
0.13770258
1.1247947
1.3767959
0.6900701
0.5634584
0.51032925
0.41633365
0.57397306
0.3441799
0.1917189
0.19976163
0.20866689
0.19231015
0.18805894
0.20437083
0.20551163
0.27571356
0.3053858
0.4208983
0.31397757
0.22761571
0.2318883
0.24343836
0.3230127
0.22291365
0.17170772
0.383453
1.2645457
0.94019955
0.16605812
0.71878153
0.7921219
0.37741742
0.28143525
0.191533
0.19963169
0.18985686
0.20970926
0.22770688
0.2297264
0.2982772
0.22123396
0.48198453
0.21521369
0.37757605
0.3304025
0.315553
0.2082071
0.19303152
0.26431516
0.5316974
0.66557604
0.76513255
0.623782
0.5765485
0.58818793
0.33902502
0.18650198
0.21524924
0.19445321
0.2005296
0.20153531
0.22872525
0.22038853
0.3109483
0.3202829
0.38267088
0.5614897
0.4441652
0.6023703
0.27992532
0.27393782
0.2774491
0.5826577
0.61898077
1.5267873
0.59974086
1.211911
0.6507982
0.3822771
0.3882941
0.22004226
0.1967983
0.18453282
0.2038813
0.20019916
0.2207511
0.16398698
0.28641707
0.36754712
0.5187342
0.15520245
0.103286505
0.159082
0.33981082
0.22492504
0.4354502
0.78077495
1.1640567
1.0646371
0.65735203
1.4111571
0.24107713
0.21218204
0.51289225
0.22971782
0.14992365
0.20907164
0.19993189
0.19556451
0.17536938
0.045117322
0.23813832
0.3249449
0.45003134
0.4240183
0.12967798
0.45656192
0.39861915
0.8744424
1.3134068
0.7943644
1.0424054
1.7271637
1.1189369
1.7333702
0.62235886
0.48491722
0.85424805
0.2249206
0.18561497
0.2012547
0.21111465
0.21835148
0.22912666
0.1744802
0.19591168
0.33357957
0.20610157
0.37541142
0.7946773
1.1329752
1.0854219
1.2508503
0.16781649
0.7796916
1.6114811
0.73653996
1.4780465
1.0441347
0.48457605
0.6900579
0.504436
0.27711278
0.22439349
0.22371718
0.19510508
0.18792343
0.18891308
0.14588365
0.29220933
0.23125437
0.33406654
0.109357
0.53151834
0.20592132
0.30020237
0.26828253
0.37849766
0.31918275
0.34133756
0.99416363
0.4177159
1.1143038
0.70695066
0.5918088
0.27791566
0.17138988
0.21190453
0.1982125
0.16970506
0.19068533
0.16913027
0.19280913
0.2784249
0.25492176
0.43006974
0.19458836
0.26003277
0.7024197
0.8871071
1.2112201
0.5934819
0.7541186
0.30497712
1.1381942
1.7747567
0.6701539
0.51257205
0.66332847
0.50427955
0.25222084
0.21003607
0.2052904
0.19533032
0.19773015
0.18163946
0.12364355
0.29034626
0.20419881
0.4444705
0.26385283
0.84211266
0.94442415
0.2184034
0.2357179
0.32198173
0.31821728
0.49938938
0.7114023
1.1265174
0.7802602
0.59009224
0.54366624
0.374113
0.2827355
0.21401283
0.18410969
0.20799407
0.20527536
0.22518808
0.25264058
0.33626348
0.33247933
0.31295708
0.4506417
0.24047154
0.29972383
0.28009865
0.1973654
0.21731684
0.41794494
0.8859042
1.0907557
0.73733044
1.132482
1.484474
0.6854643
0.79237604
0.47040147
0.13873854
0.23103452
0.23312399
0.21329442
0.20462036
0.13219765
0.22890142
0.3302121
0.33799493
0.55999935
0.6554066
0.37165046
0.26261708
0.45633638
0.25126484
0.457035
1.0770421
0.7556812
2.1371794
1.6634408
0.48016822
0.41046402
0.9162162
0.5851621
0.1898466
0.22610396
0.21762234
0.21021515
0.21197736
0.1839599
0.26847374
0.33352658
0.20940086
0.6304306
0.7722496
1.3646154
1.105383
1.0242937
0.44905433
0.5072108
1.5189147
1.1740253
2.4802096
1.0913174
1.3558104
0.5151566
0.3960819
0.23516694
0.25110233
0.2398138
0.21650216
0.24586567
0.28172222
0.199397
0.36254364
0.3061982
0.25718012
0.7456072
0.37341887
0.67699873
1.2635962
1.8763366
0.74123806
1.6648836
1.2744173
1.2159797
1.5736507
0.5288884
0.5807919
0.46815604
0.49580997
0.2838809
0.22612518
0.21139646
0.2236583
0.20525506
0.20238075
0.17563343
0.3161825
0.30860102
0.2712327
0.2883537
0.19609502
0.36951628
0.3178667
0.299224
0.2830469
0.31598946
0.7469164
0.61655885
1.7003917
0.99957484
0.62055206
0.4704006
0.41250378
0.20326287
0.19830191
0.24305898
0.22409001
0.21155518
0.23114306
0.11752403
0.31536332
0.26912186
0.3377374
0.38525692
0.33187333
0.3199465
0.33764634
0.44622472
0.36864164
0.2758638
0.34484696
0.96012795
0
0.7282815
0.8380637
0.45515972
0.35579756
0.3672939
0.23664224
0.20076618
0.20463553
0.18966731
0.2107903
0.22243866
0.3244034
0.25265387
0.36875746
0.32035053
0.31936857
0.24718776
0.33254352
0.25440016
0.21742296
0.1851983
0.45617244
1.0847951
0.95038277
0.65232545
0.5803351
0.57536817
0.18583527
0.4117453
0.23798904
0.1953975
0.20546496
0.21379906
0.23032978
0.23128724
0.3536905
0.4124659
0.35907024
0.20778346
0.44820657
0.26250714
0.3329003
0.24758503
0.18535599
0.7100535
1.5305792
1.498823
1.1639025
0.9696439
0.84043026
1.2293704
0.8786677
0.52072227
0.19472322
0.22174993
0.21548167
0.21496779
0.20322928
0.12742063
0.26509124
0.33352315
0.25728694
0.6057698
0.7899867
0.23427913
0.29925138
0.46845174
0.29751402
0.40913615
0.51042354
1.6549621
1.3689595
0.46012557
0.6157595
0.6462511
0.34331375
0.31635386
0.21191484
0.19845045
0.2082186
0.19624677
0.2177737
0.20576835
0.2943585
0.35850206
0.36010897
0.30879602
0.5775299
0.26244637
0.22934434
0.21372789
0.20980874
0.28055087
0.5557136
0.448451
1.0586976
1.360812
0.76567215
0.33712023
0.23429367
0.16093409
0.18476352
0.238918
0.20421553
0.22719723
0.16531995
0.18747666
0.27473867
0.2749772
0.27875367
0.35142532
0.19927683
0.16665554
0.98431075
0.29301664
0.4650588
0.46877477
0.604373
0.99834496
1.292141
0.978587
0.7450035
0.575517
0.3399998
0.19848049
0.19955724
0.19894665
0.21758422
0.21136636
0.23447013
0.2178826
0.31693718
0.27874735
0.41731152
0.25368062
0.41684273
0.12453911
0.30549747
0.2972451
0.57509315
0.31325924
0.60196674
0.51049554
1.5527053
0.67384714
1.080053
0.6810698
0.3880781
0.3960067
0.21142873
0.22723046
0.2047438
0.19523674
0.23322555
0.23067352
0.33664066
0.20413178
0.50461024
0.32795882
0.5470788
0.23049372
0.2211465
0.41874564
0.26798162
0.28922123
1.03959
1.2699261
0.9479952
0.5882279
0.51743954
0.5253245
0.48280486
0.17344537
0.20719433
0.19862509
0.19553658
0.22089383
0.22415009
0.17988923
0.3185846
0.21357733
0.46894214
0.37440488
0.59223866
0.694362
0.71675164
0.7580121
0.85777473
0.9717651
0.765168
0.84328574
0.7601934
0.50910157
0.76702124
0.70923424
0.5158581
0.5332124
0.20718014
0.23434913
0.22991306
0.24171567
0.2180078
0.21908116
0.32989794
0.3230042
0.19519886
0.3333485
0.26924863
0.35219255
1.0553113
1.3336242
0.23609704
0.9211157
1.6979455
1.6714615
1.313357
1.0225827
0.9073397
0.6837942
0.8645521
0.5279866
0.19217294
0.25944647
0.22907555
0.24124572
0.22970524
0.18313086
0.30670023
0.3185848
0.33329073
0.39963368
0.20308751
0.7341903
0.35758662
0.54077417
0.35652047
0.31114376
0.9239407
1.395428
0.9273376
1.1587898
0.65394425
0.5849242
0.4541575
0.2900374
0.20686054
0.20656085
0.2205216
0.20292756
0.19766429
0.17641342
0.2703984
0.2605915
0.4102899
0.36107805
0.6032018
0.48935348
0.28616193
0.42484763
0.5272885
0.74352854
0.44953722
1.2738181
0.6375948
0.46756312
0.75584614
0.54438746
0.5463368
0.36573488
0.1462327
0.20793897
0.21155661
0.18829349
0.23043019
0.22952938
0.2883215
0.30273739
0.45605022
0.3059761
0.32693267
0.29902476
0.25835437
0.34807613
0.3046661
1.3911074
1.6454488
1.1933862
1.5314298
1.2878847
0.5718824
0.5863248
0.4911436
0.32577425
0.2113657
0.20572516
0.21480703
0.20770958
0.18658325
0.15399215
0.3398559
0.3534289
0.43539697
0.41393766
0.5872549
0.25164035
0.30427676
0.29655418
0.5700917
0.659616
1.1617537
1.4557096
1.6493533
0.4766721
0.45323536
0.7815497
0.525267
0.3706046
0.20942855
0.20264575
0.19047996
0.20365062
0.20908678
0.14920807
0.30948862
0.22166967
0.48817298
0.33006966
0.43144998
0.24550536
0.31143376
0.3158239
0.32608485
0.3025026
1.3221587
1.52253
1.423981
0.76441854
0.6948999
0.651011
0.5825256
0.3309582
0.24154243
0.2529932
0.24050608
0.22686562
0.20678797
0.07817039
0.25237003
0.18506947
0.25527626
0.63568306
0.39985317
0.44225
0.8149669
1.1090392
1.0403364
1.0849138
1.1095487
0.91218996
2.171656
0.6903479
1.0283383
0.5436716
0.66703004
0.62539464
0.2282238
0.23746237
0.2206411
0.20413658
0.17882454
0.18355879
0.32802156
0.360512
0.15825513
0.4288445
0.24349973
0.3881785
0.85722995
0.49841338
0.95672166
0.62355155
1.2922134
1.2065557
1.8877287
1.071329
0.6701767
0.6431014
0.75971526
0.8535733
0.2086666
0.21893254
0.2056447
0.19293514
0.22100174
0.23344252
0.29407558
0.32822332
0.3508974
0.5199799
0.5833589
0.34736916
0.29338992
0.21511045
0.92190766
0.5121841
1.146137
0.75391245
1.2248806
0.28637853
0.85827327
1.0058376
0.69567704
0.5878738
0.19861397
0.21668154
0.20315927
0.19717515
0.21508282
0.19795671
0.3259835
0.29228786
0.34156302
0.38959834
0.29459107
0.3214001
0.2661677
2.0346165
0.90282285
1.0399712
0.9029827
1.2117587
1.2998761
1.3877312
0.42480823
0.55135375
0.91511387
0.33074865
0.17517707
0.21902364
0.19974396
0.20837796
0.25213942
0.27397898
0.38206923
0.33955643
0.34421036
0.5903285
0.4186184
1.2559779
1.5444158
0.6825561
1.0410353
0.77476424
0.8958736
1.3118037
1.9068329
0.6622073
0.50076884
0.791963
0.44436485
0.24219409
0.20970142
0.18533504
0.19917125
0.18765152
0.1937809
0.15206313
0.29397526
0.2726606
0.3510934
0.26316848
0.37332967
1.2788695
0.92013806
0.42218882
0.4027043
1.3139325
1.4662613
1.158491
0.8078451
1.0564588
0.7745014
0.9117539
0.72920865
0.21910268
0.26365712
0.23495078
0.22798172
0.22878161
0.18938777
0.116741866
0.24639499
0.21711019
0.4121952
0.31653556
0.413713
0.3759951
0.27800837
1.3591157
1.6427997
0.90453035
1.1306938
0.90289414
2.0273273
1.412477
0.9488592
0.5730408
0.6849105
0.5094484
0.2032572
0.20313674
0.20445684
0.18281525
0.14617437
0.06468502
0.28243697
0.27530876
0.35417232
0.3121949
0.5385863
0.3772565
1.1906909
0.53756845
0.37493977
0.57550883
1.111948
0.7890033
1.1628358
1.8292524
1.2212859
0.57157564
0.66130036
0.78277844
0.27122432
0.27377817
0.24066699
0.22735071
0.23090234
0.12143403
0.27204096
0.31653926
0.26378414
0.4426841
1.2693025
1.3089801
1.7957461
2.119002
2.0152385
3.025659
2.0279055
3.630126
4.0417027
2.3475382
2.0621014
1.630986
1.596309
1.3016825
1.1682111
1.099383
0.7844727
0.70909363
0.016303007
0.38861698
0.7575824
0.8667191
1.3658134
1.1595923
2.0717492
2.3873231
2.286051
2.466963
2.4349751
2.749791
3.0075965
3.1170397
4.2287674
3.5591116
3.7596104
2.9603217
2.1193402
3.1608093
2.0109236
1.6909397
0.85430056
0.6807763
1.0540754
1.142651
2.989523
2.212931
1.5390737
2.2854807
1.926062
2.9617608
1.1485621
2.821425
1.8401761
3.0383856
2.4249399
2.2595649
2.990806
3.4477725
2.8700156
2.7078452
2.1857584
2.570016
1.5147203
1.2542171
1.3797264
1.1814198
1.1101105
1.6852586
1.1552793
1.5452132
3.008867
1.117856
1.1481227
1.3738127
1.543959
1.6957849
1.4767785
2.014726
1.8693323
1.8386328
2.4133582
2.2516363
1.6980888
1.5537449
1.8310705
1.6249083
0.7056075
1.0491993
0.87927157
0.7272612
0.82920474
0.62629
0.6889228
0.94024724
1.2137138
0.93687475
0.8647863
0.50046515
0.5432489
0.7841602
0.4100573
0.80559593
0.99129206
1.006473
1.2514338
3.3016517
1.5713251
1.7406301
1.3733242
0.9639888
0.22891247
0.22040534
0.21715456
0.21495864
0.26451212
0.31552285
0.3332976
0.52025723
0.7896625
0.22782838
0.17401597
0.28623754
0.95384526
1.4132171
0.72552526
0.8739
1.1950427
1.1358632
0.7822331
1.2446413
1.21547
0.8789828
0.8740298
0.5818107
0.12513682
0.29803735
0.12527081
0.052796874
0.21982273
0.40448114
0.3126379
1.1223601
0.7869333
0.78392684
1.0701501
0.5697606
0.9304543
1.3722929
1.1928859
1.2630247
1.2495567
1.6130457
1.8663194
1.7044878
1.585919
1.9018524
1.7587216
1.2076237
0.7837377
0.83557457
0.9813154
0.68507385
1.260977
1.4160923
1.2770629
0.6899405
1.152017
1.0857714
0.77318525
1.0674542
1.7785127
1.0729998
0.80768114
1.0131855
1.1874363
1.5873642
2.543326
2.2649064
1.9309617
2.16527
1.4069779
1.696765
0.8820839
1.3672779
1.7235305
1.5934725
1.0045004
1.1471574
1.0216279
0.8696767
1.4595358
1.321515
1.0071903
1.1075151
1.4372629
1.2456745
1.1847131
0.99656796
1.014534
1.0556633
1.6992295
1.536847
1.2841731
1.7338803
1.3529675
0.99032456
0.8001626
1.1232018
1.5278571
0.42362845
0.7066555
0.5740684
1.0529754
0.47494864
1.1577275
1.3714601
1.0502965
1.312912
0.6315149
0.7580104
0.96090126
1.0106243
1.0170335
1.6693028
1.955144
1.603389
1.191267
1.167915
1.4391099
1.3950597
0.56553894
0.51117855
0.49873883
0.47046015
0.7208823
0.7310033
1.160595
0.67311144
0.9603595
0.8025503
1.0215514
0.7378295
0.7187729
0.99234396
0.88213044
1.3547881
0.43282554
0.75016683
1.5488204
1.082639
0.71199906
1.2038163
1.0134627
0.8307976
0.46599016
0.33578762
0.20983323
0.19799918
0.23242012
0.32957613
0.441974
0.32865694
0.35955548
0.12653631
0.33743474
0.71673167
1.677536
0.47028515
0.8044312
0.9365501
1.0832739
1.359566
1.8129544
1.6256067
1.2073399
1.0844617
1.1616825
1.2879874
0.47222957
0.58336973
0.6913872
0.5273611
0.63452065
0.99788094
0.7431495
0.914361
0.95156604
0.822361
0.8740086
0.6685291
1.018218
0.8239634
1.0613759
1.105872
1.3012924
1.292536
1.1701492
1.8282502
2.0195873
1.7963891
1.7715098
1.5033246
1.0008203
1.2351309
1.2662308
0.94561285
0.927268
1.3412021
0.99487674
0.7539597
1.0385355
1.0345082
1.1257365
1.3784662
0.7984451
0.87982017
0.89767873
0.9371273
1.0148741
1.5389708
2.0351932
1.7246249
1.8756335
1.7324084
1.5371879
1.3281007
0.59347826
1.0984995
1.139849
1.0756658
0.85557413
0.9164622
1.1163894
1.0768756
1.4011031
0.98421943
1.2440947
1.4774932
1.180048
0.9473073
1.0000814
0.9125377
1.0284469
1.5684614
2.5854943
1.9863912
1.8424419
2.1713138
1.6398989
1.2230982
0.9217801
1.0502568
1.3594573
1.1359035
1.1139876
1.6680372
1.6059275
1.0055956
1.098107
1.3453047
1.1208498
1.6799484
1.3751512
0.91389656
0.71447146
0.46320382
0.63840073
0.9631519
0.44243866
1.2083796
2.3315098
1.2308811
0.6240927
0.3229066
0.24973077
0.27682328
0.24871835
0.20609823
0.37270033
0.38975924
0.35425302
0.38984075
0.35884282
0.334958
0.61054736
0.2744419
0.22920692
0.30005398
0.5103251
0.44304714
0.3970768
0.31745622
1.0047417
0.57112193
0.5603213
0.744485
0.56855744
0.36608526
0.19882599
0.19423953
0.19650915
0.20313832
0.21068454
0.16599101
0.22592619
0.36176482
0.30994236
0.31784353
0.40066832
0.2985537
0.26325876
0.14684561
0.26501322
0.5610526
0.628538
1.0616854
1.1256152
0.403449
0.72754425
0.50069326
0.5539174
0.25898072
0.28474623
0.1792905
0.19731823
0.18205163
0.22083336
0.19096234
0.28948805
0.29252574
0.3698823
0.37742504
0.20919779
0.8937226
0.7533177
1.8890351
0.96611094
1.1955954
0.42767644
0.9905444
1.2429643
1.301321
0.7503513
0.64096516
0.28316635
0.33991703
0.19862938
0.13654113
0.15388745
0.18088731
0.17847228
0.19817331
0.2795929
0.25036335
0.24728867
0.30318886
0.28673065
0.14823878
0.2821199
0.28272364
0.306507
0.84462094
0.5217273
1.9386827
1.1541965
1.058874
0.869264
0.47094348
0.6338746
0.27300736
0.2114203
0.17007673
0.1808022
0.18018746
0.18069968
0.18882817
0.23177886
0.23676491
0.37745565
0.30401218
0.67300236
0.4947412
0.31697172
0.5894249
2.5581403
2.5767326
2.0312185
1.3849837
1.0665596
0.92809975
0.9813729
0.92539436
0.6097954
0.40991977
0.23418853
0.28952694
0.22817612
0.24642667
0.18305707
0.17238882
0.29783988
0.4176308
0.30064064
0.72220916
0.22691831
0.41278324
0.52082616
0.26971272
0.33746135
0.79114676
0.55871516
1.7072808
1.3021287
0.600092
0.684761
0.82318336
0.54703003
0.2947245
0.2064861
0.19416064
0.20458567
0.18898842
0.25398102
0.22768477
0.34331325
0.39095452
0.40521437
0.45805478
0.4438006
0.41813907
0.50109684
0.22135887
1.0265279
0.5415624
0.5923619
0.82234615
0.7391228
0.8449592
0.57544446
0.60126585
0.4262755
0.29237008
0.22022656
0.19309646
0.20518664
0.21599418
0.24545133
0.22355723
0.28256005
0.30347764
0.34537005
0.41928032
0.34510854
0.8105354
0.60567975
0.90981525
1.022258
1.1538683
1.111116
1.6397084
0.9268712
0.9532684
1.0226544
0.66573745
0.75447273
0.4526698
0.1851823
0.2634998
0.29362148
0.2219584
0.23409948
0.21177599
0.26579785
0.34027556
0.32737747
0.5523856
0.336115
0.67405957
0.4643543
0.19933099
0.4503814
0.65954936
1.4283768
1.3207449
1.1787474
0.40274304
0.6811684
0.5643787
0.5271443
0.38654116
0.22851616
0.23421782
0.23162743
0.21570975
0.23553649
0.21585423
0.29682297
0.32038382
0.3500905
0.3408468
0.25994283
0.36571905
0.33663914
0.8275726
0.4286994
0.5771835
0.4122892
0.6888575
0.44009838
0.5097626
0.49645522
0.33891132
0.46201226
0.2839967
0.28631586
0.13279542
0.29188287
0.23760349
0.23694375
0.2535582
0.19247803
0.25989065
0.3122985
0.29053456
0.16164914
0.22376001
0.42080092
0.78246856
0.5102951
0.5611885
0.2252776
0.71906275
0.6763392
0.6255874
1.5757288
0.9715987
0.86626196
0.535415
0.5604107
0.38678327
0.26112443
0.24150455
0.25359553
0.33155656
0.3275056
0.31007332
0.47495106
0.34998822
0.4382199
0.61998844
0.41579774
0.8556414
0.5890267
1.5096753
2.3658376
0.8704422
2.009281
1.1037681
0.7214183
0.83982044
0.8205683
0.5998431
0.29984096
0.24729908
0.22702542
0.22529018
0.2730754
0.2512018
0.42804164
0.42060268
0.39487943
0.7378388
0.70074004
0.44683036
1.3546307
0.5332042
0.374548
0.90816414
0.535885
0.6834266
2.0677032
1.2963728
1.1068641
0.8456965
0.7355745
0.91122633
0.5483843
0.81581837
0.62270147
0.62867093
0.819486
0.84896755
0.9396238
1.0895315
0.75273657
0.8011833
1.2507545
0.81844455
1.0444975
1.1586437
0.80636215
1.0791528
0.99473596
1.5065238
1.7054151
1.5927545
1.755155
1.6678793
1.3508341
1.4482974
0.83635205
0.98935586
1.1820503
1.0802832
0.91701585
1.1083667
0.96474034
1.062269
1.3753618
1.2023692
1.3769873
0.7998085
0.6668672
0.9352092
0.61368996
0.42996097
0.48833096
0.7610649
0.94794345
0.82454616
0.51506704
0.3034993
1.0002046
0.5248635
0.3230305
0.25218877
0.25456375
0.34838587
0.36393863
0.41248363
0.44304678
0.41334024
0.4589438
0.33114898
0.44183856
0.21610963
0.24841958
0.21526182
0.4979867
0.41927043
0.36239627
0.427111
0.96464
0.7598179
0.8128438
0.4993691
0.5560492
0.18667188
0.20608231
0.20511729
0.21542251
0.23209164
0.2532848
0.23696339
0.32795954
0.33876634
0.226221
0.30300987
0.3148064
0.3211052
0.64559853
1.4814291
0.96387213
1.506961
1.3693045
0.5654278
1.2960334
0.90734357
0.56299436
0.71681845
0.46045744
0.38338345
0.2859852
0.19954765
0.22494474
0.21592292
0.24143052
0.24517304
0.31602377
0.35397318
0.312959
0.30214426
0.7598312
0.49960786
0.28847983
0.54070944
0.65292376
0.5810156
0.8403424
1.1111631
1.6305529
1.3403883
0.63366586
0.684668
0.6246015
0.5764794
0.20925996
0.20136258
0.21190873
0.20954683
0.22983882
0.22595593
0.28832054
0.304265
0.42752805
0.2757471
0.44306976
0.2599214
0.35904697
0.36720768
0.2841017
0.6612226
1.4426371
1.0856872
0.9883458
1.3677607
1.0307487
0.63876206
0.38323367
0.37479022
0.24175233
0.15842822
0.18464422
0.17580843
0.20253336
0.20088318
0.30657628
0.28490174
0.36185798
0.38292786
1.1634402
0.29880476
0.40710592
0.9331828
0.6783848
1.6881758
1.6300577
1.3147348
1.4134676
1.3422772
0.6163457
0.6963588
0.5494194
0.3087601
0.21961829
0.17772895
0.17258477
0.15484765
0.17210078
0.24021861
0.2957425
0.41893983
0.36361888
0.4109353
0.29153207
0.7255445
0.56336683
0.384684
0.5906489
0.755073
2.2382743
1.8776555
0.77468354
0.9702862
0.9259087
0.8255629
0.41006836
0.20114651
0.21845654
0.20099258
0.19711763
0.18389615
0.2476309
0.17313871
0.2676689
0.3288226
0.4225657
0.47857097
0.6524759
0.52980167
0.36313647
0.7414019
0.9007518
1.2367237
1.1852
1.5826216
1.3067533
1.1806321
0.6657458
0.75316936
0.37138066
0.2921707
0.2891539
0.20856154
0.20247912
0.21463037
0.23311731
0.20280984
0.30596977
0.30481216
0.47657964
0.27861166
0.3590623
0.29940188
0.24607506
0.17129877
1.292318
1.8811052
0.88607955
0.9186231
0.87585795
0.52285427
0.77033395
0.38225818
0.532882
0.53697187
0.2122429
0.23867735
0.21170387
0.2273241
0.23670653
0.25426328
0.3303876
0.31779844
0.41530633
0.26455596
0.24047375
0.3050545
0.58345205
0.46386418
0.53982925
0.48733547
1.3279206
1.5483557
1.4101207
1.0246296
1.4125139
1.0449942
0.4875784
0.6892729
0.38664928
0.21922126
0.21926314
0.197534
0.2177271
0.19409114
0.23133042
0.28901932
0.4518079
0.30864465
0.22842935
1.4604722
1.1649038
0.3061018
0.36731672
0.6382075
1.1954151
0.775869
1.0018809
1.6708088
0.70925796
0.7538261
0.675953
0.5130789
0.36626795
0.20273823
0.21055546
0.19273126
0.22130689
0.19411376
0.25460738
0.2470299
0.37640885
0.37855765
0.2423869
0.23222724
0.44509655
0.289779
0.69759667
0.5882712
0.43010005
1.1086009
0.82240343
0.9420048
0.7244989
0.65782076
0.5625032
0.33816034
0.23727676
0.21184069
0.19678545
0.19772929
0.21427062
0.25417784
0.31243956
0.31477943
0.41809216
0.4505956
0.48261067
0.41206348
0.35712522
0.39239305
1.1423825
0.754054
0.5903076
1.0087682
1.3821038
1.0788968
0.5900211
0.7600906
0.4798155
0.20836604
0.19609955
0.20854962
0.1971744
0.1904921
0.22986412
0.20544693
0.3137903
0.34817052
0.44914433
0.3648588
0.32257733
0.78945696
0.34298497
0.71873665
0.56595993
0.84433687
1.5870142
1.197203
1.2264475
0.8704746
1.2176021
0.98964477
0.2447946
0.51880705
0.3511584
0.14261127
0.38267356
0.59243286
0.64577806
0.8227386
0.83233625
1.0392447
1.0519242
0.8823918
0.85216844
0.9088467
1.0228177
1.355761
1.7583978
1.9640347
1.9886948
2.2353733
2.2329576
1.6042969
1.595487
1.7058076
1.5424988
1.1956682
0.5306892
0.9188681
0.5887009
1.2028002
0.87519073
1.0939907
1.0562334
1.0995057
1.1959833
1.1829581
0.5522167
0.9566252
0.99834126
0
0.06575543
0.75578827
0.8153354
1.2555115
1.4481087
0.86901873
0.84659433
0.79028964
0.9498165
0.5204107
0.53272414
0.3714186
0.26871192
0.23582628
0.23621374
0.2603393
0.22713098
0.28417164
0.2818682
0.3922973
0.67137164
0.3016415
0.55894226
0.49668068
0.9218588
0.5431544
0.72142464
1.4199896
2.1600466
1.1224114
0.8380092
0.7087282
0.93785894
0.9614596
0.92204946
0.6077916
0.71260226
0.7657398
0.80509025
0.5897158
0.77474046
0.54640365
0.5134744
0.88234526
0.7589076
1.4456639
0.9404565
0.9453568
1.0744966
0.80819255
0.802863
1.2712396
2.305486
1.6793636
1.5255796
1.4063483
1.2762963
1.3611543
1.3944257
1.109955
1.0190216
0.96914387
1.1603104
1.1264912
1.067521
1.0819525
1.1546009
0.7043461
1.2422178
1.0791129
0.96352506
1.1897913
0.8435826
0.9440232
1.1053222
1.549647
1.7485294
1.7190008
1.4351093
1.5468286
1.5135736
1.1446428
1.0118027
1.1614043
1.1501846
1.0908829
1.1935157
1.0326493
1.1305691
1.1346167
1.0960059
1.1434536
1.1309435
1.8507516
1.4959732
0.7431318
1.0052305
1.0798655
1.2149148
1.5321796
2.158067
1.9603972
1.9761602
1.9424
1.4944412
1.1673915
0.929098
1.1369516
1.0872098
1.0082967
1.0236533
0.9974637
1.147895
1.3233588
1.142958
1.2303864
1.1406788
1.120612
1.2610264
0.9021697
1.0353386
1.1026677
1.0671197
1.7457167
1.5872693
1.2253963
1.5297537
1.6565187
1.3883766
1.2814106
1.2809802
1.4512233
1.0209469
1.2296867
0.94724417
1.0000993
1.1780974
1.073861
1.116698
1.1599052
1.1054292
1.1467218
1.1655369
1.113121
1.8348902
1.5105803
1.2091194
1.8615988
1.3359898
1.5120891
1.3466486
1.7107291
1.3942353
1.1510727
1.1265635
1.084557
0.8679529
1.0269536
1.0744668
1.060388
1.0913528
1.2834935
1.0554047
0.84407985
0.93943506
1.5583893
1.2287713
0.91863626
1.1423723
0.7487564
0.6189857
1.395142
1.4314047
1.9371051
1.2066194
1.8835887
1.3682199
1.3523095
0.90201175
1.1636508
1.2492354
1.3643539
1.0109409
1.1179287
0.96707654
1.1918343
1.0130706
1.0189404
1.0012522
0.5075295
1.1946033
0.43083525
0.41670147
0.46371463
0.37340695
0.66574305
1.6533103
1.0696973
0.68603224
0.5928571
0.9228754
0.36661643
0.17315942
0.23748782
0.22127211
0.2177178
0.27578542
0.3924882
0.3916652
0.6804702
0.33977318
0.24389866
0.4004216
0.5562716
0.516791
0.7712025
0.46173102
0.19321883
0.32845846
0.80939436
1.3562696
1.8839649
0.9078292
0.98065126
0.44394884
0.4182029
0.25529662
0.20721373
0.20847002
0.22084141
0.30914065
0.196899
0.29259235
0.26128104
0.35185796
0.28290838
0.5356753
0.3147728
0.50876117
0.40097502
0.3786471
0.26639867
0.39856106
0.59368706
1.4321432
1.1684741
1.2051831
0.62861574
0.42895582
0.71329546
1.141527
0.9461732
1.0602716
0.94170386
1.1343372
1.1104645
0.6039954
1.0745747
1.0239412
1.4482651
1.0272081
1.432631
1.0984277
1.726523
1.6199596
1.1082067
1.1778563
1.478595
1.5539707
1.5633775
1.8150332
1.4184017
1.6073284
1.3886191
0.9635299
1.091909
1.1078173
1.112388
1.0470331
0.9806492
1.1231831
1.1924744
1.469741
1.3306965
1.0366491
1.6842788
1.4226028
1.1160548
1.0430202
1.0958246
1.1917164
1.4735091
1.4799913
1.7226348
1.4862276
1.6306274
1.266362
1.3194777
1.28238
1.2311635
1.0900203
1.2635387
1.00613
1.0005418
1.1735274
1.1615952
1.1610665
1.1603109
1.0189728
1.0953823
0.80212635
0.6398956
0.68158644
0.5446729
0.46018523
0.54001886
0.5857724
0.9734436
1.2701752
0.6578573
0.78102934
0.47789508
0.3419029
0.23843488
0.25030214
0.33163247
0.3639124
0.3495834
0.33912542
0.5662864
0.38974434
0.42034116
0.65594
0.33765316
0.47667408
0.30613008
0.28161678
0.4642467
0.47211292
0.7482254
0.8229155
0.51070243
0.61104476
0.5857674
0.5124786
0.3972438
0.2295205
0.226488
0.21500066
0.20483875
0.21679726
0.22141898
0.33124006
0.28925627
0.5324199
0.2974979
0.73625684
0.28610253
0.20750791
0.9395652
0.46268907
0.20232716
0.3964227
1.0326681
0.968665
0.81230146
0.9194508
0.5978001
0.3760915
0.42749867
0.6378365
0.1598987
0.24463218
0.24195218
0.24169713
0.20716357
0.24062592
0.26105085
0.4080602
0.28155687
0.3222615
0.31840393
0.34564722
0.44290945
0.3703579
1.0029317
0.6307586
1.0866265
0.77046514
0.7586088
1.3719748
0.52967036
0.46538088
0.51106066
0.24160126
0.21717265
0.23553365
0.21073127
0.22876635
0.22541624
0.25642267
0.31282854
0.44103816
0.3068985
0.65556383
0.27382797
0.66736966
0.3951874
0.2619817
0.38669217
0.5392843
0.500404
1.3048614
0.61287445
0.85922503
0.94835615
0.57952225
0.31469363
0.24431634
0.24028587
0.22974545
0.2198447
0.24402645
0.25321582
0.25434542
0.31969568
0.22727203
0.42125693
0.69004744
0.6620976
0.52990526
0.5513842
0.2348924
0.42721614
0.8179529
1.0067345
1.3368702
0.91468346
0.59147704
1.0326196
0.75000966
0.21424273
0.22081473
0.22630963
0.21134368
0.21968752
0.23842615
0.25521272
0.35497048
0.42410976
0.3744528
0.40011635
0.7311512
0.16297841
0.358149
0.25749114
0.23148012
1.576058
0.96558154
1.5382806
1.0901095
1.0103811
0.87392914
0.7491255
0.8191495
0.65029114
0.42301196
0.2186048
0.21335092
0.21958116
0.24397978
0.21414891
0.30759582
0.4698271
0.37709686
0.32177976
0.3988497
0.65421915
0.27493897
0.36154157
0.4981595
1.0062501
0.566729
0.6970678
1.1195349
0.95425916
0.93939453
0.6408987
0.6561292
0.5563057
0.20830134
0.2108087
0.22822782
0.23281565
0.21602908
0.19494978
0.20616716
0.46264675
0.39844173
0.42666256
0.66489077
0.18423721
0.45867878
0.2077258
0.28851917
0.47947723
0.37559143
0.4973229
0.88592255
0.4645333
0.6630702
0.5464682
0.6726748
0.44327092
0.17998555
0.23683289
0.24321908
0.21724543
0.26200375
0.2667643
0.33144742
0.2949754
0.5459477
0.3044559
0.49920073
0.43418157
0.46716958
0.3575928
0.74728703
0.37349942
0.47952798
0.6593176
0.71850604
0.83184594
1.3076024
1.0321149
0.72323674
0.35947296
0.24346054
0.2428909
0.22726628
0.224385
0.22877136
0.23238829
0.31632993
0.24216515
0.13680199
0.28216404
0.23246041
0.6777595
0.2766279
0.3917421
0.695219
0.23352489
0.48219466
0.61688805
0.74968004
0.7238793
0.983222
0.76394635
0.43393758
0.64511573
0.22017354
0.22803581
0.2264528
0.22142002
0.22818354
0.20363265
0.28398436
0.3852695
0.4570004
0.31444746
0.6603702
0.24297762
0.33359528
0.27247077
0.33224398
0.37347507
1.0707022
0.49901372
1.1753572
1.0381267
0.81398547
0.36572108
0.7253958
0.39405385
0.24321458
0.22518569
0.2111611
0.22409809
0.17887682
0.22025985
0.29552975
0.4239127
0.29807597
0.4389511
1.8447237
0.6742066
0.9834465
0.34031343
1.7072349
0.82306427
0.38375112
0.817357
0.9978747
0.8811301
0.8333256
0.806755
0.7847411
0.5379577
0.2978212
0.21252826
0.21033794
0.20518273
0.2274634
0.24585566
0.24509159
0.44630912
0.3213229
0.36702
0.43989247
0.41106364
0.41598088
0.39643952
0.3310016
0.49249405
0.37727594
0.8748272
0.95774937
0.5893258
0.9814445
1.1957244
0.43872026
0.33584824
0.22606069
0.18946579
0.21320006
0.21724871
0.24780646
0.205374
0.2586244
0.38941535
0.41540238
0.37333867
0.41616783
0.6732615
0.45639303
0.38124692
0.4456123
0.5848497
1.3792325
0.51067585
0.917836
0.34599853
1.1011302
0.74083114
0.7379377
0.6825422
0.23167273
0.20810533
0.21499348
0.21855491
0.23705813
0.22390702
0.29987147
0.42047283
0.34653544
0.21811259
0.3110813
0.31541184
0.2202565
0.34874016
0.37763038
1.0154548
0.41755176
1.3920615
1.096959
0.66270494
1.2707204
0.78610206
0.5773937
0.76201266
0.4895106
0.7735044
0.7112762
0.9359957
0.87594754
0.8899402
0.884112
0.7483877
0.89626306
0.598652
0.8889648
1.7392218
2.2577536
1.0252947
1.6217061
1.8909577
2.0651498
1.474952
0.92293364
1.4476429
2.0156553
1.7731855
1.7563188
1.4121916
0.9834251
1.2581822
1.2793134
1.0832777
0.99819183
1.1559867
1.056614
0.83051914
0.7480837
1.2472385
1.4109529
0.9750739
0.69328487
1.2114366
1.0465168
0.91498935
0.7120019
1.4712877
1.612578
1.8475237
1.6741022
1.5243028
1.2876492
1.1678945
0.9095607
0.85794795
0.939819
0.96338123
1.0920258
1.1799119
1.0573192
1.1084691
1.3868282
1.1478814
1.1715418
1.0204229
1.0288732
1.2403982
0.9774898
1.1357472
1.0914038
1.7830756
1.5446206
1.6105299
1.6377692
1.6061798
1.4178315
1.3202994
0.8886023
1.0047319
1.071468
1.0739688
1.0867723
0.9152517
1.0566821
1.2384984
0.97785544
1.1386263
1.2988179
1.1437558
1.0333918
1.0895022
1.1501869
1.2107165
1.1963999
1.6063253
1.6415194
1.924583
0.78708804
0.6827739
1.1136807
0.6659363
0.31113204
0.28066406
0.2552879
0.2645309
0.29099435
0.33826193
0.40240467
0.48276678
0.7845486
0.47167858
0.23014185
1.5530546
0.5455053
0.36749107
0.8517129
1.2614926
0.65759057
1.1042677
1.5609554
1.1332712
0.7253486
0.78050566
0.45155588
0.47356522
0.3610327
0.21713972
0.21777415
0.23011342
0.250465
0.22190341
0.27574542
0.38070166
0.3912364
0.5549517
0.58314323
0.32819518
0.31248364
0.36837423
0.4388693
0.47495186
0.6574377
0.36018983
0.78410923
0.81463975
0.77188706
0.50727147
0.5326146
0.48415843
0.17498177
0.21509117
0.22208396
0.2295157
0.21682608
0.19943538
0.25974587
0.3889962
0.3447413
0.32974082
0.543434
0.1524468
0.20210359
0.26814345
0.32345402
0.5422443
0.21685588
0.9615041
1.2490056
0.7235041
0.7330966
0.78463686
0.45147714
0.2864748
0.2629425
0.21712801
0.22267139
0.2236442
0.2236431
0.21566495
0.3062454
0.28122652
0.453451
0.28050375
0.31267723
0.34141943
0.3521836
0.26184168
0.30259967
0.37906003
0.51407707
1.2967231
0.6164203
0.8598605
0.58659375
0.59562683
0.44025892
0.31086963
0.23145685
0.20638475
0.21378213
0.2142039
0.21004364
0.19848949
0.29039142
0.26725006
0.33637276
0.29725134
0.32123673
0.27870545
0.3282825
0.24453345
0.20789826
0.6657759
0.38084567
0.9767239
1.3451108
0.7314395
1.234511
0.48300183
0.65591145
0.24488816
0.23072466
0.21876258
0.20135763
0.19524255
0.2460748
0.19293803
0.30749497
0.25162727
0.36469558
0.30789682
1.1526216
0.8979433
0.77364075
1.4885943
1.119169
1.4363428
0.8455031
1.0359303
1.3535607
0.8739178
1.5505395
1.5411284
1.246684
0.9818816
1.0887961
1.1337237
0.7734036
0.9424731
1.2700378
0.94759244
0.99297863
1.1776822
0.9676489
0.896637
1.1395804
1.1629614
0.9145454
1.5462658
1.254413
1.2303984
1.0918003
1.865327
1.6093457
1.7973087
1.1692898
1.5474536
1.5418634
1.266812
0.9728677
1.1188676
1.0445576
1.0168066
1.0731646
0.9510238
1.0846548
1.2200736
1.0028359
0.9992721
0.9872339
1.2421068
1.0835029
0.79470927
0.46293357
0.2971806
0.41610202
0.4221957
0.40328965
0.7345199
0.8181961
0.61841744
0.3938055
0.7442658
0.99584967
0.8543909
0.83016473
0.9434948
0.9821468
1.0048152
0.87146366
1.0167972
0.9570316
0.68563414
1.3417276
1.0971006
0.3910736
0.31305844
0.53010464
0.42694044
0.32434508
0.19379988
1.2713472
0.42552748
1.004137
1.2014238
0.757849
0.68758106
0.677977
0.62044805
0.7766158
0.8764857
0.7892996
0.95841163
1.071941
0.82595366
0.8056307
0.7891672
1.0791082
1.1362226
1.1968044
1.5296649
0.9677085
1.023246
1.2216363
1.1996611
1.622052
1.4836097
1.9171019
1.9748929
1.5336878
1.5356414
1.1476439
1.114134
1.0512736
1.0308621
0.9591813
0.8371275
0.9022792
1.2510327
1.1505543
1.2948536
0.9094877
0.37671515
0.43905035
0.5267735
0.5335694
0.78789765
0.5696204
0.9300231
1.050351
0.7525622
0.8286498
0.7260256
0.8046287
0.25106132
0.2159859
0.20728141
0.20322645
0.19747737
0.20996219
0.17824289
0.3119771
0.54952407
0.32845604
0.43329245
0.852024
0.17026666
0.39738587
0.5481562
0.22656927
0.68920374
0.49439883
0.6254163
0.7576774
0.7500922
0.62117195
0.5444701
0.5010497
0.6181422
0.8082975
0.69002765
0.8664946
0.93817496
1.1884161
1.0063617
0.5546893
0.90875727
0.81523824
0.9511407
1.1799659
0.68864286
1.1421604
1.2191277
0.8554424
1.4549537
0.8723716
0.56942517
1.8625124
1.7897744
1.8167503
1.4526469
1.358829
1.0086966
1.0807233
1.030361
0.996607
0.9966317
1.1209687
0.9468908
1.0515397
1.1675148
1.0539312
0.9928944
1.5065678
1.7527927
0.9499233
0.74216104
0.6802162
0.9790502
1.0623313
1.8853309
1.9775878
1.6409565
1.7199069
1.6212623
1.6675903
1.305361
1.4088613
0.9214896
0.98175114
0.9959353
1.0953209
0.984952
1.0980877
0.7938
1.1218133
1.2281382
1.1311517
0.9044224
0.9409085
1.074968
0.95525277
1.5668577
1.5659579
1.9337178
1.5507468
1.4681054
1.8467342
1.4860283
1.3117039
0.95594066
1.155566
0.9079366
1.0443476
1.0545442
1.0223693
1.020415
1.0262072
0.99183947
0.99879366
1.0357865
1.0340558
0.8370454
0.9919253
0.9029813
0.25285244
0.30724385
0.47091874
0.5641435
0.4695535
0.90205693
0.83044386
0.662806
0.73988265
0.6076662
0.37953344
0.22191331
0.25664625
0.36576834
0.31118983
0.23744273
0.26753905
0.3640669
0.63991743
0.4130362
0.73183244
0.24336666
0.22046372
0.30198073
0.34832758
0.39816228
0.34720746
0.114281684
0.69623095
0.8706494
0.7531689
0.6528573
0.66289264
0.592243
0.19224975
0.22939727
0.20309275
0.21366572
0.20555314
0.17366183
0.2890827
0.3039109
0.44634098
0.2911341
0.3745671
0.3915265
0.23406798
0.23201495
0.4717716
0.53333664
0.24227151
0.87450826
0.7282296
1.3766845
0.4590266
0.5470241
0.4294543
0.5608165
0.244598
0.2181736
0.20226479
0.20104545
0.14734212
0.18772456
0.29481763
0.31042615
0.44872156
0.36301914
0.4247105
0.26623857
0.25163737
0.5694674
0.3051572
0.27361202
0.29693922
0.4767153
0.9636303
1.1155707
0.66705984
1.039033
0.7469002
0.3906626
0.35956675
0.23584789
0.23035502
0.21062621
0.19058275
0.23432428
0.30346698
0.27841252
0.22705886
0.2694201
0.3566469
0.08690977
0.5312488
0.39346662
1.3971369
0.6196783
0.61428016
0.561684
0.68999267
1.0260016
0.7142782
0.661317
0.54381084
0.433774
0.30943313
0.21730855
0.21408814
0.21816224
0.24432427
0.28854054
0.21438369
0.2830248
0.37345034
0.42880815
0.3180455
0.6061388
0.3694981
0.25240993
0.84740967
0.36081567
0.8745039
1.2727364
0.85300744
0.84082
1.5326948
0.56228244
0.4718762
0.71359813
0.2504733
0.24023017
0.22560635
0.21435729
0.1757268
0.17487383
0.28505725
0.35352096
0.1069248
0.27790433
0.2635008
0.16204363
0.4807761
0.13843662
0.26456767
0.8960284
0.44735587
0.47442436
0.62624735
1.1411219
1.0528415
0.9453323
0.4376616
0.18210092
0.21699226
0.18193012
0.21893385
0.22784466
0.25752163
0.14705193
0.28168803
0.4872819
0.16862738
0.22224826
0.19080845
0.28429982
0.18862656
0.32115582
0.37016284
0.50583434
0.53410375
0.58684224
1.1385096
1.2795258
1.3770535
0.4999687
0.49152613
0.27483225
0.33327436
0.22157153
0.22903201
0.21039051
0.20864916
0.20245671
0.26403898
0.3009526
0.5186865
0.33246857
0.24292499
0.28593627
0.25250694
0.5258645
1.0415759
0.10506049
0.48672476
1.2119309
1.3143616
1.0685478
1.0739652
1.2717881
1.5934957
1.1467857
0.48608008
0.7821098
0.97410387
0.9623681
1.0535533
0.8874357
1.0693566
1.0101963
1.248574
1.1282455
1.0802025
1.2672582
1.0481412
0.8059742
1.6899365
1.3175293
0.94071215
1.1953205
2.127105
1.1418217
1.6663424
1.6110733
1.1416066
1.3603072
1.0863398
0.95987594
0.92287916
0.9897508
1.016124
1.0702665
1.0065587
1.1456345
1.0334471
1.1068366
0.8582886
0.66196644
0.7404005
0.7458246
0.24795741
0.41125128
0.9840463
1.1450597
1.3481187
1.0264812
1.0541174
1.0971932
0.86796176
0.92131305
0.75888896
0.99833083
0.83654165
1.0072286
1.1417462
0.99873775
1.038486
1.0454206
1.2179315
0.867754
0.43964723
0.46528384
0.44465378
0.27015048
0.46825913
0.48175508
0.46162915
0.6924575
0.6266644
0.8577627
0.89021677
0.5295796
0.5443346
0.9709184
1.038048
1.0513502
0.8513045
0.9622015
1.0308107
1.0173342
0.88219196
0.9371527
0.7806881
0.5444704
0.9369253
0.8439472
0.43613967
0.27004558
0.32077622
0.14627022
0.35743293
0.39658087
0.64362335
0.70071775
1.2975895
0.68958133
0.52800643
1.0696858
1.0150895
0.9243682
1.1513371
1.0309039
1.0571933
0.9636841
0.951153
1.1466157
0.8918626
0.9905167
0.9008316
1.0798328
0.9297706
0.94382983
1.6257874
0.7744682
1.5000794
1.0569007
1.4813449
1.3112253
1.3170666
1.2590275
1.4893439
1.5689639
1.2496581
1.0186986
0.81207985
0.99463695
1.0344715
1.0299884
1.0548345
1.0175945
1.127495
1.1208519
0.9875355
1.0158466
1.243901
0.5679462
0.9058899
0.62040704
0.44240558
0.4984863
1.59689
0.70698625
1.1963084
0.59572
0.8916862
0.62241626
0.22493297
0.23289984
0.23487043
0.25598004
0.2906043
0.18740451
0.26437965
0.39296305
0.2979062
0.29280084
0.20282316
0.84621745
0.16293442
0.0949516
0.45842993
0.6625424
0.36162743
0.6255169
1.694564
0.8434298
0.703522
0.4448327
0.822399
0.4622164
0.3582108
0.22023818
0.22301254
0.25776002
0.2300823
0.23740777
0.21039501
0.28900295
0.22613776
0.30703402
0.24342296
0.9566283
0.9965751
0.33569056
0.23163462
0.5447335
0.20305437
0.5569945
0.52656454
0.53104925
0.78533846
0.65774184
0.7180185
0.9713967
0.83056843
0.9058989
0.69584584
0.90684795
0.85796744
0.88682747
0.9817818
1.0253435
0.69262826
0.7969952
0.807589
1.1385671
1.0468915
1.131615
1.4714953
1.7154039
1.337471
1.4500349
1.8932183
1.9569118
1.5582825
1.4150451
1.2308215
1.1630037
0.95991415
0.9683501
0.95063215
0.8709917
1.0337867
1.0606314
1.0323842
0.96959716
1.208065
0.9806018
0.4709184
0.5922683
0.30343223
0.5223488
1.1251283
0.7471173
0.66998047
0.87305564
0.7614826
0.616584
0.7041877
0.80042845
0.792046
0.49087012
1.0051306
0.97374016
0.8882182
0.75477785
0.96890867
0.95346045
0.92653495
0.8735328
1.1721106
0.92384326
1.0323538
0.4986105
0.9587852
0.8486739
0.42534035
0.6006731
0.54382926
0.5715067
0.3249073
0.8384587
1.0758463
1.0129763
0.73477846
0.81094974
0.717476
1.2029189
0.9707896
0.9598246
0.99079597
0.91623044
0.8600786
1.178447
0.962841
0.8342988
0.91967916
0.7446124
0.35081503
0.44946736
0.39235678
0.306769
0.38544318
0.3985854
0.679255
1.4186245
0.8514774
0.46356604
0.9254992
0.64337325
0.91375643
0.88413674
0.99255
0.9124564
0.96223116
0.9367556
0.9922109
1.0133059
1.1427367
0.8549197
0.8177443
1.4262958
0.9653797
1.5810943
1.5659376
0.99511266
1.2847106
1.5367613
1.5868953
1.6624292
1.8028488
1.6101872
2.241959
1.1310213
0.98889923
1.1216941
1.0509287
1.0334499
1.0456529
0.8732171
0.935306
0.9571276
1.1286601
1.0773115
1.1896966
1.195459
1.0097482
1.3294786
1.0578316
0.71174574
1.1893126
1.4473473
1.6275624
1.4793632
1.3773739
1.7228925
1.4077603
1.1983944
0.90591186
0.91621226
0.8466285
1.0174366
0.9779659
0.91767746
0.92424613
1.1870636
0.81449276
1.0157491
1.1427021
0.6277398
0.71755195
1.2752978
0.9850696
1.2544136
1.0050555
1.854512
1.5095367
1.2528229
1.37969
1.2956014
1.5373898
1.286399
1.1090643
0.99784344
0.9034008
0.83621985
1.0344787
0.95250934
0.98553085
0.9632115
1.1008047
1.1170719
0.72490156
1.0278147
0.9535912
0.73455334
1.3825103
0.8331066
0.331061
0.700196
1.6093372
1.2221977
1.6236922
1.1313697
0.7820174
0.7314178
0.7478176
1.0545849
0.8844419
0.98283625
1.013993
1.0090456
0.95273167
1.1703722
1.0658034
0.7153443
0.57640946
0.42825255
0.42939728
0.30552095
0.37214792
0.47784194
0.9126438
0.7329528
0.62705815
0.7331764
0.70857424
0.518261
0.8999196
1.3395619
0.82455134
0.81568307
0.8867219
0.95592624
1.0283058
0.9704197
0.9606845
1.0619967
0.9362751
0.95585185
1.2274891
0.9165391
0.38375634
0.44700506
0.3168044
0.3235513
0.46463123
0.48995045
1.6133617
0.9901857
0.5610716
1.2721753
0.817348
0.6661547
0.1777344
0.20034623
0.20972583
0.19975725
0.23160467
0.24752852
0.3348037
0.44861585
0.6414708
0.295556
0.24970153
0.14029959
0.32753313
0.30214104
0.27992356
0.39542863
0.8697826
0.97178745
0.7214359
1.1886286
1.3254648
0.8178199
0.7879359
0.38610095
0.19051084
0.21932101
0.20063329
0.22438827
0.15609565
0.10000691
0.26871106
0.3033446
0.20833442
0.22370854
0.1506533
0.16060597
0.34721044
0.32996607
0.6293278
0.37543526
0.37024528
0.86433476
1.9364065
0.8163904
1.0958961
0.5330959
0.61263824
0.67938226
0.31604028
0.7033114
0.7322855
0.91467226
0.8933877
0.89697236
1.0733658
0.71720934
0.74461544
0.7384132
0.5177708
0.5118593
0.40608966
0.448665
0.43086746
0.44028407
0.38431844
0.3762558
0.56329787
0.70618254
0.766608
1.2342943
0.85127616
1.0705383
0.63781035
0.91611105
0.7866099
0.9016505
0.96126825
0.8998085
0.8807845
0.72288376
0.8902499
0.447794
0.4049455
0.5626233
0.438144
0.5547504
0.5323948
0.57581466
0.7887907
0.6335022
0.20443612
0.759618
0.60510516
1.019441
0.69947743
0.2883559
0.18468347
0.1749796
0.20673135
0.17989302
0.18768415
0.2350924
0.37364432
0.4191373
0.4605324
0.4623957
0.17208537
0.18883973
0.23910251
0.32938966
0.41314197
0.24347666
0.56801355
1.2435817
1.0907801
0.93548626
1.7946246
1.4069451
1.1799766
1.0282121
0.81702346
0.8632592
0.8386668
0.9692047
0.95374435
0.9599671
1.1200421
1.1829606
1.0997149
1.3276947
1.215068
1.6316277
1.1271355
0.81413275
1.1215949
0.9840705
1.5472479
1.4332736
1.6027064
1.5965296
1.3114842
1.4403911
1.3942251
1.3037233
0.9372536
0.9682527
0.93177754
0.9474913
1.0162808
0.93202925
1.0236785
1.2177899
0.9882965
0.8584612
0.73074496
0.7323707
0.5860574
0.38798538
0.43436092
0.427656
0.74536747
0.5355208
2.2842436
0.67011744
0.77199924
1.3163675
0.88723385
0.53137964
0.16595161
0.19491503
0.1841703
0.18529594
0.18222743
0.21625999
0.1646531
0.33227974
0.35289466
0.35141957
0.61451715
0.36776873
0.30598184
0.3049122
0.35488838
0.6225602
0.18937114
0.935126
1.2013808
0.85703593
1.0743344
0.8072846
0.60677475
0.7842023
0.30423358
0.4599677
0.88446295
0.95250016
0.9063309
0.83614886
1.0327072
0.94365996
1.2839949
1.0548937
0.7313172
1.0326906
0.9459914
1.5751444
1.3313854
0.33732352
0.71686524
0.09988159
0.70004183
1.3309424
0.5127562
0.6179924
1.1826642
0.70700645
0.18161154
0.18570316
0.18657905
0.18638057
0.2120668
0.15059602
0.14636356
0.34606156
0.44962454
0.39282653
0.9734925
0.44289622
0.17491752
0.26215902
1.0489622
0.46695763
0.48589346
0.63955
1.1052681
1.3447131
0.9383259
0.58942175
0.70682263
0.2388053
0.20763826
0.22576645
0.20419103
0.19247389
0.18125412
0.16854462
0.19477019
0.22519964
0.14596063
0.27491856
0.25356486
0.07926729
0.83696324
0.568253
0.5186145
1.3935688
0.49189663
0.38941863
1.8123199
0.83671635
0.75969714
0.5911894
0.8347874
0.27947947
0.28104895
0.22728875
0.18485063
0.2038962
0.1273781
0.17133877
0.17683512
0.22722739
0.28761634
0.31047085
0.21882045
0.26643118
0.25294062
0.20796871
0.21898693
0.3132082
0.29974318
0.67804784
1.0775154
0.5817763
1.1328253
0.7156707
0.59815633
0.18479407
0.19044971
0.18341056
0.18638638
0.15498254
0.1756599
0.1897572
0.20867488
0.106848836
0.41125703
0.27014583
0.10464281
0.3197393
0.3538311
0.38616514
0.28313473
0.19906795
0.30186245
0.77668333
0.92134356
0.58119416
0.5036633
0.45730808
0.71976954
0.17843127
0.18230543
0.1897915
0.15839529
0.1769566
0.16236928
0.13774037
0.22350168
0.25841925
0.35023963
0.23958033
0.2903045
0.355697
0.281455
0.30022955
0.14636546
0.43586302
0.6636912
1.5681266
0.51658165
1.0813338
0.74043584
0.45976165
0.3328616
0.19669464
0.15897134
0.18270466
0.15704814
0.1746352
0.18383753
0.21044323
0.23471418
0.16533521
0.32637835
0.32765383
0.67974246
0.21353516
0.23184764
0.31374717
0.39479333
0.36366585
0.330554
0.6407968
0.56694967
1.358376
0.8364136
0.74095434
0.53087384
0.24356058
0.21344137
0.17108008
0.17551565
0.17505106
0.15401241
0.16903037
0.24283665
0.18868893
0.17187816
0.3603824
0.32553497
0.4828154
0.2354931
0.3229128
0.35375753
0.43749213
0.41734397
0.37997997
1.1216054
0.6785642
0.8004921
0.6052725
0.4882208
0.2553316
0.15027508
0.18084908
0.17298532
0.18743318
0.14638749
0.13091803
0.19963911
0.37203404
0.2215828
0.29357508
0.28657955
