1.0448599
0.837621
0.42372644
0.3139415
0.26230052
0.25931233
0.38159448
0.35381752
0.50750524
0.39336577
0.3144862
0.27810317
0.3843974
1.1991454
1.7364081
1.4825853
1.894054
1.9643759
1.9111488
0.7624716
0.36802393
0.3817198
0.58052546
0.41908962
0.3438239
0.32864413
0.20352113
0.33352125
0.30082574
0.28767616
0.2637446
0.3342193
0.35092503
0.24870124
0.35787192
0.26806042
0.24344346
1.2459778
1.4796124
1.3565995
1.532497
1.8610612
0.86660093
0.42679015
0.33976096
0.5388718
0.36267358
0.33576697
0.88960385
1.6947333
0.5745534
0.46674585
0.42775482
0.35187432
0.19490775
0.29175594
0.3392907
0.3144652
0.34495986
0.34379643
0.3950345
1.3086425
2.034682
1.5100057
1.6234776
1.9691476
0.8193078
0.3956203
0.45197
0.19295424
0.18108812
0.3468023
0.3813961
0.4040157
0.4714248
0.41296378
0.3520628
0.29935122
0.24123946
0.3192902
0.29692867
0.292362
0.33306488
0.2880777
0.3444103
1.2742634
3.0565288
1.8536911
2.287021
2.4830284
0.87383115
1.2867247
2.0174377
0.61385995
0.29708907
0.27325484
0.31340066
0.33725765
0.36929852
0.3212898
0.257084
0.8253323
0.1746206
0.3521637
0.36787358
0.24128315
0.1810875
0.23074159
0.28505713
1.5763531
1.6684704
1.4744086
1.5246487
0.6023786
1.6343647
1.5135837
0.41388422
0.37825817
0.40432918
0.37671837
1.2013541
0.7362463
0.28208908
0.3170069
0.18013802
0.2229136
0.2965552
0.3071732
0.438547
0.2774462
0.22144568
0.22548851
0.35932922
1.0875466
1.9943169
1.6294117
1.6748254
1.282329
0.8061265
1.4690754
0.6298031
0.44512352
0.45331475
0.45424095
0.38989812
0.372426
0.36815888
0.27612922
0.2883431
0.14392737
0.24388185
0.443994
0.3336546
0.39055616
0.3213838
0.4080721
0.44767815
3.1702778
3.102228
2.5991924
2.005486
1.3965479
1.116006
1.370001
0.21149585
0.45441595
0.30756506
0.3003288
0.4431996
0.42984232
0.38654423
0.2719249
0.25191498
0.21793774
0.33686402
0.42603904
0.3839872
0.44385096
0.33141726
0.36220935
0.47160712
3.2990131
2.386694
1.9573908
2.452637
2.4161787
0.39102706
1.5523391
0.42876208
0.30576932
0.4211886
0.49264783
0.91498005
0.77864033
0.35387778
0.3795742
0.27140552
0.20420367
0.37796664
0.37713742
0.429524
0.33466926
0.39106452
0.35507503
0.47565585
2.7838278
2.6907473
1.8670348
2.1388159
1.4643735
0.7815561
1.1561738
0.6800923
0.45632905
0.2849171
0.2545493
1.1658071
1.0384794
0.35797516
0.25474223
0.30287972
0.2109747
0.21928218
0.3991342
0.4518446
0.37886062
0.41487476
0.4005699
0.5511887
2.8241007
2.7630377
1.8991958
2.0149615
1.6876913
0.97251403
1.3033755
0.7988262
0.5734729
0.45390555
0.33156797
0.39703846
0.36492458
0.37712923
0.32613668
0.32212833
0.31638053
0.3369322
0.34630346
0.34918496
0.3733674
0.3669855
0.38536328
0.48948303
2.9282434
4.6582584
3.2632809
2.8929496
3.4170763
1.7677257
2.3308864
1.060073
0.20215419
0.24891517
0.36343887
0.43785048
0.35585493
0.40867782
0.31629816
0.3336376
0.2366645
0.2596718
0.29709947
0.5389503
0.538109
0.4120032
0.3099015
0.45837605
2.207115
2.4704545
1.9049
2.1506307
1.7518228
1.0760797
0.54456097
0.2198002
0.22580782
0.29862633
0.39615664
0.39969918
0.36573482
0.44561246
0.38057414
0.23131174
0.20287508
0.3244971
0.43791264
0.33256185
0.36113325
0.31689465
0.4264086
0.4299697
1.8897628
2.3102045
2.565878
1.2726095
0.37140405
0.09929332
0.4827189
0.2279146
0.36300918
0.42604703
0.30634084
0.292789
0.16331771
0.115626365
0.49002907
0.2103301
0.16571116
0.18120074
0.25227296
0.26999024
0.28002688
0.4234633
0.36936083
1.0341852
4.137783
2.2930098
0.91043746
0.356717
0.440484
0.28108734
0.090779126
0.19131723
0.21955511
0.33080456
0.28850776
0.09681901
0.12685645
0.079167396
0.14970261
0.1717928
0.15487114
0.07454759
0.118009925
0.35476318
0.20564339
0.3166031
0.3944458
0.63661814
2.8263233
2.5963197
0.8684547
0.5643718
0.3660276
0.1901423
0.24930501
0
0
0.02478749
0.05822328
0.26784754
0.10261652
0.087417305
0.11698595
0.113921285
0.117856205
0.06680915
0.16828072
0.23566067
0.23306853
0.11851588
0.16189948
0.55588037
3.9591308
2.4767213
0.3046485
0.31009296
0.3558614
0.27772045
0.23742348
0.24119294
0.15785816
0.16138849
0.15607753
0.10261333
0.063896
0.09949726
0.1448076
0.19718546
0.17717502
0.087626845
0.17733845
0.28897628
0.22407353
0.1723234
0.23768884
0.5472703
2.898087
2.5626328
0.3500356
0.42677873
0.38024345
0.2646449
0.21922258
0.15491804
0.12297568
0.1523338
0.19603294
0.27598897
0.15426433
0.1293703
0.21611959
0.18982938
0.19255772
0.16330245
0.24213433
0.3079877
0.29577172
0.15230459
0.12932
0.54741293
2.084293
1.8702842
0.20882058
0.39391717
0.32748732
0.19833887
0.64618427
0.21301341
0.24804509
0.21270391
0.21906662
0.19528472
0.17792001
0.19455841
0.18502045
0.14635062
0.109274775
0.09664425
0.07555193
0.3411649
0.26284522
0.28939602
0.22691259
0.6240328
2.7450566
1.8547586
0.23721015
0.38029727
0.3169928
0.115107596
0.12645823
0
0
0
0.08364007
0.30177644
0.2367292
0.13518271
0.14250234
0.054009233
0.070881665
0.085977554
0.12071839
0.17297381
0.2156468
0.19561774
0.13989943
0.6156772
2.84066
2.7085845
0.20049608
0.1844325
0.12731972
0.10112482
0.020757232
0
0
0
0.011815671
0.12776577
0.13643882
0.02316681
0.05467761
0
0
0.03803614
0.018128935
0.038724158
0.06818196
0.02329928
0
1.57917
3.309817
0.86826676
0.17762548
0.12623635
0.06203935
0.17800042
0.13811532
0.10444519
0.07301286
0.20528677
0.040417884
0.108137965
0.033638004
0.0516834
0.06559527
0.35233724
1.0700517
0.9972237
0.36195096
0.36194593
0.16312054
0.28191066
0.4490261
1.2412679
3.4941297
3.8067837
3.4033086
2.0641007
2.6005795
0.2820621
0.78257215
0.112544894
0.15419716
0.14639375
0.24267656
0.47586924
1.3411363
0.26946706
0.4035881
0.3708531
0.7043426
0.50838673
0.37986815
0.40939257
0.39795774
0.3414509
0.40696177
1.7589628
3.9004686
2.699678
2.3695176
1.4921604
0.5552578
1.1726464
0.17993918
0.3847344
0.3097846
0.5207352
0.30331567
0.17844641
0.08871117
0.059386704
0.07083535
0.15736014
0.22937503
0.07977289
0.15507966
0.13986889
0.16724402
0.20917007
0.3012401
1.8270522
4.746653
2.875804
1.977799
0.6745763
0.3360679
0.8652614
1.0134821
0.14688128
0.082147
0.134305
0.1734283
0.16820234
0.22172618
0.1988976
0.1688334
0.16561738
0.18345177
0.1414772
0.123554826
0.25034818
0.35097265
0.3070977
0.37200046
1.7914737
4.0054016
1.6709162
1.5879805
0.09907615
1.4283988
0.5259643
0.5759111
0.1314024
0.20855457
0
0.122906536
0.16383073
0.11422396
0.14836317
0.17091408
0.031880204
0.09916443
0.0037411188
0.05226511
0.15703636
0.39253336
0.39582473
0.34485024
1.5641929
3.865742
2.4595168
1.6406256
0.58423305
0.4645284
0.47695422
1.1073335
0
0.04934329
0.11424634
0.05743966
0.16435173
0.14417094
0.12974536
0.07466233
0.0614543
0.0823876
0.009633366
0.15271974
0.13362172
0.113097906
0.2925467
0.30717194
1.220512
3.4381862
1.5230807
1.5333171
0.17203832
0.7927086
0.15173572
0.06204081
0.030397985
0.010172669
0.028387967
0.18208346
0.10183871
0.16968784
0.04468969
0.05756623
0.11387205
0.0997664
0.088811725
0.016752277
0.030025277
0.061552588
0.042816076
0.1364522
1.6681715
3.9137962
1.9999684
1.9880053
1.5978264
0.33157137
0.26744834
0.40463614
0.071659535
0.2716149
0.15986073
0.2785221
0.21789068
0.046156947
0.0034771299
0.8081088
2.7610698
0.2929555
0.20895264
0.28775352
0.22836217
0.25402653
0.29827955
0.36387372
2.0088615
3.2659
2.8118033
2.15588
0.3807633
0.53738415
2.0555263
0.6911026
0.21667013
0.3789163
0.3901903
0.22453019
0.16582212
0.35331964
0.45360732
0.22524428
0.09974009
0.13114089
0.06303394
0.17103973
0.11021966
0.099268466
0.07231924
0.19267556
2.1422544
4.5339947
1.8195451
1.691278
2.0443413
0.6875476
1.0994035
0.22045943
0.7527229
0.14554831
0.22721249
0.23971316
0.09756273
0.7769729
0.28690928
0.38544485
0.157096
0.11940709
0.20240074
0.26950857
0.07275155
0.110497594
0.24744397
0.21543029
2.4649782
4.871942
2.5868402
2.1434982
2.347651
0.34027046
0.37589955
0.17962015
0.258906
0.15038815
0.1326192
0.35093316
0.35867232
0.21572101
0.20024517
0.14491317
0.07468957
0.080385864
0.0943656
0
0.2077125
0.14740768
0.18303308
0.030292932
2.160908
4.689607
3.201671
2.8033094
1.207586
0.23040685
0.31550786
0.20173672
0.23502886
0.15627682
0.1863189
0.1964483
0.22236815
0.22498089
0.08128923
0.08358112
0.09678602
0.0894548
0.0034948622
0.06052709
0
0.116214335
0.100111395
0.24888366
1.6556422
3.9321482
2.5016713
1.2663565
0.4581617
0.3196822
0.2575481
0.40019706
0.19568896
0.26116812
0.2740458
0.14359474
0.07271412
0.40089133
0.1883505
0.26920757
0.16674888
0.18916959
0.11352301
0.12494218
0.04385576
0.17192534
0.2581066
0.33269054
2.4477582
3.4485571
2.3467965
1.3961719
0.7602829
0.35910317
0.9875366
0.13436657
0.07174575
0.31751388
0.21677664
0.22849545
0.122247756
0.087944
0.11178854
0.11519036
0.12412521
0.09972948
0.14457765
0.09453106
0.06610435
0.077582955
0.08583394
0.1079666
2.2882845
4.012011
2.1350212
1.4478766
0.39340895
0.68972856
0.6570995
0.7258082
0.18167698
0.1566399
0.2660877
0.17686623
0.21816036
0.90778726
0.15813786
0
0.078774154
0.08426198
0.12709332
0.11390433
0.11748919
0.08715564
0.17230669
0.05295441
2.5857215
3.9408476
2.3882842
1.1684489
1.0015703
0.8127978
1.2373945
0.31985816
0.083222896
0.17396754
0.18505624
0.2243304
0.12653255
0.09945437
0.18749273
0.049228344
0.03251872
0.19975957
0.08572635
0.10063845
0.13341916
0.0823369
0.033938054
0
2.5536203
3.3886213
3.076672
2.310549
2.8117096
2.2724168
0.14542815
0.30586237
0.19982603
0.15260857
0.22231486
0.39112362
1.0664521
0.2410838
0.16421932
0.16534373
0.20630237
0.1832093
0.24021715
0.09783915
0.18165326
0.0778026
0.16433376
0.18595138
2.2768054
3.8935714
2.6413805
1.867493
2.385878
1.7783942
0.14204723
0.28063738
0.20367229
0.15397128
0.321143
0.20288125
0.13065186
0.08743709
0.14603704
0.061215226
0.0336026
0.14124724
0.028305594
0.16932482
0.15398699
0.09712154
0.20093986
0.14859095
2.514747
4.2966332
2.5773342
2.3747728
2.6615167
0.8697417
0.08627999
0.22239739
0.5114328
0.18377
0.08188346
0.12208468
0.07151571
0.1503225
0.25749007
0.1588082
0.20341644
0.06441477
0.10919806
0.06388256
0.07546738
0.24358413
0.10554165
0.17187881
2.3113325
3.6582906
3.8095016
2.2336667
1.0974537
1.1421071
1.416557
0.25384542
0.26046756
0.14023206
0.18895277
0.16089198
0.16307539
0.5893854
0.15592435
0.091398776
0.044009093
0.114252806
0.11702338
0.129536
0.1234332
0.17654958
0.18141559
0.16693893
2.330096
3.9490945
3.0250812
2.1494255
2.2992868
1.8008986
0.7010859
0.29841244
0.1692388
0.19120759
0.16755685
0.27733794
0.22384596
0.116912216
0.099270046
0.15686429
0.0859119
0.21937773
0.14138153
0.0632253
0.11801115
0.036403272
0.07949072
0.0491297
2.7465875
3.6441224
3.515751
3.5939384
1.7371165
2.0078433
0.7883509
0.6104742
0.22643948
0.1394254
0.14784995
0.33838633
0.2643199
0.07203075
1.3242136
0.5432786
0.12191251
0.0635114
0.20367306
0.15667263
0.09198886
0.18440756
0.14470348
0.10403958
2.534219
3.5764854
2.5801456
2.250726
2.893444
0.8328894
0.42163095
0.5947651
0.31269157
0.20390406
0.30727088
0.43621463
0.24418175
1.0785605
0.92430645
0.2909223
0.20733616
0.25098827
0.25237852
0.1883145
0.25433713
0.18079433
0.1823889
0.13667032
2.666075
4.035718
2.6641884
1.959026
2.193345
1.5649344
0.4210202
0.40454635
0.38798174
0.08014572
0.47769022
0.42468092
0.16487753
0.2653196
0.10151082
0.056674454
0.06852442
0.07418683
0.090144396
0.1330634
0.12966773
0.07107666
0.13372126
0.07983789
2.5209875
4.304961
2.4855688
1.7767315
2.5452757
0.7589846
0.56292385
0.16195706
0.27730525
0.14860636
0.31245294
0.14709279
0.21531874
0.13497585
0.1400666
0.03994668
0.084293336
0.12095904
0.10247168
0.11227545
0.19349909
0.07946673
0.17100045
0.07614404
2.7807002
4.310055
2.6348088
1.9833001
2.1117284
1.0184952
0.6457688
0.5778312
0.11917573
0.07769689
0.05550221
0.11162183
0.11142182
0.13908726
0.33929986
0.21853375
0.121261865
0.048973832
0.088165015
0.08587429
0.063568026
0.096880525
0.07443982
0.32444754
2.505445
3.7067575
2.989646
2.5594738
3.0990672
1.018208
2.1334362
0
0.1705356
0.26372683
0.21128339
0.24387103
0.55151993
0.7799156
0.20250791
0.20598197
0.22971761
0.19522256
0.15902907
0.14245778
0.16663858
0.14707541
0.15853372
0.17414233
2.7637985
3.910147
3.6577582
3.0365252
1.9580749
2.6322868
1.3275248
0.1988624
0.32346427
0.21984172
0.19486704
0.19640476
0.18445468
0.11790115
0.019909266
0.084492385
0.12502065
0.14913565
0.10667884
0.18514472
0.06963265
0.05582467
0.13996685
0.07597187
1.9998527
4.0045066
2.615888
2.5879505
1.1653762
1.729305
0.7632402
0.4229999
0.22339243
0.112745404
0.09711209
0.249843
0.26914185
0.081385344
0.09560624
0.20492795
0.0029766297
0.09176633
0.115183085
0.09447566
0.026202593
0.016665075
0.13908121
0.31937164
2.4036016
4.1504526
3.0031574
1.4934751
2.1864204
0.2925572
0.811398
0.62740165
0.21028313
0.24795261
0.2793074
0.31827435
0.1982862
0.6666746
0.10328257
0.061647747
0.12605566
0.13420278
0.15100709
0.12640116
0.17097384
0.085091054
0.08254033
0.071698934
2.333705
4.1357346
2.7742238
2.321738
1.5415462
0.27452704
1.4046767
0.23885924
0
0.09370673
0.18283147
0.8700809
0.8384702
0.6609029
0.19033855
0.22888494
0.19883353
0.15286738
0.23870257
0.11118576
0.16915587
0.10923821
0.13123155
0
2.5207396
4.308251
2.7726443
2.8367987
2.5473986
1.5025536
0.17997772
1.1937653
0.10249111
0.258808
0.48869202
0.24992779
0.1724132
0.18964821
0.12955803
0.08812082
0.046633724
0.17123711
0.18466535
0.18039656
0.07753539
0.21334007
0.17115328
0.12724164
2.5164254
4.375036
2.68058
1.3112893
1.8612607
0.58648664
1.2177808
0.527507
0.32535022
0.30929267
0.22448415
0.18475953
0.22360173
0.085995644
0.27934933
0.22002968
0.32415074
0.13878834
0.10773954
0.06434068
0.06871185
0.19657648
0.14588937
0.14792839
1.7416149
4.1026793
2.7477283
1.9708872
1.9309232
1.083587
1.3698381
0.50507516
0.015794013
0.33337402
0.13155508
0.18022302
0.7408859
0.722184
0.09195948
0.10979089
0.09148416
0.18380147
0.19410247
0.14664769
0.1555889
0.18535048
0.18889657
0.10627097
2.7421453
3.9144654
2.9530153
2.0774548
2.1897457
1.6226674
0.97828215
0.58267456
0.1391308
0.191028
0.33650777
0.15548244
0.27531472
0.27372524
0.31468034
0.2081525
0.16755825
0.4000598
0.22314748
0.08229336
0.1936611
0.14412555
0.158155
0.14957675
2.8223662
3.893811
2.9443274
2.7398055
2.1789596
2.839481
2.54078
0.7738936
0.14340228
0.1823388
0.10736656
0.1985617
0.34249538
0.31582987
0.22590867
0.568253
0.09209013
0.1426543
0.14517295
0.18272531
0.15547517
0.18728855
0.12749699
0.031352583
2.707151
3.8169572
3.4419186
2.6269956
3.1244137
3.211648
2.9080386
0.41500148
1.1388489
0.87754375
0.7528036
0.2656648
0.38235852
1.6515341
0.12721205
0.1462537
0.12235454
0.097094
0.41041794
0.13908964
0.12589338
0.18894681
0.18665951
0.08491722
1.181517
4.173394
2.4015687
2.170715
2.336308
2.2191434
1.0063986
0.62819827
0.31358853
0
0.05839086
0.4618802
0.2249704
0.119541675
0.09005448
0.07174742
0.1256654
0.11769757
0.15562749
0.1691984
0.0953871
0.060868416
0.11906907
0.05388025
2.5070395
3.8174667
3.164436
3.5014663
2.2389896
2.6109397
0.33016184
0.29357138
0.35061797
0.11264798
0.23270354
0.17722094
0.16650352
0.9718463
0.083871335
0.14380187
0.09102255
0.111465305
0.17823082
0.32903412
0.06569642
0.07602757
0.1026341
0.07399693
2.3573182
3.7351658
3.606027
2.5877404
3.2743733
0.622299
0.050761197
0.2619543
0.76761353
0.070830464
0.16226953
0.4076849
0.94277585
0.3217139
0.09320369
0.07830578
0.46935937
0.22867799
0.17965534
0.14075378
0.08967757
0.23842272
0.14946604
0.2666008
2.571683
4.3296113
2.6731412
2.248551
2.518993
1.357917
1.0600127
0.8822047
0.17899749
0.24199232
0.3012677
0.17250735
0.18388423
0.2640887
0.24945855
0.16217095
0.09355864
0.24935067
0.27747187
0.18220794
0.20099571
0.051571492
0.11520916
0.07215667
1.4657079
4.3665986
3.159128
2.9283013
2.6005993
2.8405652
0.962484
1.0516568
0.7075382
0.3317386
0.25516278
0.073233575
0.28412578
0.34108832
0.26907933
0.11165571
0.06378934
0.16773134
0.24146384
0.13385284
0.17929706
0.11220464
0.12560889
0.12152767
2.7393394
4.1394825
3.1342323
3.2511384
3.8692138
3.302871
1.3458421
2.5420523
0.5168298
0.115934104
0.13565695
0.24352503
0.63890016
0.25349754
0.16055602
0.009054039
0.097756475
0.12996939
0.09122568
0.13616452
0.11576936
0.056498144
0.11313811
0.06105602
2.3830633
2.580595
1.7771626
1.9674245
2.1600707
1.0283153
0.8673484
0.5908364
0.23012048
0.19426462
0.075469345
0.07130849
0.10699606
0.09211972
0.14147967
0.100622505
0.12144989
0.1216664
0.16170293
0.120714754
0.13148674
0.072164446
0.07121703
0.23010999
2.5410547
3.0212374
2.1335478
1.9321338
2.3855326
1.4459677
0.7788021
0.26391268
0.28536704
0.13392556
0.15429705
0.16591752
0.22501221
0.0905616
0.11033955
0.24570829
0.1648387
0.13019201
0.13849354
0.11859751
0.08403739
0.06188688
0.059111718
0.11119774
2.4577029
3.4445636
2.249747
2.3143277
2.348064
1.7001648
0.8030741
0.43443596
0.4226851
0.09212184
0.08722982
0.17281896
0.1642594
0.08668846
0.17180568
0.15601698
0.15743095
0.13184568
0.10184744
0.0889253
0.07887769
0.043568794
0.071297884
0.10477027
2.027691
3.2995636
2.4027085
2.4840248
1.841483
2.7957182
0.50971156
0.61618835
0.41444674
0.25455168
0.26622316
0.221026
0.24096814
0.19750878
0.14680946
0.1712715
0.048128847
0.080978274
0.18111458
0.077756554
0.10127735
0.284917
0.14747915
0.32692772
2.547552
2.972373
2.127454
2.1327214
2.154521
0.932634
0.18098786
0.36854836
0
0.2902761
0.12562555
0.19165784
0.21030378
0.24650979
0.033752505
0.18642062
0.5070834
0.19382742
1.3412678
1.3430724
0.09901515
0.43183735
0.3837278
0.42793918
2.6877348
3.5518174
3.5150886
2.5578995
3.1311967
1.2177558
1.4358807
0.5732766
0.7086362
0.39118746
0.24676186
0.47487944
0.018000755
0.21481243
0.07380012
0.18695253
0.3705238
0.3789371
0.8564519
0.14485443
0.13006672
0.083521634
0.13973847
0.089200705
2.703307
3.912366
3.308466
2.4066947
3.0285525
1.3538432
0.6904394
0.6808834
0.22350869
0.03563622
0.25748178
0.12582591
0.27337363
0.09650892
0.08854127
0.10287294
0.05317581
0.0917384
0.17368537
0.14462075
0.07640308
0.08271569
0.22625968
0.21711472
2.4517245
4.394725
2.9547017
2.7323618
0.5626021
1.923633
1.1063039
0.51217806
0
0.21349436
0.26720002
0.51716083
0.15338862
0.12269664
0.1927011
0.12522873
0.09849641
0.20830736
0.09087306
0.16695043
0.08167079
0.12722361
0.167011
0.09373036
2.5829194
4.228468
2.5714056
2.648813
0.41232288
0.55272424
1.0387331
0.52166027
0.5297792
0.324251
0.07082152
0.24221203
1.573687
0.12282729
0.1690729
0.23140866
0.24160263
0.20949966
0.13801673
0.09953883
0.18635017
0.1282331
0.18714905
0.20005804
2.2927911
3.306355
2.6078088
2.035303
1.5740899
1.6109936
0.2132977
1.2636477
0.56288326
0.07102677
0.1363424
0.22176376
0.15559173
0.13870975
0.1192289
0.079847634
0.14987019
0.22291249
0.14787096
0.10006982
0.22035939
0.23516482
0.16190252
0.110429704
3.2488768
4.5740156
3.2949958
4.02499
2.2901654
1.4288908
1.1171428
1.2497393
0.29232246
0.018808011
0.1877709
0.054026607
0.09039959
0.19231313
0.14323622
0.008382384
0.078683615
0.17125943
0.1766671
0.117038876
0.17247695
0.19099659
0.110506386
0.08621615
2.6633947
4.75742
3.3472903
1.4540068
0.5405294
0.30654463
0.6479338
0
0.22815162
0.14604402
0.07753706
0.5887362
0.91776145
0.3131951
0.23298809
0.44263643
0.2718032
0.25380865
0.14321849
0.15856534
0.110406935
0.117445946
0.17291033
0.09873515
2.5009472
4.159209
2.160879
1.8621787
1.2120436
0.80432844
1.2669188
0.90628576
0.3190255
0.30316618
0.13653639
0.05254865
0.17958939
0.08813295
0.13519207
0.10463336
0.05132881
0.10748157
0.10460225
0.08575186
0.09091967
0.054095898
0.050967757
0
2.8122923
4.5821524
2.8727257
2.6871397
0.38965875
0.91842175
0.10639906
0.55086565
0.10483286
0.030534808
0.12745225
0.47324845
1.2472326
0.008663181
0.07241964
0.033009026
0.12406552
0.16347897
0.21498859
0.09317818
0.08496192
0.0826883
0.15418503
0.04448456
2.5660686
3.6589928
2.7300103
3.1348062
0.41965184
1.191391
0.7363402
0.5735067
0.8835132
0.061487798
0.20394811
0.09504089
0.16464108
0.2240991
0.06052983
0.09581271
0.056294773
0.09445125
0.054566506
0.15330166
0.07321113
0.032941405
0.10464302
0.054518078
2.3359895
3.4313731
2.7534022
0.7806759
0.43747643
0.60337704
0.43297467
0.5601859
0.08409965
0.09174305
0.11207339
0.11355251
0
0.0073202285
0.078897536
0.038082097
0.12312269
0.8611949
0
0.16482177
0.09854767
0.107830495
0.1867882
0.1261462
2.578029
4.200642
2.2249272
1.1917149
0.4978756
0.29713908
0.65743697
0.414017
0.4116439
0.28970647
0.33596727
1.4541329
0.15466806
0.054889236
0.20013699
0.091287345
0.16847774
0.12414199
0.038471434
0
0.06759772
0.15776429
0.19964144
0.026323143
2.746584
3.593038
2.762186
0.5845351
0.51137364
1.745942
0.6370123
0.55790406
1.4629768
0.50145966
0.33978966
0.23977214
0.049172167
0.12469959
0.121738315
0.19197717
0.13929832
0.12512702
0.10734844
0.055281136
0.10541725
0.15152329
0.105001986
0.09886843
2.308219
4.03743
1.7595044
0.10367742
0.39043307
0.5291682
0.48324698
0.33234838
0
0.1460827
0.07579592
0.19706854
0.13107646
0.19682267
0.07173544
1.0357625
0.13197663
0.118890226
0.24987543
0.13095018
0.12979636
0.028579686
0.09792015
0.08515075
2.4717848
4.197393
1.7527009
0.03636125
0.38629943
0.62780064
0.8847012
0.82620615
0.31023267
0.14015469
0.13897237
0.09977311
0.10656199
0.14728308
0.21743402
0.118300945
0.13972968
0.16601005
0.1116347
0.11645985
0.12462804
0.13637412
0.13895273
0.11430836
2.4625852
4.3516474
1.870769
0.13639998
0.27416584
0.8155359
0.72795963
0.61366963
0.38677898
0.40571508
0.054213826
0.29538703
0.16678837
0.19235793
0.20120001
1.7138792
0.33141267
0.00075877056
0.23174381
0.11922759
0.20221591
0.24778053
0.20187166
0.105796784
2.4898384
3.0484042
2.5833936
1.267906
0.5657129
0.25093228
0.37688196
0.4049058
0.622384
0.14450306
0.092232436
0.5070576
0.22678185
0.16509259
0.13161093
0.143646
0.1821081
0.13489187
0.074186474
0.14797762
0.106755555
0.11679545
0.13005933
0.05528957
2.443854
3.151617
2.8612878
2.4099157
1.5548646
0.41283262
0.24544042
0.5123853
0.20399871
0
0.5158929
1.1071445
1.3654164
0.5117497
0.16656014
0.25418228
0.1553297
0.20125389
0.2645505
0.18789536
0.077996045
0.15711474
0.18046296
0.12195939
2.812925
4.1951447
2.6539538
2.5357656
2.9058266
0.8454779
0.53098994
0.2137923
0.6031425
0
0.20648369
0.12566969
0.20276484
0.2242094
0.051985536
0.06681642
0.21047717
0.13486242
0.1998373
0.113443166
0.104385495
0.2047576
0.13224143
0.046855632
2.5102384
3.8933737
3.3195827
2.4667757
2.3818607
1.3997139
1.3091055
0.308464
0.9466492
0.11442512
0.04732922
0.2449171
0
0.0051727626
0.0594022
0
0.09339228
0.13638088
0.19541684
0.16534632
0.07655823
0.13619569
0.13459197
0.1149981
2.6463733
5.0039506
2.2793496
2.5118806
2.7614305
1.3292078
1.1347749
0.69711584
0.24309397
0.13838369
0.3669807
0.31343243
0.49515054
0.5977654
0.103815645
0.11264059
0.15895665
0.18933347
0.1708808
0.14638689
0.14908907
0.09785238
0.16108358
0.076092124
2.7035823
3.6496007
3.4325507
2.298974
1.2787734
0.5204919
0.8032509
0.5984095
0.004011813
0.12660626
0.31667456
0.07776514
0.03700221
0.20061865
0.20287296
0.18944988
0.09921312
0.31371766
0.16994348
0.13654256
0.118098766
0.16831133
0.1658797
0.117085755
2.7880483
4.5470257
2.5394177
2.5776715
1.5610086
0.22002241
0.6800309
0.81333715
0.13567609
0.15235314
0.15503922
0.03970066
0.31292292
0
0.7266674
0.21463904
0.09248072
0.18625158
0.12388405
0.15615663
0.096526444
0.18342116
0.18869808
0.12386346
2.6798222
4.1802998
1.445713
1.2157061
0.9501202
0.4565846
0.27932155
0.62368536
0.15406325
0.024441246
0.12966025
0.10957417
0.2736297
0.14314172
0.21891132
0.1981203
0.14608794
0.22974321
0.0993965
0.096499056
0.03248206
0.116963476
0.12212968
0.10240233
2.1838126
3.2188063
0.62320626
2.1980486
0.62671965
0.84260446
0.8445657
0.63708806
0.11837205
0.09041408
0.08241433
1.3217268
0.93596894
0.07889119
0.1300511
0.09262234
0.1200394
0.100599915
0.10440186
0.100614876
0.1894471
0.23727465
0.16583186
0
2.429261
3.4172692
2.4162452
0.71083635
0.6882891
0.44735935
0.5227296
0.27903554
0.308535
0.078496695
0.069485426
0.14748853
0.16441834
0.20303953
0.19167906
0.11916521
0.07058486
0.05327091
0.15307474
0.1338242
0.23493665
0
0.03371427
0.07301468
2.2659986
2.4862876
0.38635993
0.378012
0.49924442
0.8241713
0.86362207
0.07560006
0.28307185
0.047040436
0.27754262
0.16171196
0
0.016529266
0.045208637
0.08950156
0.11958486
0
0.07044229
0.007968251
0.08450273
0.06634349
0.09956205
0.120423645
1.8024884
1.8255326
0.43481585
0.27958593
0.21292877
0.5283137
0.6996313
0.59651476
0.46268034
0.1911745
0.08763331
0.13371238
0.17086276
0.08790663
0.2713342
0.19902009
0.17756048
0.1898078
0.112220496
0.117388934
0.18001252
0.1460047
0.16594616
0.125195
2.2858863
3.5955276
1.4147247
0.38225412
1.0413636
1.1786814
0.13123795
0.28642085
0.15834513
0.06268707
0.12102318
0.02394614
0.5068993
0.40568113
0.61724514
0.14277667
0.017207894
0.22212487
0.12588105
0.109015435
0.09605265
0.11089137
0.13082811
0.072530955
2.811943
3.8817222
2.6646743
1.0618851
0.5910475
0.83980554
0.47572115
0
0.38806129
0.21653548
0.026879046
0.11037043
0.1160889
0.10291651
0.2232897
1.0102901
0.46157748
0.012639258
0.39679855
0.12871799
0.11060238
0.14884701
0.3152747
0.2921561
2.4562216
3.5249212
2.246063
2.1228018
0.9192535
1.6681095
0.61529905
1.2608727
0.51698166
0.23225501
0.097648084
0.08236569
0.6125412
0.31356308
0.1064648
0.17067233
0.18509862
0.17547181
0.07575545
0.14239591
0.16956556
0.1381487
0.14247742
0.08508319
2.6742783
3.9118571
2.7479389
2.438871
1.2826121
0.6367626
0.3862441
0.8322757
0.0717957
0.10462129
0.11165121
1.008932
1.1733935
0.067242414
0.06226859
0.13195947
0.2016699
0.14631376
0.11855948
0
0.13035226
0.14257368
0.16291356
0.14931074
2.5435178
3.727076
2.7772307
2.790124
1.683114
0.31816408
0.42245176
1.00936
0.51581395
0
0.28912613
0.13662305
0.1400356
0.20967394
0.11992997
0.04867399
0.1766985
0.14120239
0.15068471
0.18280375
0.17341354
0.30390924
0.16999254
0.055598054
2.4049067
3.9221187
2.6519837
1.5934314
0.7309507
0.23565695
0.930988
1.3155906
0.405217
0
0.21853653
0.2690853
0.18058458
0.07439482
0.3373105
0.15209424
0.09528765
0
0.19185546
0.038763706
0.15255812
0.19205749
0.147219
0.15109724
2.4606464
3.2333689
1.7866321
0.34147802
1.0045124
0.42742524
0.18501297
0.9139357
0.34836355
0.053443793
0.14441186
0.15748787
0.12833416
0.22711435
0.39460692
0.09467721
0.32318863
0.28965688
0.23736626
0.17105812
0.15985739
0.25833657
0.16706225
0.07538465
2.7050207
4.538749
2.360796
0.3428491
0.40695295
0.76066506
0.13958731
0.14507937
0.097008795
0.05285788
0.06888315
0.13320819
0.14612132
0.15388003
0.24037114
0.14484957
0.09953317
0.1725634
0.13146994
0.06865731
0.1126461
0.10410398
0.11205065
0.032300387
2.4973989
4.700138
1.0050327
0.13776541
0.27710676
0.46350402
0.6052395
0.5510917
0.4266992
0.18237174
0.10161471
0.15244716
0.12148872
0.23237965
0.3003192
0.23815575
0.080572575
0.18312424
0.1126253
0.103365004
0.09369889
0.15944028
0.13015157
0.12271872
1.9894489
2.1577036
0.47078884
0.7480324
0.55442053
0.21268559
0.22518954
0.55642384
0.2938284
0.03835902
0.11394316
0.08109301
0.23454988
0.16673428
0.194217
0.18463883
0.12149751
0.12568504
0
0.09189215
0.07253483
0.17932838
0.11954668
0.020384613
1.7956233
0.4737259
0.20990485
0.09366879
0.1280089
0.25698265
0.3105448
0.2872744
0.24547714
0.21224326
0.19674006
0.14197588
0.07512158
0.050808314
0.03467876
0.027300242
0.07536203
0.072886795
0.019660894
0.23089129
0.033247653
0.027906153
0.011311028
0
0.6271162
0
0.03111783
0.07659358
0.2230446
0.21929505
0.22780743
0.16614056
0.18812147
0.16147277
0.15369797
0.060719226
0.036782417
0.018708978
0
0.0069019827
0.033678923
0.050322
0.028623674
0.22926626
0.026809398
0.05097321
0.06941497
0.21685565
0.7971215
0.038942847
0.10745627
0.10567406
0.11565012
0.1669414
0.1735183
0.19180936
0
0.080459595
0.016011033
0
0
0
0.020697806
0.047328
0.02497739
0.012870822
0.02056012
0
0
0
0.030688588
0
0.0495908
0
0.14802131
0.1355375
0.12561718
0.37787023
0.5634444
0.8019457
0.9129913
0.6757426
0.11854589
0.21271998
0.024756495
0.002640221
0.06955704
0.07226342
0.07538268
0.0861471
0.020377342
0.050089184
0.091732144
0.046576146
0.06064493
0
0.123250335
0
0.13348249
0.13918322
0.14744899
0.36114785
0.4499611
0.59793633
0.83231914
0.7153943
0.13182351
0.012583081
0.027569178
0.004887018
0.008703683
0.037157807
0
0
0
0.06272036
0.12398279
0.077147365
0.05945343
0.086459726
0.33332008
0.7624318
0.64511055
0.013562474
0.4363419
0.273351
0.9655327
0.4180471
0.16848305
0.1305274
0.078550875
0.101708084
0.18764591
0.11153424
0.3414669
0.28632253
0.049781267
0.17729568
0.1338098
0.14864004
0.15086603
0.15607965
0.106494665
0.10327217
1.9651144
3.0805347
0.665772
0.42371947
0.29453632
0.51606333
0.36752146
0.3887746
0.29205877
0.08668265
0.07420668
0.12270376
0.29140165
0.256844
0.19470128
0.25211412
0.19960138
0.16567424
0.025155518
0.07544723
0.08092192
0.16351548
0.15598506
0.049491707
1.8442007
3.107302
1.1297786
0.26092204
0.31130916
0.8159852
0.46612298
0
0.48638594
0.19923589
1.3425106
0.27372044
0.25176352
0.09051609
0.19013831
0.22187382
0.04744098
0.044156466
0.07974076
0.27312878
0.19199911
0.097771466
0.20826003
0.18310198
2.1555405
2.0136893
0.44915843
1.9264904
1.5186325
1.4111468
0.64649
0.40748596
0.61214775
0.47463116
0.19519234
0.1452268
0.2406131
0.0059213373
0.010407601
0.13262543
0.17848274
0.14092094
0.18064937
0.23000488
0.13815278
0.09377435
0.15906534
0.08001131
2.2781126
3.4788535
2.5597434
3.047906
1.3809847
1.8234558
0.5338259
0.3219089
0.22666255
0.16701579
0.23535255
0.328506
0.004195157
0.32553476
0.23041785
0.1835146
0.05103189
0.18039888
0.14876762
0.07293841
0.14106694
0.10962731
0.12219393
0.10847312
2.6466012
4.3159585
2.6076133
1.0033798
0.33902067
0.6874295
0.50477993
1.1360906
0.27063134
0.14784792
0.3341275
0.4982429
0.41238883
0.11723298
0.1353612
0.2360039
0.17610487
0.21855178
0.17877167
0.14276612
0.14268339
0.1597732
0.19214576
0.11862609
2.7414122
4.560034
2.6063378
0.17832315
0.17420834
0.64452595
0.59737384
0.23111618
0.1252301
0.102809906
0.09165239
0.07698676
0.1134527
0.029783104
0.2446034
0.14434215
0.13544464
0.15373018
0.109576344
0.07961658
0.12813061
0.06918427
0.13049409
0.11898956
2.4790888
1.7727818
0.3438543
0.21467
0.17627937
0.2734067
0.07009411
0.20579627
0.15923002
0.07018694
0.044759694
0.08395204
0.032474373
0.01181725
0.028268728
0.009416822
0.004538122
0
0
0.0678263
0.075199395
0.051939163
0.022339646
0
0.22714871
0.10258192
0.0027174389
0.17493075
0.11364186
0.15257207
0.16294417
0.01796526
0
0.054441247
0.123731226
0.25921464
0.2222591
0.19348586
0.14614391
0.15213582
0.043569807
0.016449157
0.018028382
0.08718729
0.08248538
0.04078332
0.052558843
0
0.49029878
0
0.051566485
0.15025058
0.15607485
0.25763845
0.25360462
0.1112397
0.069040835
0.077759326
0.18839943
0.20412594
0.10486311
0.109969765
0.05892575
0.066776365
0
0.03173438
0
0.01583815
0.10632163
0.04743043
0.07016915
0.055529628
0.32731137
0
0.21781835
0.360433
0.3020376
0.124219
0.049118135
0.034296844
0.03426871
0.043092642
0.095454216
0.08384189
0.03291196
0.03356931
0.01690415
0.02628601
0.012302432
0.016797487
0
0
0.09025201
0.011163417
0.16815618
0.1263814
0.3967211
0.18572766
0.26506323
0.20466477
0.09825146
0
0.059458468
0.061922077
0
0.056925867
0.10657051
0.034672145
0
0.05681068
0.06399706
0.050387118
0.059125695
0.003535155
0.05236617
0
0.032911096
0.051904265
0.054084394
0.037230495
0.5953626
0.46145213
0
0.26568085
0.09368181
0.08561635
0.16995555
0.21208346
0.17276159
0.10613698
0.060881946
0.09100306
0.15692005
0.08895621
0.056913648
0.093075514
0.8838156
1.5632259
0.3273787
0.41435993
0.06714055
0.06881145
0.17659023
0.19468346
1.0960315
1.4991287
2.877782
1.295361
1.6716063
0.18983519
1.1466907
0
0.18784213
0.3025781
0.12939414
0.09866449
0.04026449
0.05214769
0.14841226
0.21172631
0.20945668
0.30569035
0.1561242
0.1046927
0.116763026
0.12002158
0.13085479
0.13113004
2.693902
4.087393
2.8821623
3.005263
0.1977463
1.2748636
0.20833695
0.124686986
0.19446412
0.07194054
0.17174831
0.5736576
0.22558463
0.08062181
0.54012245
0.23657101
0.13915586
0.3185551
0.13686451
0.12728554
0.16606626
0.17332497
0.20103687
0.21988216
2.497626
3.1078503
2.9635096
1.2844102
1.2876683
0.93557596
0.3505812
0.6718527
0.17060131
0.18180391
0.22105598
0.87028044
0.3233768
0.072844476
0.4233071
0.19799468
0.16022062
0.29781562
0.14564982
0.13071796
0.16099268
0.17120948
0.16918698
0.16056809
2.4474607
3.4423838
3.3462715
1.2298946
2.7946048
0.46462986
1.4507005
1.2817087
1.0376481
0.13541302
0.04811946
0.13376147
0.33819512
0.035517488
0.02877054
0.09642851
0.15403089
0.15327615
0.12603635
0.22275662
0.11025587
0.09284562
0.16440952
0.116422325
2.5218036
3.2547755
1.9258773
1.9133273
0.4317807
0.84657085
1.4216304
0.17767775
0.60089993
0.065662146
0.16829133
0.1817629
0.09815207
0.03455541
0.054230962
0.10880247
0.18942782
0.19633606
0.15807888
0.08043975
0.10199061
0.08300915
0.15089694
0.10331231
2.2858696
2.741176
3.0217834
0.60731995
1.806688
0.8347024
1.0831205
1.7084063
0.45724505
0.13900864
0.2944346
1.013883
0.031970087
0.25010207
0.24108467
0.19582304
0.2950819
0.2976524
0.19918144
0.082508504
0.15478912
0.01635522
0.090592265
0.059923414
2.5814724
3.4977682
2.648472
0.87745905
0.882369
0.3542694
1.2185775
0.38093182
0.089568585
0.030685369
0.049459938
0.9772773
0.13754496
0.17617008
0.20806396
0.1540857
0.168993
0.17743587
0.17241377
0.13713038
0.14280486
0.20697317
0.086797595
0.046811048
2.4583337
2.8915148
2.9842925
0.11378604
0.14516246
0.6790126
0.82242376
0.43048438
0
0.20029354
0.048562024
0.06112552
0.15328646
0.1872586
0.24638924
0.11638868
0.14333656
0.17127833
0.1505082
0.06524402
0.11392978
0.11163062
0.12296185
0.08394027
2.2237456
2.931955
2.2960575
0.11653292
0.103853226
0.0077582034
0.083129466
0.3059369
0.3394038
0.1402415
0.115700215
0.11054465
0.09721142
0.10093629
0.32634616
0.11518845
0.1048421
0.13552493
0.09835112
0.071318895
0.09910071
0.059033576
0.11472735
0.07156107
2.265843
3.1401532
2.678024
0
0.6876605
0.8683909
0.44382888
0.6357438
0.18403596
0.22265708
0.07845628
0
0.12869704
0.23709449
0.36891502
0.116423786
0.10895684
0.16737974
0.074138254
0.08143973
0.12036404
0.097512186
0.16099223
0.12565479
2.4160519
3.0931098
1.5613341
0
0.75989246
0.8415902
1.2570494
0.6955415
0.47051466
0.39244366
0.20529017
0.43604696
1.2012733
0.07946071
0.2994588
0.27571633
0.2764285
0.19799897
0.18986529
0.12516168
0.23616168
0.20101848
0.21105379
0.09008348
2.3081067
4.732048
1.229977
1.4329607
0.9195085
0.8214129
1.139578
0.31900322
0.040664736
0.21523753
0.16485783
0.034539316
0.12679437
0
0.02290726
0.086180955
0.13739693
0.13964874
0.12605146
0.13899091
0.098826975
0.14824131
0.10310125
0.016087238
2.837885
2.7009244
1.9432447
0
0.89654946
0.6241622
0.9396336
0.35188633
0.18341243
0.04371703
0.26704058
0.28694564
0.24758923
0.120990306
0.03327689
0.057144348
0.06016654
0.075916916
0.13839436
0.09944171
0.10456705
0.16407523
0.10880393
0.069968104
2.2541811
3.260423
2.8176055
0.19000039
0.29779336
1.2685493
0.41786277
0.12694484
0.010940228
0.055213008
0.49609637
0.36470225
0.5220925
0.15045178
0.17667255
0.21422562
0.3360961
0.14137098
0.12807637
0.12288785
0.11389023
0.09383738
0.15023285
0.08583686
2.6654305
3.5616207
2.5061026
0.38255256
0.08089954
0.6883921
0.6939527
0.1135028
0.28436577
0.039790098
0.073569566
0.07627788
0.1290591
0.074187756
0.24106884
0.12181494
0.076287776
0.17514524
0.1597184
0.10614765
0.10495275
0.10146123
0.13762268
0.116613984
2.3423665
2.943984
2.409824
0
0.5274372
0.72432166
0.967387
0.70394814
0.29817462
0.13943389
0.17141771
0.13979453
0.103434235
0.05833626
0.2605223
0.11159858
0.12736896
0.13907221
0.124895155
0.07607955
0.11766291
0.16772741
0.15787539
0.08752653
2.691182
3.231591
1.3189517
0.008689497
0.3212045
0.4235763
0.22433192
0.77854586
0.28599638
1.1031973
1.1566012
0.14738616
0
0.052780423
0.103521615
0.10090557
0.19841287
0.29585716
0.105217755
0.17828253
0.18042347
0.12531683
0.15761286
0.007839058
2.325142
3.3236854
0.88339645
0
0.7957737
0.66156304
0.49195567
1.8944385
0.4614546
0.11392301
0
0.014016364
0
0
0.010451499
0.10431373
0.174806
0.16801897
0.10054225
0.106747985
0.15246248
0.19342494
0.12961045
0.10571805
2.4145772
2.6457868
2.4451408
0.074985206
0.9663053
0.9876823
0.645806
0.98837876
0.641858
0.3234029
0.34653756
0.35807833
0.30338502
0.1341393
0.23809206
0.17019904
0.10988629
0.00028676138
0.12962782
0.19250107
0.12318149
0.10512659
0.2039077
0.17961308
2.5166647
3.1240716
1.5981233
1.2347333
0.67501074
1.1445224
1.888076
1.0708157
0.097764045
0.3879291
0.12840688
0.4037522
0.15895185
0.076851964
0.012551729
0.062981606
0.28730434
0.17080045
0.12634408
0.10509902
0.13348264
0.11009264
0.109078676
0.09331274
2.5229595
2.8050356
0.94246227
0.6030673
0.08195478
0.15427634
0.15106866
0
0.20070031
0.19904867
0
0.06599465
0.0859606
0.09135896
0.15509957
0.21739456
0.25606474
0.1342904
0.15067634
0.10499108
0.13891536
0.15264404
0.100361645
0.08946869
1.3446534
1.9445221
0.5622864
0.18589437
0.15895155
0.3573948
0.3335632
0.06938946
0.009330098
0.18975216
0.15389392
0.11993304
0.21920693
0.21882668
0.12618852
0.17293406
0.109819055
0.153191
0.031179134
0.044650767
0.07276812
0.12793422
0.13841632
0.06973103
2.1853142
0.8148707
0.6034833
0.39928332
0.18245855
0.18110114
0.1038467
0
0.1706618
0.17421597
0.05279446
0.05636174
0.074246794
0.15740722
0.20253429
0.23891872
0.1458036
0.13335556
0.10756606
0.13308784
0.10909352
0.091597706
0.09985629
0.091092855
1.1036702
3.156592
1.3186806
1.4542977
0.99989045
0.6418781
0.49574235
1.3193293
0
0.117426306
0.11285928
0.17203498
0.358016
0.60821503
0.18153998
0.030890618
0.097346574
0.23576885
0.10998836
0.08211726
0.08493438
0.1786986
0.12669817
0.08109373
2.623802
3.7504888
1.0025345
3.5266817
2.2454693
0.361428
0.25887096
0
0.18173966
0.10854402
1.4277047
0.094346106
0.9006308
0.11784801
0.25063825
0.045983378
0.16684094
0.19005412
0.1252392
0.15988916
0.13390404
0.1402061
0.15257207
0.10928154
2.7202556
3.0366096
1.4799062
1.9590377
2.438549
0.41395533
0.53987193
2.8336658
1.4784218
0.16734034
0.119975865
0.11677125
0.09179407
0.013310406
0.003545109
0.12041363
0.14235818
0.15688506
0.16175652
0.184591
0.08924228
0.09380737
0.10854831
0.056018267
2.5871325
3.7702131
0.39285415
0.63804775
1.0689262
3.0581286
1.4333855
0.47977227
0.4048933
0.12942627
0.31541887
0.3371307
0.60424775
0.04988948
0.10709545
0.11036119
0.021003697
0.10409367
0.09485766
0.15287676
0.12317976
0.10257405
0.11778635
0.07234222
2.53215
2.322247
0.30129585
0.27292782
0.30694008
0.26744664
0.14063963
0.10488376
0.1670475
0.2003594
0.15017933
0.59146816
0.3479694
0.01844943
0.12851012
0.29565772
0.28503022
0.17145362
0.16842467
0.13082898
0.10500169
0.11095512
0.11394411
0.10189995
1.8755733
1.4715259
1.0032171
0.38552016
0.43056536
0.21715578
0.537882
0.40644324
0.20280126
0.15119743
0.05104706
0.1294199
0.11185858
0.21231851
0.19710425
0.1429146
0.12892067
0.17708421
0.1479058
0.056071643
0.11404538
0.15107319
0.0923281
0.058852825
2.2908297
2.642288
0.02542824
0
0.2920716
0.102574855
0.26224178
0.18114448
0.023224328
0.14969674
0.12908289
0.0897648
0.13609725
0.20560244
0.12656504
0.1810121
0.058198128
0.19097224
0.056584302
0.07335144
0.04882971
0.09065023
0.10542643
0.04537571
1.7921118
1.848596
0.049288128
0.3816307
0.24842265
0.20025668
0.21109691
0.26544514
0.24099773
0.2473909
0.056666438
0.37577495
0.2201052
0.02865583
0.19708025
0.16515112
0.06821367
0.100905836
0.0808911
0.13700897
0.07664701
0.10544881
0.082396746
0.030338857
1.1731967
1.2066718
0.35780126
0.5586395
0.48271406
0.29902303
0.27454388
0.26894465
0.20302019
0.22621018
0.051937852
0.05967853
0.046966348
0.14750561
0.1404557
0.11656615
0.09661043
0.08054116
0.017522726
0.16903952
0.102583796
0.14275596
0.03820548
0.024870072
0.87400526
1.1280669
0.18195048
0.21241432
0.4900196
0.064831585
0.36137345
0.6106229
0.40094048
0.25812724
0.09088746
0
0.08975369
0.107690096
0.08078566
0.060211692
0.0745734
0.20482472
0.11903119
0.17226735
0.06909457
0.07588187
0.10949573
0.06867361
2.151899
1.9720073
0.13708329
0.2202211
0.19108552
0.19299635
0.22656038
0.16756296
0.13380611
0.07377234
0.05218062
0.24267393
0.08618641
1.3235666e-05
0.03869063
0.114981234
0.21229938
0.22935176
0.80697054
0
0.32599977
0.17744851
0.1607753
0.08763513
1.7079473
3.90769
1.1836127
0.82903135
0.78868973
0.3310508
0.26565766
0.44133997
0.10427195
0.12791148
0.14679375
0.06368786
0.004384789
0.08464414
0.27258834
0.07822326
0.13896278
0.12462017
0.17590499
0.13807055
0.09728032
0.12985358
0.09972948
0.0145825185
2.70097
3.3167865
2.4337926
1.2353275
0
0.51041234
0.56122106
0.6699645
0.17148948
0.16704696
0.118994474
0.046392504
0.17184356
0.031886462
0.14993584
0.101845056
0.1013931
0.28458416
0.10944229
0.07816821
0.09045085
0.08730236
0.07675141
0.019814316
2.7070465
4.189607
3.0651805
0.54478467
0.8705113
0.58717614
1.0535583
0.8061774
0.22728053
0.1425341
0.561312
0
0.04651398
0.19810408
0.35971883
0.13241866
0.021123294
0.18854237
0.09428546
0.062251512
0.0982742
0.11076799
0.1338295
0.044545297
2.520311
3.6411712
2.7538793
1.1713259
0.19204748
1.0783627
0.46287155
0.14513549
0.25705796
0.1764172
0.12847748
0.5695977
0
0.096066445
0.27083987
0.16433057
0.17199534
0.18921524
0.17652574
0.12284088
0.11276767
0.13726133
0.12196767
0.06928229
2.6151354
3.8725839
2.04968
0.8873408
0.56327075
0.6895908
0.9049042
0.28058517
0.24707535
0.112555146
0.031557415
0.060586397
0.07135737
0.0603731
0.11532572
0.11660975
0.13844475
0.13248926
0.16649768
0.060203407
0.06944457
0.07935667
0.12167847
0.07797235
1.9725552
2.9944324
1.4759238
0.070088655
0.8255545
1.6054472
0.66206765
0.68834203
0.107130915
0.39195958
0.32323816
0.15434039
0.044564042
0.11295858
0.050965432
0.2343711
0.22540948
0.17183045
0.1305117
0.21032268
0.13895375
0.06507048
0.07322326
0.119792074
2.3217773
3.00485
0.7067487
0.34775582
1.6009645
1.1062151
1.6571907
0.43526837
0.23535356
0.08894819
0.16166142
0.23878539
0.1324479
0.027814183
0.031144504
0.114103764
0.11277798
0.12963706
0.12585196
0.08319077
0.110296845
0.102134705
0.07068643
0.060071353
1.5242726
2.5264318
0.25055334
0.16256797
0.019671295
0.067521304
0.18444666
0.24111995
0.32796884
0.30962276
0.2333014
0.093827575
0.14469352
0.13431773
0.15200388
0.11890194
0.17036727
0.16017875
0.11099839
0.09055591
0.11979148
0.09044433
0.09357166
0.084323645
1.2295182
1.8829122
0.4065493
0.107316464
0.28236288
0.20451996
0.3352751
0.3176405
0.14328602
0.20068839
0.17925712
0.079981565
0.1328046
0.1993509
0.12443733
0.1271632
0.13403744
0.15558067
0.07993916
0.06930882
0.12513763
0.12797675
0.087228864
0.08997443
1.6206936
1.1041365
0.32585642
0.20712873
0.15086633
0.13453677
0.28773353
0.35217336
0.26614568
0.2428216
0.11745277
0.110930055
0.12683427
0.12802643
0.14131683
0.18983978
0.122060895
0.14786586
0.07367432
0.09459323
0.10695374
0.10941705
0.08373016
0.047756676
0.060797397
0.5022265
0.21791482
0.32599375
0
0.06711182
0.045615498
0.26427191
0.24787837
0.26560155
0.20736286
0.06849381
0.52895486
0.18016115
0.012872729
0.13716602
0.12951496
0.078110576
0.029882703
0.13329077
0.03798038
0.0763748
0.05695987
0.03805927
0.8012334
0.6270735
0.3235566
0.44839945
0.35414702
0.2886931
0.17736897
0.23810086
0.21908349
0.28830922
0.34320396
0.11775413
0.08172414
0.08983192
0.059060488
0.05302799
0.018989477
0.026802126
0.0098375715
0.13524953
0.038925026
0.058769587
0
0
0.43176004
1.1161536
0.14903468
0.30226552
0.1753419
0.08765608
0.037922505
0.11132112
0.016945157
0.1218355
0.0708133
0.0802691
0.052362893
0.015107397
0.01491398
0.079825014
0.07453674
0.08299285
0.03917638
0
0.13958606
0.056835327
0.035285357
0
0.57040215
1.2573365
0
0.2698742
0
0.018019143
0.101908
0.23906371
0.07381719
0.05158988
0.06543532
0.25079915
0.10257858
0.06074584
0.036563728
0.12045631
0.17849562
0.2757582
0.15152097
0.023569826
0.1196138
0.16275862
0.09520388
0.072110295
1.5124441
1.0728904
0.061958138
0.0121009685
0.015986834
0.040358845
0.31845155
0.08431995
0.14979073
0.42040083
0.04791442
0.06999117
0.11891487
0.25647897
1.1752696
0
0.27437624
0.28343377
0.15735263
0.15544719
0.13297391
0.15653259
0.153186
0.145168
0.68086535
1.1359849
0.86968714
0.79880124
0.2098431
0.1166009
0.22079352
0.37499896
0.32543167
0.2760398
0.11077723
0.12661842
0.09271169
0.081958055
0.1304
0.16562763
0.12636423
0.17893854
0.10202789
0.07400897
0.11968687
0.12692761
0.1519889
0.07989621
0.47760296
0.44486302
0.03531364
0.045932505
0.15330559
0.12412113
0.24637848
0.24062648
0.23814338
0.25865698
0.23529214
0.15798053
0.07012728
0.06842777
0.25517237
0.18838647
0.10222936
0.15217349
0.08370376
0.14949629
0.111065924
0.10672042
0.09004444
0.06531957
0.020473514
0.1313464
0.13300532
0.07803756
0.08022061
0.053853337
0.09690708
0.16316053
0.2316635
0.15136531
0.09297648
0.21181867
0.08772865
0.054423574
0.028945033
0.03110737
0.041855637
0.070923835
0.09225562
0.18594694
0.090807766
0.1532456
0.43224186
0.18653345
0.69689786
0.14323571
0.17770183
0.13107893
0.10658419
0.42657918
0.22840682
0.2450937
0.124533236
0.110933095
0.12997824
0.09198639
0.27707112
0.1693086
0.035255823
0.011364017
0.039660666
0.14320767
0.11186424
0.16853642
0.07379559
0.21047571
0.19161153
0.021771614
0.07414132
0.022724394
0.13985813
0.024674777
0.10712737
0.18500811
0.012609456
0
0
0.23948538
0.8706471
0.48915288
0
0.3371952
0.071288794
0.11669731
0.096943796
0.066854
0.07534975
0.44060948
0.110914916
0.09240401
0.32476896
0.31356707
0.06454244
1.0064065
0
1.8588957
0.51353997
1.2648865
0.43092242
0.60262334
0.68433225
0.102561116
0.1445665
0.1353164
0.10297853
0.051723454
0.02122173
0.14608511
0.21016833
0.18242735
0.16878122
0.15702605
0.15185359
0.11672312
0.06389701
0.10339394
1.1680871
1.4708995
1.3225651
0.32806888
0.18082726
0.052610222
0.34286326
0.36301157
0.19310302
0.0880343
0.46031058
1.1128953
0.039832328
0.15570709
0.25197458
0.4404294
0.32886246
0.20363984
0.20157191
0.15415695
0.12193525
0.13332015
0.10983634
0.08641291
1.7607992
0.8264659
0.5541506
0.5286881
0.46790484
1.9009695
0.31751046
0.46206883
0.13911721
0.13586009
0.0069333646
0.105225325
0.09551442
0.05509949
0.06897706
0.15669182
0.1301763
0.09202886
0.18322915
0.09332752
0.12666836
0.11902067
0.13982084
0.061058406
0.9208483
0.11841431
0.40722546
0
0.45786655
0.1681939
0.21373007
0.2099042
0.19073522
0.112559885
0.0863823
0.09524998
0.1016134
0.14401993
0.087054014
0.08929247
0.08470723
0.20527369
0.104376405
0.0851253
0.072781354
0.09101948
0.15588886
0.105982244
0.9856292
0.20258963
0.2842285
1.5151141
0.28994232
0.22600266
0.44701937
0.41424876
0.3138249
0.21642858
0.13795885
0.16621283
0.3621245
0.18923634
0.18118462
0.13753694
0.15121955
0.1296401
0.10287869
0.2063202
0.06940341
0.13110504
0.1349797
0.3748883
0.7680286
1.1146826
0.5410582
0.45849288
0.7228803
0.91468954
0.68733335
0.689999
0.6303411
0.09805405
1.0801555
0.944531
0.3569964
0.05365834
0.27513286
0.18344304
0.065098345
0.23041302
0.112341166
0.15074593
0.117010355
0.122302055
0.11895451
0.13015267
2.0208416
2.5431051
0.5418979
0.6049678
0.7194912
0.66846246
0.57124966
0.455183
0.32773975
0.30972826
0.18711224
0.17052469
0.19437054
0.085715145
0.1551528
0.1511629
0.2117607
0.17780513
0.11611849
0.15647495
0.15790927
0.14853746
0.08898237
0.0675458
1.7513809
1.5051137
0.03187469
0.61547893
0.65218353
0.07572883
0.12364492
0.17759809
0.06624749
0.08252028
0.12118101
0.088698536
0.06906775
0.040685
0.031798426
0.101704
1.2420912
0.24819428
0.29893577
0.042069737
0.21881032
0.17593792
0.121732265
0.11012769
0.84570074
0.5842163
2.464291
1.414708
0.85641056
0.57591325
1.456743
0.09117094
0.5609639
0.48851228
0.3012603
1.0475991
0
0.07821381
0.07872501
0.0582839
0.06224591
0.087631375
0.121753484
0.11965042
0.15439028
0.11112657
0.09682158
0.033761833
2.4628983
4.773564
0.10132623
0.98866373
0.5335912
0.52885497
0.55509156
0.4640523
0.8427034
0.15377083
0.055758867
0.11033976
0.15248176
0.15543228
0.18769121
0.12322992
0.1343306
0.20017886
0.16665953
0.1420092
0.14972049
0.109996945
0.12887889
0.1028662
1.8347527
1.6890806
0.2326842
0.39100286
0.07398084
0.30222932
0.1811021
0.47695532
0.31923655
0.2649156
0.18082654
0.11338967
0.14333561
0.17353866
0.19034559
0.2040182
0.1274476
0.22246695
0.12229246
0.124527544
0.1639845
0.13456833
0.12555903
0.06654197
0.116487116
0.5866223
0.5003389
0.33729762
0.22201437
0.30468833
0.311267
0.4609142
0.39693835
0.36451578
0.18603674
0.43704492
0.15107682
0.25928733
0.044532273
0.17336497
0.15387842
0.10886654
0.178624
0.20930445
0.14044973
0.14592296
0.120865464
0.07348144
1.5275466
0.96874654
0.4155385
0.5324873
0.3780724
0.16179594
0.11431649
0.29313704
0.40136477
0.12708795
0.06997371
0.15172875
0.23483795
0.20053563
0.15173006
0.10022533
0.11545122
0.12655953
0.15021795
0.15005168
0.12238443
0.12829855
0.101481885
0.07556838
1.1854525
1.0530962
0.30949283
0.51537764
0.51173216
0.32714605
0.26435414
0.2152243
0.26147988
0.33260387
0.19679052
0.23021442
0.43566054
0.2854178
0.16132888
0.17386359
0.18141952
0.20182964
0.12696978
0.11745277
0.15331256
0.13731745
0.12921703
0.065300375
1.1968752
1.8242716
0.012661669
0.40662238
0.3232751
0.3444209
0.35859373
0.33525243
0.08885294
0.10740864
0.1560353
0.11198959
0.06530431
0.06458336
0.050284836
0.1252738
0.14076883
0.127457
0.12578085
0.12592044
0.12079322
0.1374239
0.09857842
0.07575166
0.89602274
0.030446831
0.15449396
0.10539043
0.11447784
0.12372497
0.15386373
0.16280282
0.034897123
0.15010983
0
0.046074692
0.07193348
0.04867733
0.0643563
0.10448301
0.043954615
0.0942502
0.106666416
0.058394585
0.10150683
0.12156388
0.12895274
0.088452935
0.301556
0.003147546
0.19716322
0.14346156
0.14720213
0.12184104
0.15034956
0.16354877
0.09325299
0.11357412
0.14227754
0.024345133
0.06114659
0.07483798
0.09468585
0.08345607
0.05997852
0.09275931
0.10301408
0.033419464
0.084991455
0.112984985
0.076988876
0.071549386
0.6289586
0.27619618
0.2661879
0.14282182
0.12356946
0.08069
0.09459388
0.099283725
0.097498
0.037149016
0.032885883
0.058043543
0.056100372
0.06039134
0.06860548
0.04503051
0.03928036
0.05938459
0.097159415
0.025553498
0.07092941
0.08592257
0.05236194
0.07919997
0.3949762
0.024496589
0.15164572
0.07270494
0.08011925
0.10802671
0.10897267
0.08828339
0.10316509
0.08375153
0.05825076
0.054005805
0.044366214
0.026917819
0.01298723
0.054618422
0.04933015
0.06596264
0.07558951
0.044668738
0.06641278
0.07868996
0.06634572
0.027822975
0.038476948
0.031661812
0.12389946
0.038780276
0
0.17424405
0.14750808
0.085449636
0.06302762
0
0.09060848
0.07161671
0.034669403
0.03951997
0.023770336
0.061279926
0.06951982
0.051958714
0.05739263
0.059456293
0.055036847
0.06517249
0.03747696
0.019536141
0
0.04304335
0.065277755
0.04011682
0.1468336
0.07027006
0.014283333
0
0.07672742
0
0.033534024
0.044737373
0.010931645
0
0
0.07519823
0.085442364
0.06291747
0.051823054
0.045580808
0.05253092
0.1291601
0.09662533
0.033494476
0.005420688
0.0486438
0
0
0.04483894
0.112053335
0.1286444
0.1410937
0.11342907
0.028158728
0.055725787
0.013487522
0.037327264
0.049044553
0.13773128
0.16736367
0.31742552
0.18879253
0.1568448
0.1378687
0.042680327
0.12201452
0.17884713
0.093358904
0.16145909
1.1329613
1.0450873
0.598847
0.6271448
0.460333
1.1250637
0.6114484
0.42079854
0.3402781
0.008216474
0.13332117
0.18121538
0.44559538
0.14599982
0.15442437
0.15859008
0.17795148
0.15947947
0.14649683
0.1440117
0.10399398
0.14333192
0.0810014
1.0510179
2.1350393
0.44277108
0.35077393
0.3403703
0.33775386
0.27873337
0.45046887
0.3712345
0.23797262
0.18156356
0.18366349
0.23272324
0.13229987
0.14311394
0.17547333
0.14975002
0.17931172
0.18494806
0.142214
0.19625834
0.12906668
0.09809899
0.058034185
1.2336062
0.12689665
0.3403122
0.19746646
0.10589558
0.16761184
0.14107138
0.31086004
0.34441653
0.28888148
0.20131025
0.10559335
0.16361946
0.1734403
0.15917149
0.20348528
0.16133302
0.19968164
0.13058084
0.11845589
0.1487056
0.13790098
0.1156483
0.07036269
0.28030017
0.6429024
0.010751341
0.03429905
0.14184058
0.30807182
0.28290287
0.41303423
0.31996205
0.30897167
0.14896539
0.32676935
0.18670794
0.16640463
0.13119462
0.16055515
0.14475226
0.14850509
0.16128546
0.14292318
0.106369555
0.11490026
0.086131305
0.056187753
0
0.53557014
0.21146828
0.28080437
0.13173664
0.36101866
0.2826023
0.1812163
0.21876308
0.33066955
0.18748552
1.1272671
0.5271288
0.15644294
0.20394325
0.053576473
0.17076111
0.12145984
0.095094174
0.16846517
0.12922874
0.116555095
0.09698239
0
1.5250059
1.1697035
0.32846376
0.45602188
0.27007958
0.17508197
0.19379044
0.16846669
0.10682678
0.27830377
0.17580852
0.0597674
0.122566134
0.108947456
0.098504245
0.0998815
0.37012962
0.29114056
0.1924994
0.20302519
0.15426871
0.16982439
0.12093681
0.079260975
1.6118987
1.1309739
0.094221264
0.10554311
0.03981364
0.24699864
0.22251087
0.16908169
0.20290872
0.07520193
0.3271606
0.19388181
0.21505627
0.29223558
0.17852682
0.17258695
0.11234611
0.25557974
0.18190432
0.11128768
0.1493671
0.1461035
0.12472278
0.105103165
1.1766409
1.6093779
0.31722742
0.090899736
0.1302093
0.10986304
0.23202017
0.41552734
0.37499002
0.18230179
0.21124631
0.17173731
0.16592348
0.14999351
0.14891419
0.22478509
0.1699706
0.18900803
0.21501762
0.11939001
0.19097733
0.12438223
0.15684035
0.074404
1.2333406
1.0315905
0.29023355
0.30932525
0.18262497
0.22378597
0.15083164
0.6813345
0.40094623
0.15149406
0.119533
0.117950946
0.12955278
0.17789763
0.1258713
0.15230188
0.14292505
0.19119063
0.12716383
0.13794133
0.16114944
0.19652748
0.09775162
0.07587859
1.2239717
0.7717996
0.20782241
0.31878003
0.094576806
0.1918881
0.45634693
0.316249
0.34145403
0.2552452
0.1943819
0.14364505
0.16419649
0.16975698
0.15867159
0.21303007
0.14253718
0.19257334
0.12052384
0.10897347
0.14060628
0.1600242
0.11955103
0.06029812
0.85827553
0.6499549
0.33346286
0.34824213
0.3401092
0.34643447
0.3062661
0.31811288
0.3060165
0.48313946
0.44606876
0.5970969
0.30600402
0.11154294
0.24534431
0.19198617
0.04359058
0.12155065
0.12285882
0.1583657
0.13152614
0.14909297
0.09696713
0.051527087
1.1080626
0.961457
0.25955722
0.42172176
0.11827761
0.27981544
0.36512628
0.33549228
0.3884006
0.37256727
0.25471202
0.34036323
0.37423643
0.16623369
0.10013029
0.08779392
0.1355372
0.12152535
0.1284478
0.10617694
0.11879012
0.13793305
0.099757314
0.06672561
1.3429948
0.874106
0.40900934
0.261185
0.29356128
0.22484463
0.25388935
0.26456848
0.24671656
0.31078917
0.18699375
0.3316561
0.07099971
0.075104356
0.09774101
0.10951665
0.14692578
0.14967427
0.09558383
0
0.19465947
0.21329013
0.13838783
0.07834527
1.4284908
1.4321649
0.30942923
0.14601547
0.06575218
0.01979125
0.25107652
0.2255255
0.2136887
0.4315059
0.41479447
0.32149324
0.1762166
0.08552045
0.060209874
0.12239984
0.7513201
0.19374245
0.27171168
0.07560319
0.1780634
0.17211139
0.060491297
0.10080245
1.3516126
0.65874666
0.41735944
0.22651851
0.47288483
0.36143193
0.37632424
0.31102037
0.34116212
0.6510737
0.5799399
0.25416157
0.12371522
0.11937371
0.14210507
0.14236522
0.11823711
0.14286703
0.16059527
0.122107565
0.1554986
0.14179304
0.11055046
0.098679245
0.7205577
1.620981
0.42132652
0.19553608
0.30558747
0.24631616
0.32035604
0.29316887
0.12086716
0.14704189
0.16305205
0.15240985
0.1614502
0.12103662
0.11912325
0.20898998
0.11413488
0.3201236
0.0292967
0.1132164
0.17120475
0.110094965
0.08969414
0.06310716
1.0611163
0.23889166
0.2167671
0.1856964
0.20409766
0.22047433
0.2791609
0.29771644
0.24435806
0.19795707
0.19204223
0.13804072
0.27896923
1.2423582
0.088816375
0.21757245
0.12597382
0.38723332
0.10365257
0.1533426
0.14315844
0.120322675
0.10737288
0.058237318
0.8509146
1.0267434
0.5356282
0.25805143
0.026624147
0.0016859805
0.24619702
0.30653882
0.15932766
0.11142525
0.081021965
0.118037105
0.06851241
0.1901229
0.11222646
0.1492362
0.14540029
0.14579603
0.038031194
0.10465416
0.08931404
0.11960325
0.10380685
0.07400295
0.40368465
0.82191354
0
0.22504368
0.19910023
0.1338005
0.2528336
0.49310383
0.26481712
0.195149
0.18530741
0.051394228
0.027560953
0.11926395
0.12122333
0.08147544
0.072583824
0.08232921
0.09977105
0.10779756
0.07005188
0.114977896
0.106152296
0.06388444
1.5034564
1.1279898
0.34211457
0.19157562
0.38888648
0.23724759
0.28603783
0.21798325
0.1294553
0.06456867
0.09512907
0.08066243
0.11169577
0.32928503
0.24173671
0.15666237
0.114406645
0.14295486
0.12890819
0.077317715
0.12357628
0.10623714
0.1031155
0.035680506
0.652076
0.5893351
0.10919356
0.24410012
0
0.036096815
0.1280837
0.09834647
0.23511815
0.10535249
0.4106777
0.4947575
0.11239433
0.08730623
0.089579195
0.1528613
0.2123928
0.22149524
0.14579451
0.094631255
0.1160751
0.12589595
0.14721638
0.08592585
1.0080961
1.4487739
0.38912788
0.22000408
0.36990103
0.3548516
0.31323794
0.33341083
0.2372596
0.18152755
0.1302743
0.2006796
0.13764152
0.13832027
0.13621876
0.12267563
0.12332931
0.22628194
0.10646093
0.13110614
0.26645255
0.12777734
0.10573259
0.068090945
0.9940617
0.63963485
0
0.6037729
0.24440795
0.2839632
0.25791007
0.27607542
0.6339451
0.16029844
0.1057584
0.09674376
0.12865794
0.12333614
0.10675517
0.12600869
0.1289534
0.15735081
0.12342003
0.090331495
0.15020683
0.11165151
0.08096671
0.046577815
1.1581777
0.63718265
0.1467435
0.08530268
0.08339265
0.23302409
0.22875783
0.30311158
0.17254871
0.1689884
0.16491833
0.13498574
0.12591141
0.8577623
0.0916481
0.16364476
0.17570615
0.13992438
0.20339847
0.08677599
0.11853841
0.099309474
0.08748451
0.048908178
1.2951509
0.78178716
0.38210464
0.46993202
0.039116476
0
0.25955924
0.3323419
0.19450346
0.046285782
0.48111048
0.87525403
0.16455457
0.11400461
0.14045113
0.121302664
0.1567696
0.11172935
0.15167627
0.09114644
0.10157552
0.12928596
0.09204739
0.06691262
0.9204084
0.8716221
0.30058363
0.304376
0.33272004
0.15999997
0.21790037
0.21872047
0.10044488
0.15091452
0.33874097
0.27271283
0.32301036
0.083622545
0.18398389
0.4062537
0.16019738
0.25778866
0.109134465
0.14812061
0.07148132
0.15585303
0.075710714
0.05486909
1.5462042
0.78021246
0.30588898
0.3766552
0.24765635
0.32814646
0.2915773
0.16222525
0.9774862
0.31434155
0.26360965
0.19012406
0.26060858
0.015930269
0.12753421
0.08273053
0.16292256
0.15166464
0.12761119
0.07315913
0.120259404
0.12706554
0.119578004
0.0671995
0.87092966
1.2646697
0.2807292
0.07195857
0.17095408
0.19624409
0.6871476
0.47724292
0.1476407
0.15197834
0.29706085
0.20991051
0.17184746
0.119915664
0.12956107
0.24097946
0.5858424
0.36244062
0.19246954
0.0688681
0.074166894
0.14102688
0.10049942
0.059047762
1.1464443
0.53201133
0.33515298
0.23945877
0.22438091
0.12070763
0.24662974
0.5029442
0.31539822
0.19873479
0.16665494
0.22985029
0.12292856
0.10974735
0.12519273
0.12219423
0.12882233
0.15643424
0.2190632
0.109544426
0.1731694
0.19433013
0.12289968
0.0566735
0.84095854
0.9227296
0.25100076
0.22329819
0.13784769
0.16480315
0.27728632
0.37021986
0.2018007
0.17788401
0.11582047
0.12623525
0.13521338
0.10152972
0.095642656
0.1552673
0.12380871
0.6655472
0.43061423
0.06017423
0.04765654
0.1208992
0.1593034
0.07005486
1.3223029
1.596385
0.33202404
0.21230024
0.21304098
0.21125636
0.22123992
0.3460982
0.24505058
0.2948382
1.5995255
0.064278066
0.3301236
0.15436381
0.14227769
0.13788128
0.11980456
0.1335491
0.115793794
0.11943233
0.14798066
0.1400412
0.099776894
0.073895484
1.1575019
0.6271322
0.32287544
0.49131316
0.12278059
0.27686617
0.32599238
0.3364493
0.29819652
0.15577596
0.39064828
0.14849287
0.16601086
0.17098564
0.10415155
0.11281797
0.19547254
0.18151599
0.0781568
0.10874191
0.13430718
0.12989065
0.10652107
0.07568455
1.4511442
0.9247769
0.3119784
0.34322295
0.13647583
0.41846696
0.3757903
0.2510808
0.2028755
0.17587823
1.0620439
0.57554644
0.45802388
0.018342618
0.26138735
0.18216133
0
0.13183942
0.14077961
0.16793719
0.12111327
0.13182017
0.13177529
0.06906062
1.3678529
0.91406316
0.29077858
0.40415448
0.02253202
0.22334263
0.28070062
0.13575846
0.067637116
0.22236285
0.13857752
0.25566974
0.36132193
0.14089054
0.15002638
0.1395421
0.11779302
0.17616433
0.11855644
0.0707134
0.13482389
0.13018757
0.11971703
0.0753485
1.2736391
0.86706084
0.26012984
0.26933438
0.32190177
0.2202349
0.3035609
0.20800725
0.19252035
0.18701687
0.3850294
0.27653113
0.119953185
0.09436384
0.10391903
0.21778387
0.19766364
0.9679173
0.19236773
0.14379585
0.17061186
0.19494462
0.1793496
0.0779424
0.8923123
0.86412394
0.280844
0.23654091
0.19944078
0.29551312
0.32817432
0.365216
0.29159808
0.32241768
1.3651674
0.49122673
0.0017076766
0.090735584
0.20223576
0.17779344
0.1665453
0.1367575
0.14066583
0.13194877
0.12427971
0.14593062
0.11049971
0.080727816
1.157915
1.2948153
0.32679918
0.0939306
0.32825452
0.21548066
0.2886271
0.28336388
0.15464088
0.19720313
0.14171895
0.0840103
0.25298372
0.12913379
0.12922698
0.14907387
0.13449782
0.15032932
0.11004341
0.14064014
0.14079764
0.17697936
0.14163092
0.06486508
1.2200018
0.3211971
0.30123463
0.24638814
0.23649117
0.17188302
0.32480276
0.33826032
0.058920298
0.13604206
0.21439242
0.08953798
0.16196948
0.5536571
0.16516107
0.21313119
0.14992589
0.15292963
0.096162796
0.1373176
0.15577
0.12418169
0.09998518
0.08141473
1.2573164
0.9296984
0.27767915
0.31005493
0.03647307
0.13754538
0.29530984
0.3630256
0.16064456
0.21201736
0.627911
0.88270915
0.042041395
0.17415652
0.065562844
0.17270881
0.13614765
0.17148933
0.12294397
0.14521876
0.13510862
0.16498092
0.1258345
0.084634244
1.4014976
0.9376995
0.38076368
0.17365229
0.27258804
0.191248
0.31320283
0.2650357
0.29266512
0.16853997
0.043262903
0.18439156
0.1571806
0.17610398
0.22529554
0.14031342
0.13148797
0.1685732
0.11194435
0.13212064
0.12608802
0.16817668
0.12105268
0.09683785
1.2369053
0.4632233
0.35002616
0.1737799
0.1908778
0.2307871
0.28461027
0.39300334
0.5077249
0.29821432
0.2706677
0.30926803
0.06591809
0.14519867
0.19964886
0.16665545
0.1694381
0.17819941
0.18058816
0.11724615
0.18235618
0.14840606
0.12891147
0.10166249
1.460598
0.77304006
0.3077829
0.27738848
0.28205565
0.3630016
0.33049202
0.3189556
1.0721636
0.47304276
1.2335591
0.084534556
0.028964225
0.098691165
0.13679385
0.12901586
0.13287854
0.20173934
0.12858632
0.15655258
0.23486128
0.24568233
0.11847764
0.13641518
1.2147958
1.4259462
0.22652522
0.35894832
0.17153129
0.5497632
0.3334807
0.31043458
0.20638278
0.17423677
0.24045739
0.067127824
0.28412372
0.15508169
0.1486665
0.035274092
0.12801456
0.15945148
0.14297324
0.17224705
0.15096113
0.16030648
0.1508326
0.07759008
1.2184843
0.74770224
0.41547456
0.20151496
0.25394315
0.22950256
0.28677338
0.3677143
0.08037162
0.1562252
0.16842678
0.09955296
0.11467871
0.05578837
0.11998314
0.15750816
0.17626873
0.14632785
0.09448394
0.12812936
0.13770354
0.120729655
0.087676376
0.08537337
1.0144174
0.4074755
0.32512644
0.20162955
0.25169373
0.26204214
0.2958975
0.37868276
0.1801562
0.10294253
0.19396442
0.088148504
0.09619069
0.10719228
0.37416235
0.17258912
0.14157361
0.23929992
0.085011005
0.14589033
0.14128453
0.1520994
0.10722834
0.06602132
0.8731178
0.72664726
0.27986497
0.2527127
0.08940339
0.27166128
0.26741096
0.3056109
0.1895158
0.19293985
0.23503962
0.18964928
0.6432528
0.17618665
0
0.13102454
0.27729934
0.17828047
0.13408273
0.17373374
0.117415786
0.14249274
0.11411482
0.07134086
1.654802
1.1385447
0.4332439
0.27402508
0.20400149
0.13257936
0.34742436
0.2674634
0.30331925
0.10521397
0.16739997
0.021555606
0.03210065
0.28088778
0.16077209
0.113943964
0.13226372
0.13901317
0.07846326
0.13408375
0.1262447
0.17244473
0.122163415
0.09293985
1.2411549
0.44860443
0.29473254
0.022892062
0.056845877
0.23878852
0.4150147
0.33109394
0.12171677
0.12112373
0.1282728
0.42326483
0.1393862
0.16367224
0.15074083
0.13258713
0.0933446
0.23912078
0.075057596
0.12766448
0.14307743
0.1683633
0.14721465
0.10114983
1.2113613
0.72072923
0.35446388
0.2826313
0.41909805
0.31991422
0.28120345
0.29816628
0.17348748
0.19305915
0.17628276
0.09234336
0.09730548
0.09652203
0.15553623
0.29638064
0.2397972
0.2753182
0.1847851
0.096049875
0.13865772
0.15464619
0.12725386
0.07589087
0.44243234
0.65939015
0.4344673
0.77098286
0.4416276
0.32003534
0.28285998
0.32962725
0.21437147
0.381075
1.8206247
0.32628798
0
0.13647497
0.1676313
0.19588536
0.12481314
0.1477204
0.12932971
0.15625677
0.16188616
0.1464546
0.13246295
0.10166749
1.0503488
0.6057687
0.14861968
0.22572386
0.17259517
0.20041466
0.33460653
0.5653751
0.023105238
0.16816059
0.13263154
0.1185883
0.13609776
0.15347928
0.1259008
0.164143
0.20236766
0.15723014
0.102237135
0.115716815
0.14630386
0.16478345
0.109526545
0.09037742
1.0957004
0.88397384
0.25339502
0.28179485
0.15569496
0.286942
0.29766372
0.342095
0.22572008
0.2320342
0.29980686
0.12512666
0.23614118
0.10831767
0.10105649
0.16653842
0.18430868
0.1559676
0.07387847
0.12488729
0.15000528
0.14124715
0.08708215
0.07896376
1.0419451
0.6938006
0.37359467
0.3862897
0.24115315
0.26157513
0.36446574
0.35478798
0.31830934
0.32105133
1.4118314
0.27507588
0.32418042
0.1389347
0.1016635
0.17933944
0.19632411
0.13333476
0.1140818
0.11091849
0.13518292
0.16659352
0.121744186
0.08799678
1.3619491
0.69437075
0.22110593
0.332372
0.19866937
0.25155404
0.34505263
0.27592543
0.25751448
0.2016654
0.111219496
0.9926891
0.16530126
0.13676831
0.0032751595
0.1597088
0.13586757
0.12644282
0.13261169
0.16898638
0.14319107
0.16583586
0.11893183
0.09315264
1.2503705
1.0061429
0.36481234
0.034263406
0.25308704
0.27160233
0.32362843
0.31932822
0.24093536
0.20718691
0.33101475
0.29313043
0.15537113
0.08725321
0.111579895
0.15925112
0.14412266
0.12229863
0.111428946
0.1094321
0.16423416
0.17967823
0.121377915
0.08400592
1.1474013
0.58047223
0.28066775
0.13193679
0.3501023
0.1933702
0.360168
0.19448867
0.14541411
0.396572
1.1367751
0.44962034
0.08713159
0.12695539
0.18800959
0.6194711
0.30696553
0.2961804
0.14240617
0.08759335
0.11889735
0.15973997
0.08852783
0.06019402
1.4928067
0.48642224
0.56419677
0.31135532
0.30707496
0.35682446
0.3459257
0.46365932
0.16954854
0.17571399
0.13871172
0.076063186
0.32232076
0.14470261
0.13170615
0.13777426
0.16678
0.14277157
0.12678984
0.1368787
0.14143714
0.16856694
0.12462732
0.069112
1.1872461
1.2646787
0.1617665
0.18674052
0.2695002
0.26818737
0.3833836
0.36142713
0.08633751
0.2810385
0.23346499
0.07230812
0.28161868
0.101566285
0.11077881
0.14346707
0.17596903
0.13830158
0.08866027
0.11549431
0.13215816
0.13038242
0.07283205
0.058381263
0.9579597
0.45095375
0.1918503
0.20565858
0.17180568
0.16317019
0.32249585
0.3371173
0.07221317
0.14518204
0.28674743
0.1016877
0.49500716
0.26459676
0.34352598
0.1995483
0.048089508
0.26035872
0.19714525
0.14317393
0.15266004
0.23603976
0.11127904
0.056268606
1.5351285
0.65002424
0.21446183
0.2823402
0
0
0.2969851
0.32897407
0.11857933
0.36273792
0.12388265
0.10970715
0.106773734
0.09202239
0.08865142
0.11245808
0.1460278
0.1525605
0.08537924
0.14238507
0.13450798
0.13719445
0.061250363
0.016993497
1.0574673
0.92187804
0.19638091
0.06719571
0.19450346
0.3072352
0.38552207
0.20523143
0.091765225
0.13025185
1.2100078
0.99195373
0.14549094
0.07368675
0.16829997
0.1649338
0.1593188
0.10634637
0.12598288
0.13442415
0.12817037
0.14212683
0.10055518
0.08846295
1.1041025
1.1925175
0.44301748
0.2510108
0.12464854
0.27621678
0.26323724
0.16306004
0.053317282
0.117381245
0.07512173
0.24198484
0
0.090076566
0.11045593
0.14914396
0.115315974
0.13201967
0.12082526
0.112549394
0.15599051
0.16831946
0.09882009
0.047298197
1.2859412
0.4961077
0.3192711
0.30158174
0.2321144
0.3229365
0.21378204
0.20509025
0.065674156
0.3491257
0.5028934
0.094696045
0.07572919
0.13990846
0.1290445
0.51084495
0.37283352
0.21126318
0.10296026
0.12914172
0.16385552
0.15160981
0.08926758
0.07336068
1.2066143
1.6376687
0.68068963
0.13326088
0.2595
0.766905
0.35805812
0.3006303
0.048985157
0.044231776
0.39305785
0.12353477
0.58433414
0.060836796
0.14417079
0.01779646
0.17588341
0.12328452
0.11846301
0.13675791
0.129484
0.13753572
0.10905215
0.06850988
0.80128
0.9795155
0.09527469
0
0.12873113
0.15343681
0.2939935
0.35937807
0.028969113
0.19492477
0.13430333
0.16324502
0.12405941
0.08384329
0.07308796
0.1601232
0.16684115
0.091667
0.05361486
0.093063086
0.11557379
0.11838305
0.07007551
0.0701147
1.3483533
1.2023058
0.22948843
0.29338714
0.23005104
0.2256976
0.30629736
0.30767512
0.022919241
0.060185794
0.04961661
0.23268476
0.27629137
0.10559714
0.07138142
0.1514847
0.17382395
0.105510265
0.06509927
0.12489581
0.1310817
0.118092
0.07864931
0.059668366
1.1894878
0.8624016
0.25898713
0.24820381
0.17567569
0.26802602
0.24405381
0.21139166
0
0.12381637
0.12501213
0.30040646
0.30695537
0.26399186
0.033421133
0.14244643
0.26539558
0.1909636
0.08845809
0.09840289
0.11142436
0.12399587
0.091257095
0.07104358
1.347635
0.9816088
0.18812343
0.24131879
0.10498148
0.11663884
0.2743252
0.29849023
0.33909315
0.11112794
0.20270306
0.15154141
0.08555731
0.14553094
0.13995513
0.096634
0.13319704
0.124265105
0.10839802
0.10881311
0.1286628
0.115974545
0.15143552
0.09051803
1.2334589
1.0267689
0.28606218
0.29481652
0.32728863
0.22538206
0.29122394
0.2595295
0.22410676
0.21392071
0.11371341
0.21011218
0.2451582
0.10511634
0.1411264
0.13221416
0.08114883
0.08913672
0.09579918
0.10529867
0.14630249
0.14419091
0.10619354
0.07996264
1.3849751
1.0766981
0.24415675
0.25416678
0.21300891
0.022100601
0.3463559
0.16361159
0.33904183
0.33948475
1.2961794
0
0.07103869
0.079053104
0.1018638
0.1482456
0.17329451
0.21877289
0.104436696
0.09736657
0.10954842
0.1277779
0.123131394
0.07251513
1.185097
1.9758414
0.32616904
0.4408801
0.27974927
0.23188704
0.31076983
0.26351804
0.2823701
0.15832463
0
0.026835714
0.22247249
0.11715919
0.118270844
0.083453745
0.1367124
0.100309074
0.10464564
0.11857411
0.1564833
0.13473853
0.12694892
0.07574788
1.3498776
0.7569995
0.22184098
0.2863202
0.2710992
0.14765278
0.312123
0.31405762
0
0.11110431
0.057231072
0.07680762
0.09361693
0.06369114
0.09664744
0.120768845
0.1542562
0.10257137
0.07965577
0.09655836
0.12524277
0.12126565
0.08177635
0.070750505
1.2892847
0.6517453
0.2681204
0.22893175
0.17335516
0.19482014
0.29869992
0.28127137
0.0010494625
0.104370594
0.12551832
0.080429554
0.33951426
0.117147565
0.06509119
0.17577055
0.17075261
0.08342007
0.07818851
0.13538292
0.13082331
0.10687944
0.09614438
0.06898159
1.0103251
0.52809244
0.38236114
0.35776925
0.15036067
0.21903762
0.2893174
0.2678649
0.29917702
0.2712583
0.21237913
0.30062377
0.48813835
0.22291794
0.105582
0.14564675
0.12179276
0.10116583
0.08740577
0.12178528
0.11391589
0.12063733
0.13511473
0.07758993
1.0515875
1.0683671
0.19494987
0.26011005
0.10419282
0.20735973
0.2127277
0
0.040470455
0.13692644
0.15769014
0.65293354
0
0
0.25079137
0.020063672
0.19229728
0.10938427
0.11187455
0.1565145
0.13177472
0.12418759
0.116190255
0.09914747
1.2538304
0.97676027
0.2574271
0.32301924
0.18359625
0.23318186
0.18735167
0.36976552
0.21930087
0.11490315
0.06302762
0.025244657
0.10742363
0.0773966
0.106331885
0.13307744
0.09144205
0.079579055
0.1280371
0.1160104
0.17866743
0.18599251
0.09524262
0.08263892
1.2749443
0.86040604
0.4158399
0.40753096
0.27085927
0.24641627
0.15736923
0.16249701
0.06638092
0.32048047
0.6183174
0
0.046917353
0.0033588444
0.072847664
0.11034739
0.28061265
0.12388891
0.07654014
0.09510964
0.12594175
0.13241053
0.10298854
0.055115197
1.2163275
1.009611
0.267543
0.29747882
0.19460014
0.26391646
0.2834163
0.23322707
0.2207419
0.100334615
0.06515998
0.06023619
0.15742397
0.101092696
0.09293395
0.11297232
0.123988
0.2184188
0.10453519
0.13013813
0.12457204
0.13280886
0.102113694
0.09240511
1.2542068
1.6153743
1.4754783
0.6174266
0.3833875
0.48999378
0.4241772
0.4076055
0.20163909
0.17596579
0.12565035
0.20815796
0.14285779
0.22163296
0.14290622
0.15047306
0.16593102
0.15239438
0.109291434
0.11314377
0.1370228
0.13702074
0.12925869
0.06647405
1.1400046
2.0301967
0.41743287
0.17927217
0.16231883
0.29586247
0.26477844
0.27894938
0.036053274
0.13008994
0.067277014
0.07165581
0.51442295
0.30682448
0.06834534
0.23739359
0.06916523
0.1181978
0.13101554
0.11357862
0.17239705
0.14876822
0.07130793
0.08548379
1.2492745
1.3255255
2.0834281
0
0.092289776
0.15434998
0.14195043
0.4273313
0.15981647
0.13260618
0.082818955
0.116051376
0.0066072973
0.043339048
0.15763742
0.17622271
0.34241775
0.1559937
0.12348765
0.12889132
0.11923027
0.14926907
0.046166454
0.08300674
2.369486
0.6914687
0.21905267
0.13957429
0.130135
0.17587438
0.15492669
0.06816417
0.046197865
0
0.049389992
0.11842731
0.066675514
0.06324574
0.019355688
0.03801224
0.0667896
0.05654225
0.057114515
0.103500396
0.071113944
0.07207075
0.045129392
0.054070804
0.017113302
0.02228481
0.0656642
0.05581871
0.078593254
0.07823643
0.00906137
0.0788489
0
0
0.08824137
0.16230953
0.05582497
0.015656743
0.059635434
0.057040934
0.06654471
0.055830035
0.049467836
0.08722377
0.11070046
0.14502811
0.1546086
0.2782155
0.1302855
0.0471969
0.010927562
0
0
0.015413765
0.024588559
0.029052053
0
0.0432691
0.049089704
0.116313994
0.09183502
0.0712755
0.046859626
0.2109361
0.1057685
0.1049166
0.10535902
0.033972148
0.16464713
0.15929103
0.03383446
0.119793296
1.1327387
0.54840696
0.4226976
0.5137716
0.12139803
0.07085404
0.09443459
0.14752313
0
0
0.32657036
0.44471303
0
0.17679039
0.050857965
0.08999106
0.06282726
0.10039225
0.09340072
0.089047015
0.13299987
0.20346478
0.06608224
0.11901158
1.104141
0.5910268
0.45580718
0.22608998
0.021815155
0.09566766
0.13737047
0.18276945
0.20223686
0.15032881
0.41827893
0.15799972
0.26858085
0.11435562
0.074920475
0.14046371
0.09277162
0.106117845
0.103327125
0.117825985
0.14901125
0.22406095
0.06978452
0.07422593
0.44820854
0.33670676
0.38250846
0.18869367
0.1494579
0.18652058
0.11800346
0.07697338
0.053202573
0.068039894
0.22461066
0.23443109
0.58179945
0.1502338
0.100366145
0.13515449
0.06279954
0.15805802
0.12058085
0.13258326
0.13285607
0.19864073
0.07776892
0.07219544
0.19959599
0.2754823
0.40539387
0.18694597
0.16100127
0.104195684
0.124908894
0.08037338
0.12403056
0.1812576
0.26130903
0.16521212
0.18395975
0.47200963
0.20096582
0.29575136
0.36099163
0.36121562
0.10684818
0.110936314
0.16035935
0.21968561
0.0656386
0.038438503
0.40946957
1.1792988
1.1673129
1.1623515
1.1247609
0.08478576
0.4039916
0.25090954
0.12780938
0.23568472
0.2723743
0.015526388
0.06620744
0.16179156
0.15725958
0.12156585
0.13236895
0.10160461
0.08354819
0.11358306
0.10425165
0.11331391
0.09592345
0.07897553
1.6842426
1.0524998
0.9058103
0.21916586
0
0.6213799
0.1970394
0.17641604
0.018816713
0.58851564
0.15636858
0.4765297
0.8666657
0.22651628
0.23036519
0.15942204
1.4330522
0.23358676
0.48569962
0.5145999
0.07905027
0.21107641
0.08707857
0.07358438
1.1905338
0.9020308
0.55571455
0.8864976
0.1703009
0.22029504
1.5803518
0.8160883
1.2948542
0.28596926
0.09731719
0.14459306
0.1619398
0.08694053
0.06876165
0.08474171
0.117213786
0.19635692
0.11974096
0.10512301
0.11360043
0.24260545
0.106263846
0.108207256
1.2810011
0.37474582
0.12080854
0.13772935
0.30133367
0.33700377
0.22393474
0.6471214
0
0
0.3212368
0.099922
0.13756785
0.14396757
0.15376371
0.15193436
0.076431364
0.15467128
0.10215971
0.1625973
0.12162256
0.13195255
0.105987936
0.13706154
0.14577326
0.28574577
0.3271667
0.6916926
0.3074534
0.035846714
0.20013669
0.43801814
0.15587157
0.8686653
0.22197154
0
0.13670331
0.16849321
0.053784404
0
0.30895823
0.19221309
0.19473892
0.16440886
0.15610415
0.1846618
0.09461388
0.07633874
1.1760259
1.3844448
1.942042
0.52530235
1.1393139
0.19577062
1.2206386
1.1895663
0.25838798
0.22122836
0.13853651
0.12821543
0.5860423
0.20129985
0.28951138
0.31645694
1.1047885
0.74513185
0
0.4643213
0.58816457
0.9373289
0.7990849
0.22469842
1.9368483
1.4293048
2.0257792
0.96609867
0.57833576
0.28807184
0.16059834
0.2347573
1.0097123
0.58487755
0.75955087
0.14543584
0.17977646
0.16857547
0.2788414
0.173168
0.16311604
0.25475854
0.30611706
0.79875505
0.7239349
1.4436238
0.40462837
0.19402593
1.4773369
0.69952023
0.38764498
0.20655721
0.18929762
0.26484177
0.36500776
0.3846486
0.25878763
0.387719
0.8782732
1.6211668
0.08591181
0.53642476
0.1067304
0.17404875
0.17304927
0.15341762
0.3891992
0.20118329
0.22734815
0.95370126
0.14049381
0.114758104
1.4758819
0.7571462
0.18485346
0.05182037
0.088576585
0.13863632
0.28964117
0.16834825
0.21062708
0.2820834
0.09405297
0.30202517
0.36997053
0.2731141
0.12594292
0.1529249
0.14312348
0.13804525
0.19135395
0.17740801
0.30527923
0.37116188
0.14879954
0.10769969
0.5929378
0.82859224
0.29123586
0
0.21637994
0.30550468
0.48884332
0.85015637
0.15120032
0.62743837
0.95410633
0
0.14567497
0.12599868
0.1389448
0.106380165
0.16633782
0.13341123
0.15429235
0.11543682
0.1456224
0.28549394
0.15846887
0.3410308
0.86830336
0.4098677
0.2461136
0.31059098
0.07211226
0.20988405
0.20620984
0.39914283
0.55398345
0.17236993
1.4205298
0
0.39263603
0.2493929
0.27073392
0.08238694
0.23278466
0.5260008
0.07376012
0.26501423
0.36917245
0.54672545
0.36768666
0.12028843
0.66161954
0.4323931
0.10371983
0.17618978
0.70411915
0.22976646
0.24026194
0.26146144
0.62697804
0.1804348
0.019085739
0.22633573
0.23425621
0.12788099
0.18213573
0.2137788
0.20775169
0.12945369
0.18677759
0.1624851
0.1604453
0.18377125
0.13419273
0.11561042
0.47597545
0.527953
0.29765376
0.21662483
0.772359
0.23440605
0.34496206
0.21108645
0.23951781
0.24107689
0.22730622
0.099604785
0.2078363
0.2084263
0.39472353
0.23825872
0.23230723
0.19085824
0.19845009
0.23205522
0.22405732
0.21519843
0.12860581
0.12944192
1.2515769
0.6783561
0.51051515
0.5488144
0.3421262
0.3838122
0.52668977
0.45691642
0.4167249
0.26548296
1.1327173
0.050764833
0.24943957
0.1476846
0.15890512
0.20185566
0.18718606
0.7202161
0.1995433
0.20306876
0.18153563
0.19484115
0.11491451
0.09487307
0.9067747
0.5904155
0.2977719
0.1994282
0.9001554
0.55491304
0.20519617
0.21708316
0.3281856
0.40797135
0.14187193
0.29496586
0.20895314
0.2217162
0.16786382
0.21934101
0.20999607
0.157446
0.16033173
0.13506398
0.22742245
0.21137494
0.10879499
0.116879284
0.49856347
0.66574687
0.34298941
0.4243478
0.5772179
0.5302358
0
0.22088897
1.3416787
0.84063566
0.36985588
0.35328212
0.2559876
0.16798508
0.17940131
0.17862096
0.38014627
0.33982798
0.48524505
0.48698053
0.27521497
0.24894598
0.50972325
0.13906595
0.9878151
0.83737236
0.32915896
0.72215
0.2838761
0.3500077
0.29256696
0.18351662
0.3397704
0.3231264
0.30540028
1.0315864
0.6095954
0.8854472
0.2078625
0.4866511
0.24403155
0.22585115
0.18288207
0.16899294
0.5264347
1.3492495
0.19926816
0.34108403
1.9459553
0.4692642
0.2542137
0.51523876
0.08268851
0.16692826
0.33898285
0.4273406
0.19443664
0.86586934
0.19751853
0.1846256
0.16820624
0.15383983
0.2083731
0.19935897
0.20959315
0.14873782
0.24338979
0.24006855
0.19405842
0.18704638
0.14482972
0.109600276
0.45843267
0.51884586
0.3003197
0.33567283
0.33337855
0.42142874
0.32490543
0.5644043
0.30566767
0.21529156
0.153992
1.5930539
0.041210387
0.074213445
0.27884257
0.29004264
0.16652438
0.16623116
0.19725293
0.1862736
0.16442895
0.17572084
0.18135002
0.14722788
1.4669912
0.6337037
0.43635443
0.018513177
0.38585863
0.41640475
0.6173673
0.44662562
0.48582357
0.44410703
0.25600752
0.12369451
0.2781822
0.36271894
0.58975714
0.3722867
0.25672144
0.31313455
0.20501688
0.17817849
0.27541345
0.27579218
0.114706635
0.74025756
1.298578
0.634833
1.0905808
0.5106031
0.46333802
0.20083824
0.5157489
0.5001905
0.7792001
0.4711655
0.2625243
0.1694653
1.0887841
0.23441282
0.23814186
0.20010856
0.19874921
0.80619776
0.18264127
0.5167951
0.49846908
0.8081578
2.2590342
0
1.1546024
0.5453411
0.18831864
0.11686343
0.652377
0.60296494
0.4547163
0.32582048
0.31051666
0.30965948
0.2598202
0.256144
0.26134306
0.19906801
0.5059824
0.12223351
0.28446355
0.2975234
0.39313057
0.25739053
0.33203024
0.49282908
0.26247486
0.16379815
0.4267059
0.3522015
0.38440955
0.28609687
0.40223485
0.48647684
0.55145985
0.46577495
0.7022795
0.331236
0.22101459
1.1950209
0.47984293
0.453124
0.31942427
0
0.5093854
0.97768736
0.055154536
0.7101865
0.8641765
1.0975583
0.3373427
0.63699293
0.6612636
0.86123043
0.7190874
1.0131958
0.9653365
1.0225266
0
0.7511543
0.5804478
0.47169656
0.16110662
0.16825816
0.3683479
0.17764547
0.18881965
0.38186434
0.23440984
0.1549693
0.21799457
0.3678288
0.5495141
0.954275
0.74389744
0.59591234
1.4912049
0.5314374
0.5093851
0.29039207
0.35208642
0.37022123
0.2853682
0.7014971
0.5046489
0.40558064
0.31484777
0.063931406
1.6104071
0
0.13841087
0.17297027
0.1805163
0.1666103
0.17963746
0.20963824
0.20947596
0.22377238
0.14975801
0.12336594
0.4110738
0.45858887
0.31423596
0.19839963
0.33610368
0.32594118
0.46201873
0.56156325
0.30158392
0.26772985
0.15986481
0.26488963
0.27137083
0.17175457
0.13434994
0.22501686
0.22629496
0.16823548
0.1735551
0.1663959
0.1779984
0.1597479
0.13330966
0.11837512
0.45598492
0.22379526
0.06275767
0.14058271
0.11822426
0.35528094
0.4324879
0.23602164
0.56203324
0.7693727
0.3840189
0.2294516
0.22855112
0.1754655
0.13023448
0.2223022
0.19351438
0.19503069
0.16574818
0.14335763
0.16417158
0.24962431
0.14866292
0.084997475
0.06333974
0.28126818
0.30560035
0.27379903
0.3014106
1.1706566
0.7154016
0.66787034
1.0307878
1.131171
1.0245962
0.52609086
0.25128075
0.2940687
0.17755926
0.16187504
0.22310254
0.1944167
0.17703542
0.17180073
0.16602737
0.19496301
0.2416245
0.15006614
0.46625552
0.3535446
0.41765857
0.42350826
0.4932109
0.43707472
0.46329972
0.48916802
0.1588369
0.31580675
1.4819527
0
0.4218774
0.22147751
0.25546792
0.18744567
0.16389376
0.18674764
0.20351502
0.2006599
0.18511817
0.20585582
0.17344081
0.14500251
0.75375015
0.27630517
0.3148826
0.109214574
0.40467024
0.34094867
0.68622845
0.67416096
0.43909264
0.30811602
0.15479437
0.3314086
0.5307477
0.28233314
0.36353236
0.41371554
0.26828822
0.43416682
0.42742452
0.3933796
0.6209681
0.48085362
0.1936619
0.17067605
0.6179443
0.41214898
0.29496643
0.6622366
0.5195251
0.5852003
1.072026
0.31469145
0.79904974
0.45953643
0.69566786
0.26877367
0.14686006
0.14239955
0.562779
0.1430608
0.15663227
0.1737152
0.20143929
0.18201643
0.23191455
0.21748376
0.19751778
0.13351274
0.24288121
0.09948912
0.24417537
0.30197936
1.3710243
0.13620675
0.46171045
0.63668007
0.21840593
0.26175347
0.13100317
0.20157802
0.26120493
0.12155691
0.15170681
0.17512646
0.20642096
0.43169352
0.23223239
0.2071211
0.19613212
0.21816981
0.28902957
0.15114108
0.2747664
0.8791654
0.29301336
0.18546984
0.31596002
0.9008413
0.78328484
0.5203328
0.56012684
0.8461162
0.17690623
0.9085865
0.31473008
0.13976079
0.17316511
0.17781836
0.21506596
0.1646302
0.19022956
0.1728135
0.15411994
0.17973685
0.13913617
0.117474586
0.20413294
0.23966795
0.17016363
0.15687388
0.47633806
0.7306216
0.6909899
0.4338943
0.3420022
0.21495107
0.19009659
0.13595954
0.33674246
0.2663725
0.20180789
0.2274229
0.24092516
0.19124648
0.20019734
0.19167784
0.24492678
0.29238346
0.17894769
0.19707617
0.5007568
0.5422655
0.4921271
0.93820214
0.5129604
0.45893413
0.5633986
0.58079344
1.0202912
0.8716927
1.4453653
0.4622503
0.24335292
0.45895886
0.22618407
0.23106927
0.23779646
0.5843376
0.30880374
0.35182723
0.33855397
0.4645938
0.21980298
0.29146767
0.5651118
0.50495124
0.5892835
0.5610642
0.6415578
0.5844234
0.62617886
0.6661474
0.5978044
0.24415502
0.26575553
0.22738647
0.08260971
0.17053908
0.21357033
0.40730485
0.22849536
0.2853166
0.2538628
0.33034658
0.35862273
0.44936165
0.2700354
0.20884624
0.7732973
0.24691328
0.36181712
0.42501834
0.7946479
0.5015762
0.9794704
0.66850483
1.2796582
1.0570115
1.2911072
0.47370002
0.3887701
0.38448253
0.23477998
0.20678625
0.6728696
0.44357187
0.23131856
0.2103903
0.27715227
0.23700082
0.2036379
0.15971154
0.28056723
0.5577371
0.29538813
0.35198316
0.63661736
1.4873894
1.3928355
0.74756354
0.91495126
1.4831281
0.9721901
1.0625321
1.8125424
0.62947124
0.1539784
0.13966045
0.36628824
0.24646834
0.19599012
0.18258825
0.19936958
0.1952318
0.1538876
0.122903824
0.21066156
0.2792572
0.25999853
0.4674183
0.38681498
0.5828555
0.700693
0.67454576
0.63894296
0.6272659
0.26991388
0.19388771
0.1719665
0.83714855
0.27471125
0.4235273
0.26591185
0.20182723
0.52701753
0.1881848
0.3008125
0.40423545
0.15281665
0.2014294
0.41198006
1.6427209
2.659396
1.714404
1.8439728
3.0180638
2.315459
1.3595192
1.160546
1.6680157
1.5712969
0.2947034
0.21715549
0.4245237
0.008696679
0.12456435
0.24133006
0.18078974
0.14186326
0.18968862
0.20548555
0.1912922
0.16205323
0.15815312
1.7302164
3.4030044
2.2053437
1.3850578
1.4843149
1.4629047
0.12741134
0.5281301
0.23776147
0.215215
0.14006105
0.11929417
0.17399192
0.50356585
1.7693807
0.24054638
0.2865768
0.09907934
0.28012007
0.26109353
0.26258624
0.33073178
0.17469257
0.13414642
0.7931664
2.997662
1.5484991
0.40678596
1.6529374
0.84286803
0.6092345
0.25695497
0.103134245
0.11800009
0.22029948
0.18134645
0.12263861
0.1391404
0.46921644
0.10141012
0.26228264
0.27625376
0.28006214
0.26168886
0.36041406
0.29136676
0.24498299
0.4141868
1.6620611
1.3093455
1.5182436
2.9851573
2.7610955
1.72987
0.30517495
1.2584496
0.5519929
0.39415526
0.26020923
0.18483898
0.21626523
0.18184057
0.27529493
0.18126118
0.27279678
0.2540793
0.21331623
0.18151593
0.20556355
0.21132913
0.19895002
0.18262935
1.1108425
0.31687728
1.8610212
1.7022786
2.4822626
2.2550666
0.02369124
0.34229153
0.07957193
0.058633838
0
0.08650488
0.13796097
0.13181973
0.19174263
0.19465902
0.18504095
0.19703272
0.1805965
0.26627684
0.21840224
0.25119147
0.2135627
0.30386677
1.3773068
1.4546686
2.0725265
1.9284211
2.3037648
1.1931952
1.1566576
0.51488554
0.20682323
0.24604934
0.22454348
0.096203804
0.33524874
0.21116665
0.17298225
0.17756456
0.18215588
0.20020324
0.20171899
0.1782277
0.20852992
0.2254363
0.17634785
0.100537
1.0723561
2.4973428
2.4314668
2.5246696
1.4199787
1.0298157
1.1184312
0.98613954
0.5413339
0.25230265
0.1595889
0.4073591
1.7253368
0.6439404
0.29522455
0.13647458
0.18705606
0.22370273
0.15922385
0.21163741
0.20975849
0.21651402
0.23644319
0.1787048
2.7085307
1.618107
1.8126527
0.6673495
0.33997324
0.17663255
0.48913863
0.43363804
0.2236099
0.15438291
0.1930396
0.20284453
0.15930158
0.14044195
0.18495256
0.95537806
0.19006866
0.17315668
0.20591173
0.22366449
0.26937392
0.2587329
0.18441772
0.16485915
0.79252106
0.413916
0.51928157
0.5999101
0.2878785
0.5999387
0
1.3923169
0.43509242
0.53742206
0.25738633
0.19528887
0.13394222
0.11967951
0.9749679
0.058330957
0.25078592
0.3253847
0.404835
0.2033816
0.17651498
0.20937708
0.40847757
0.19813535
0.8107201
0.5582322
0.45581415
0.30968514
0.9063081
1.5629126
1.4069649
1.4535534
0.36257258
0.63579917
0.29983774
0.31775257
0.109806985
0.16090688
0.1477659
0.15443826
0.18228194
0.16424957
0.17206943
0.1544981
0.1962637
0.23146915
0.15705636
0.20182425
0.4464671
3.1448085
2.8653476
3.2403753
3.7145305
2.4093127
0
0.7580985
0.045976494
0.041525636
0.17690012
1.6214415
1.3984395
0.37651166
0.13792178
0.17299396
0.14268056
0.22660112
0.20983309
0.14515463
0.17057842
0.18815348
0.18843788
0.12218252
1.3664626
1.2058104
0.7553565
1.0179673
3.0666623
1.3826702
0.6343152
0.7435735
0.37450284
0.1703654
0.09918246
0.15452746
0.19360533
0.15177971
0.20273766
0.18150386
0.123707384
0.14537922
0.17001697
0.19059578
0.18042469
0.23708612
0.16582307
0.17390132
0.8284685
0.6005285
2.1886697
3.025221
1.2732664
0.9047985
0.3179893
0.15165672
0.10441843
0.10658693
0.063739985
0.37894315
0.31748754
0.16312847
0.14114225
0.3926713
0.16367978
0.08842173
0.16666347
0.18974766
0.20825982
0.19430548
0.18376267
0.05909044
0.92001927
0.8755211
1.5586351
0.26508555
0.64658195
0.48500615
0.9195898
0.32545114
0.4134903
0.064790785
0.18016201
0.21594808
0.10301915
0.22777995
0.40699956
0.14851165
0.19955528
0.17612478
0.16774014
0.172647
0.16808993
0.16988263
0.15665394
0.14738506
1.1573519
0.25233907
0.37512308
0.3133949
0.35821944
0.63761353
0.20663288
1.5422965
0.41900992
0.76423204
0.28366104
0.22706947
1.2139708
0.13691896
0.2809184
0.1875253
0.2664969
0.21209231
0.23073184
0.20340282
0.19815549
0.16214323
0.11574
0.1841855
0.4821767
1.0355682
1.7551577
1.6148177
0.94565666
1.4844792
0.2901112
0.5639731
0.42613348
0.29393294
0.20617247
0.16996166
0.22823939
0.338173
0.22970897
0.14007413
0.2568217
0.29598373
0.2249009
0.24585485
0.23500872
0.21893066
0.20381069
0.12334785
1.0754895
1.2137362
2.668132
1.7328755
2.7578664
1.0524297
1.4298091
1.3624302
0.330464
0.39592528
0.26965433
0.17763597
0.5650967
0.73796713
0.15909967
0.053891007
0.15042603
0.36166945
0.21819487
0.2374135
0.25641316
0.19132218
0.20974672
0.12906662
0.9150557
3.864278
2.9441206
2.0944934
0.4619303
0.14561665
0.80409855
0.81206745
0.15951335
0.3258428
0.032209788
0.07220423
0.044250462
0.120915055
0.062942326
0.18768975
0.2219533
0.20210272
0
0.22817022
0.1916199
0.18433478
0.17676741
0.1620216
2.73789
3.6611042
2.3034456
1.5589274
0.38682827
1.3202484
0.51877725
1.0095278
0
0.4525784
0.16819483
0.41723883
0.4591017
0.0697875
0
0.045829896
0.25114313
0.15802437
0.28384715
0.33405033
0.3303181
0.4091613
0.21869865
0.17961207
2.7246978
4.1938806
2.52794
2.6727602
1.817478
1.7162457
2.0667298
0.927668
0.57590955
0.2710516
0.22085902
0.19984755
0.21653548
0.22651699
0.18552023
0.18407637
0.19459337
0.30330017
0.1615448
0.2078073
0.22251496
0.21544176
0.16015506
0.15760702
3.0644367
3.9218595
0.43813092
0.021776024
1.4723291
0.20568663
0.6360406
0.49010235
0.26984483
0.2755135
0.084522426
0.37211788
0.14386746
0.18429732
0.15681964
0.1615512
0.25819457
0.209589
0.1673921
0.2129431
0.18423545
0.19830453
0.1707114
0.14803505
1.3731321
1.2121443
0.6367133
1.8431152
1.8595102
0.4554794
0.16689059
0.44884363
0.21326426
0.31327066
0.24268353
0.16929108
0.18420848
0.23692349
0.3249427
0.070575416
0.20507053
0.15784442
0.2011886
0.1767368
0.21218711
0.17839086
0.16402426
0.11900431
1.3673953
2.1992717
0.6625483
0.86734277
0.22159114
0.17028686
0.23279348
0.7797883
0.21941546
0.1519644
0.13483116
0.23524377
0.16913128
0.23445731
0.18489417
0.22680905
0.8766351
0.27085164
0.37324008
0.28361523
0.26871687
0.23034331
0.21710125
0.17425334
1.3173603
2.6088736
0.5812907
0.59896773
0.95599
0.76129156
0.6323707
1.2454435
0.21436632
0.1758951
0.41906786
0.17947328
0.14738864
0.20046839
0.19415578
0.22034192
0.25589877
0.17210862
0.22839439
0.23802298
0.23890781
0.5640956
0.1599887
0.26398626
1.432934
3.6224797
2.7628086
2.8084564
2.7232547
1.572613
1.1034272
1.1786135
0.19761813
0.07306585
0.028764222
0.5152189
0.7250837
1.6805891
0.91461533
0.17621145
0.5261345
0.012557987
0.25149384
0.23423287
0.21951178
0.17973393
0.15015987
0.13025561
3.1095104
4.5830517
3.1370149
0.730074
0.8361752
1.0800798
0.54422444
0.33017406
0.37217373
0
0.13182846
0.38601652
0.2947958
0.09178805
0.16770548
0.07415956
0.13041323
0.1778683
0.19267854
0.20415017
0.19055942
0.19159809
0.15070042
0.13001883
2.3237493
2.2317336
2.3160238
1.3867766
2.88253
1.3812611
1.004865
0.7266817
0.15488517
0.14368156
0.1950784
0.76959556
0.49252975
0.18465301
0.11837861
0.24440947
0.15627804
0.32459542
0.5217733
0.07832709
0.15776008
0.24811569
0.15634233
0.11602324
1.9437133
4.4610586
3.4119892
1.5542914
2.4813313
0.4946972
0.37873513
0.35473382
0.18330681
0.13930988
0.16973153
0.42053562
1.8299865
0.039858434
0.12412608
0.16294199
0.24060386
0.15521553
0.18467054
0.16003138
0.1626705
0.15469927
0.15780428
0.14127284
2.026344
3.7626705
3.8400683
3.074342
2.5946953
2.2679822
0.5660169
1.3893838
0.3205478
0.48007858
0.48400187
0.065021396
0.1463035
0.32316443
0.22734669
0.20935592
0.148179
0.20292398
0.20340246
0.1686337
0.16029406
0.19058079
0.18537098
0.14412469
2.8077817
5.6830535
5.4866
4.3622584
3.69198
2.4316123
1.5893432
0.50887156
0.23062286
0.1539531
0.02494276
0.07408279
0.14015883
0.010372821
0
0.24310276
0.16103363
0.20139843
0.2048431
0.17644852
0.17496413
0.19732389
0.18927923
0.14307627
2.8079093
5.0005994
3.7973192
2.575139
3.6074493
3.878734
0.90727234
0.14432195
0.22394308
0.0435679
0.066628486
0.15481973
1.2944913
0.10237622
0.05893368
0.11297873
0.05925185
0.14819312
0.18198371
0.16573045
0.1509847
0.21744776
0.1998435
0.16984278
1.880462
3.374189
3.4649568
2.6173112
2.7521684
2.7762725
1.8312854
0.037093077
1.9084053
0.12814406
0.09812552
0.5055285
0.6607176
0.76880956
0.20761406
0.06367856
0.092773944
0.19637653
0.22488928
0.16521424
0.17743856
0.16349062
0.17201817
0.12988535
3.0135252
4.3347683
3.5560572
2.8756638
3.1856563
3.564685
1.6328055
0
0.5164878
0.17421874
0.055499826
0.088345826
